鄉鎮市區,交易標的,土地位置建物門牌,土地移轉總面積平方公尺,都市土地使用分區,非都市土地使用分區,非都市土地使用編定,交易年月日,交易筆棟數,移轉層次,總樓層數,建物型態,主要用途,主要建材,建築完成年月,建物移轉總面積平方公尺,建物現況格局-房,建物現況格局-廳,建物現況格局-衛,建物現況格局-隔間,有無管理組織,總價元,單價元平方公尺,車位類別,車位移轉總面積平方公尺,車位總價元,備註,編號,主建物面積,附屬建物面積,陽台面積,電梯,移轉編號
The villages and towns urban district,transaction sign,land sector position building sector house number plate,land shifting total area square meter,the use zoning or compiles and checks,the non-metropolis land use district,non-metropolis land use,transaction year month and day,transaction pen number,shifting level,total floor number,building state,main use,main building materials,construction to complete the years,building shifting total area,Building present situation pattern - room,building present situation pattern - hall,building present situation pattern - health,building present situation pattern - compartmented,Whether there is manages the organization,total price NTD,the unit price (NTD / square meter),the berth category,berth shifting total area square meter,the berth total price NTD,the note,serial number,main building area,auxiliary building area,balcony area,elevator,transaction number
通霄鎮,土地,北勢窩段1455地號,3409.22,,山坡地保育區,農牧用地,1081109,土地1建物0車位0,,,其他,,,,0.0,0,0,0,有,無,900000,264,,0.0,0,親友、員工或其他特殊關係間之交易。；,RPQNMLNKJIOFFCK48CA,0.0,0.0,0.0,,
通霄鎮,土地,平元段1148-2地號,10.06,住,,,1081001,土地1建物0車位0,,,其他,,,,0.0,0,0,0,有,無,15000,1491,,0.0,0,,RPQOMLTJIIOFFCK98CA,0.0,0.0,0.0,,
三灣鄉,土地,灣中段131-1地號,62.39,農,,,1081007,土地1建物0車位0,,,其他,,,,0.0,0,0,0,有,無,180000,2885,,0.0,0,,RPQOMLQKIIOFFFK09CA,0.0,0.0,0.0,,
頭份市,房地(土地+建物),苗栗縣頭份市仁愛里１３鄰銀河北路１５號四樓之九,4.08,商,,,1081001,土地1建物1車位0,四層,八層,套房(1房1廳1衛),住家用,鋼筋混凝土造,0860619,32.339999999999996,0,0,0,無,有,830000,25665,,0.0,0,,RPTQMLLMIIOFFFK66CA,24.0,1.2,0.0,,
頭份市,土地,湳湖段742-2地號,110.53,農,,,1081002,土地2建物0車位0,,,其他,,,,0.0,0,0,0,有,無,2000000,18095,,0.0,0,親友、員工或其他特殊關係間之交易。；,RPUNMLQKIIOFFFK76CA,0.0,0.0,0.0,,
銅鑼鄉,房地(土地+建物)+車位,苗栗縣銅鑼鄉文化街１５之２號五樓之一,41.72,住,,,1081002,土地2建物1車位1,五層,五層,華廈(10層含以下有電梯),住家用,見其他登記事項,1080506,113.04,3,2,2,有,無,5200000,46001,一樓平面,0.0,0,,RPQNMLQKIIOFFEK88CA,56.43,0.0,6.91,,
卓蘭鎮,土地,卓蘭段2624-1地號,2910.0,,山坡地保育區,農牧用地,1081003,土地1建物0車位0,,,其他,,,,0.0,0,0,0,有,無,4080000,1402,,0.0,0,以農証日維交易日,RPQNMLRKIIOFFAK58CA,0.0,0.0,0.0,,
三義鄉,土地,八股段458地號,6.29,住,,,1081001,土地1建物0車位0,,,其他,,,,0.0,0,0,0,有,無,107244,17050,,0.0,0,逾期未辦繼承標售案件,RPSNMLPKJIOFFEK56DA,0.0,0.0,0.0,,
三義鄉,土地,八股段458-1地號,3.06,住,,,1081001,土地1建物0車位0,,,其他,,,,0.0,0,0,0,有,無,52173,17050,,0.0,0,逾期未辦繼承標售案件,SPSNMLPKJIOFFEK66DA,0.0,0.0,0.0,,
三義鄉,土地,八股段459地號,8.05,住,,,1081001,土地1建物0車位0,,,其他,,,,0.0,0,0,0,有,無,137255,17050,,0.0,0,逾期未辦繼承標售案件,TPSNMLPKJIOFFEK76DA,0.0,0.0,0.0,,
南庄鄉,土地,四灣段129-30地號,484.0,,河川區,農牧用地,1081008,土地1建物0車位0,,,其他,,,,0.0,0,0,0,有,無,1000000,2066,,0.0,0,,RPOOMLRKIIOFFFK98CA,0.0,0.0,0.0,,
三灣鄉,土地,崁頂寮段173地號,833.33,,山坡地保育區,農牧用地,1081001,土地1建物0車位0,,,其他,,,,0.0,0,0,0,有,無,2500000,3000,,0.0,0,,RPTNMLLLIIOFFFK88CA,0.0,0.0,0.0,,
南庄鄉,土地,北獅里興段北獅里興小段1233地號,9665.0,,山坡地保育區,農牧用地,1081003,土地1建物0車位0,,,其他,,,,0.0,0,0,0,有,無,1500000,155,,0.0,0,土地四面無鄰馬路邊,RPRNMLPLIIOFFFK09CA,0.0,0.0,0.0,,
通霄鎮,土地,楓樹窩段602-5地號,2750.0,,山坡地保育區,農牧用地,1081002,土地3建物0車位0,,,其他,,,,0.0,0,0,0,有,無,6000000,2182,,0.0,0,含增建或未登記建物。；,RPUNMLSLIIOFFCK76CA,0.0,0.0,0.0,,
造橋鄉,房地(土地+建物),苗栗縣造橋鄉談文村５鄰育英街６號四樓之八,18.09,,山坡地保育區,丙種建築用地,1081010,土地1建物1車位0,四層,四層,套房(1房1廳1衛),住家用,鋼筋混凝土造,0920716,29.22,1,0,1,有,有,400000,13689,,0.0,0,,RPTNMLLLIIOFFDK68CA,18.29,2.25,2.0,,
竹南鎮,房地(土地+建物)+車位,苗栗縣竹南鎮正南里３鄰環市路一段１３８巷２弄５號十一樓,13.63,住,,,1081002,土地1建物1車位1,十一層,十六層,住宅大樓(11層含以上有電梯),住家用,鋼筋混凝土造,0841125,164.03,3,2,2,有,有,4250000,25910,坡道平面,0.0,0,,RPXNMLSKIIOFFDK07CA,98.77,13.3,0.0,,
竹南鎮,土地,成功段930-6地號,49.74,住,,,1081003,土地2建物0車位0,,,其他,,,,0.0,0,0,0,有,無,550000,11057,,0.0,0,親友、員工或其他特殊關係間之交易。；,RPSNMLNLIIOFFDK78CA,0.0,0.0,0.0,,
頭屋鄉,土地,孔聖段565地號,7.0,工,,,1081008,土地3建物0車位0,,,其他,,,,0.0,0,0,0,有,無,60000,8571,,0.0,0,,RPTNMLOJJIOFFBK68CA,0.0,0.0,0.0,,
苗栗市,土地,聯大段2367地號,343.0,,山坡地保育區,農牧用地,1081008,土地1建物0車位0,,,其他,,,,0.0,0,0,0,有,無,1000000,2915,,0.0,0,買方負擔增值稅親友、員工或其他特殊關係間之交易。；,RPRNMLNLIIOFFBK48CA,0.0,0.0,0.0,,
苑裡鎮,土地,大埔北段998地號,937.84,,特定農業區,農牧用地,1081008,土地1建物0車位0,,,其他,,,,0.0,0,0,0,有,無,500000,533,,0.0,0,土地無面鄰道路,RPSNMLMLIIOFFCK58CA,0.0,0.0,0.0,,
竹南鎮,房地(土地+建物),苗栗縣竹南鎮公義里１２鄰公義路１４９７巷４弄１１號,102.06,,山坡地保育區,丙種建築用地,1081005,土地3建物1車位0,全,三層,透天厝,住家用,鋼筋混凝土造,0820515,165.3,4,1,3,有,無,3500000,21174,,0.0,0,,RPQNMLMLIIOFFDK48CA,147.06,6.08,12.16,,
頭份市,房地(土地+建物),苗栗縣頭份市頭份里２１鄰武昌街３６號五樓,20.8,住,,,1081007,土地1建物1車位0,五層,八層,華廈(10層含以下有電梯),住家用,鋼筋混凝土造,0820915,113.59,3,2,1,有,有,3800000,33454,,0.0,0,,RPUNMLSLIIOFFFK07CA,81.32,0.0,7.44,,
竹南鎮,土地,新山佳段1601地號,56.08,都市：其他:公共設施保留地,,,1081007,土地1建物0車位0,,,其他,,,,0.0,0,0,0,有,無,400000,7133,,0.0,0,包含公共設施保留地之交易。；,RPRNMLPLIIOFFDK88CA,0.0,0.0,0.0,,
通霄鎮,土地,內湖東段47地號,153.55,,山坡地保育區,丙種建築用地,1081009,土地1建物0車位0,,,其他,,,,0.0,0,0,0,有,無,559272,3642,,0.0,0,,RPPNMLPLIIOFFCK58CA,0.0,0.0,0.0,,
通霄鎮,土地,內湖東段49-1地號,307.7,,山坡地保育區,丙種建築用地,1081009,土地2建物0車位0,,,其他,,,,0.0,0,0,0,有,無,1120728,3642,,0.0,0,,RPQNMLPLIIOFFCK68CA,0.0,0.0,0.0,,
造橋鄉,房地(土地+建物),苗栗縣造橋鄉大西村７鄰長壽街３９號,94.17,,鄉村區,乙種建築用地,1081006,土地1建物1車位0,全,二層,透天厝,住家用,鋼筋混凝土造,0690530,127.68,5,2,3,有,無,3100000,24279,,0.0,0,,RPUPMLOLIIOFFDK66CA,127.68,0.0,0.0,,
竹南鎮,房地(土地+建物),苗栗縣竹南鎮新南里７鄰永貞路二段３９巷１１號五樓,10.12,住,,,1081006,土地2建物1車位0,五層,五層,套房(1房1廳1衛),住家用,鋼筋混凝土造,0930512,39.47,1,1,1,有,無,1400000,35470,,0.0,0,,RPTNMLTLIIOFFDK86CA,25.78,0.0,0.0,,
後龍鎮,土地,龍東段309-21地號,19.84,住,,,1081001,土地1建物0車位0,,,其他,,,,0.0,0,0,0,有,無,372992,18800,,0.0,0,因佔用而分割移轉,RPSNMLKMIIOFFDK58CA,0.0,0.0,0.0,,
造橋鄉,土地,大西段761地號,126.13,,鄉村區,乙種建築用地,1081014,土地1建物0車位0,,,其他,,,,0.0,0,0,0,有,無,1100000,8721,,0.0,0,,RPVNMLPLIIOFFDK76DA,0.0,0.0,0.0,,
苗栗市,房地(土地+建物)+車位,苗栗縣苗栗市福麗里２７鄰國華路１０１５巷５１號三樓之六,36.71,住,,,1081005,土地1建物1車位1,三層,十一層,住宅大樓(11層含以上有電梯),住家用,鋼筋混凝土造,1071207,230.36,3,2,2,有,有,7500000,32558,坡道平面,67.69,0,,RPQNMLLLJIOFFBK28CA,98.59,0.0,9.12,,
公館鄉,房地(土地+建物),苗栗縣公館鄉中義村８鄰中義１８６之１０號,232.74,,特定農業區,甲種建築用地,1081002,土地4建物1車位0,全,四層,透天厝,住家用,鋼筋混凝土造,1071022,254.86,4,3,6,有,無,12500000,49047,,0.0,0,農地部分以每坪1.5萬元計價,RPQNMLOJJIOFFBK38CA,247.75,0.0,7.11,,
公館鄉,土地,館學段606地號,15.92,住,,,1081007,土地2建物0車位0,,,其他,,,,0.0,0,0,0,有,無,500000,31407,,0.0,0,親友、員工或其他特殊關係間之交易。；含增建或未登記建物。；,RPRNMLTLIIOFFBK09CA,0.0,0.0,0.0,,
頭屋鄉,房地(土地+建物),苗栗縣頭屋鄉雙龍街５７號,67.0,,鄉村區,乙種建築用地,1081009,土地4建物1車位0,全,二層,透天厝,住家用,加強磚造,0700309,99.34,3,2,2,有,無,1750000,17616,,0.0,0,,RPPNMLQLIIOFFBK58CA,99.34,0.0,0.0,,
通霄鎮,土地,楓樹窩段8地號,594.0,,山坡地保育區,丙種建築用地,1081015,土地1建物0車位0,,,其他,,,,0.0,0,0,0,有,無,560000,943,,0.0,0,親友、員工或其他特殊關係間之交易。；,RPTNMLLKJIOFFCK58CA,0.0,0.0,0.0,,
竹南鎮,土地,龍山段675-5地號,0.08,住,,,1081002,土地1建物0車位0,,,其他,,,,0.0,0,0,0,有,無,3025,0,,0.0,0,,RPVNMLSJJIOFFDK86CA,0.0,0.0,0.0,,
竹南鎮,土地,龍山段705-2地號,0.33,住,,,1081002,土地1建物0車位0,,,其他,,,,0.0,0,0,0,有,無,12500,0,,0.0,0,增值稅2533元正由買方負擔,RPWNMLSJJIOFFDK96CA,0.0,0.0,0.0,,
竹南鎮,土地,竹南段三小段667地號,50.62,都市：其他:道路用地,,,1081009,土地1建物0車位0,,,其他,,,,0.0,0,0,0,有,無,567000,11201,,0.0,0,包含公共設施保留地之交易。；,RPPNMLRLIIOFFDK88CA,0.0,0.0,0.0,,
竹南鎮,土地,龍鳳西段150地號,102.0,農,,,1081001,土地1建物0車位0,,,其他,,,,0.0,0,0,0,有,無,900000,8824,,0.0,0,受債權債務影響或債務抵償之交易。；,RPOOMLPLIIOFFDK78DA,0.0,0.0,0.0,,
三義鄉,土地,雙草湖段182-32地號,32.0,,,,1081002,土地1建物0車位0,,,其他,,,,0.0,0,0,0,有,無,30008,938,,0.0,0,,RPQNMLPKJIOFFEK98DA,0.0,0.0,0.0,,
南庄鄉,土地,南埔段629地號,58.5,,特定農業區,農牧用地,1081016,土地1建物0車位0,,,其他,,,,0.0,0,0,0,有,無,51100,874,,0.0,0,政府機關代為標售地籍清理之土地向政府機關承購之案件。；,RPVNMLKMIIOFFFK09CA,0.0,0.0,0.0,,
頭份市,房地(土地+建物),苗栗縣頭份市蟠桃里１５鄰信三街１１０號六樓,15.43,住,,,1081004,土地1建物1車位0,六層,六層,華廈(10層含以下有電梯),辦公用,見其他登記事項,0980825,60.42,2,1,1,有,無,3355000,55528,,0.0,0,,RPRPMLKMIIOFFFK88CA,35.19,0.0,3.86,,
西湖鄉,土地,湖東段62地號,159.37,,鄉村區,乙種建築用地,1081017,土地1建物0車位0,,,其他,,,,0.0,0,0,0,有,無,1250000,7843,,0.0,0,,RPPNMLLJJIOFFEK28CA,0.0,0.0,0.0,,
銅鑼鄉,土地,東田洋段186地號,126.41,住,,,1081007,土地2建物0車位0,,,其他,,,,0.0,0,0,0,有,無,2292000,18131,,0.0,0,,RPQNMLTLIIOFFEK66CA,0.0,0.0,0.0,,
後龍鎮,房地(土地+建物),苗栗縣後龍鎮東明里１３鄰下浮尾２７之４１號,120.57,,特定農業區,甲種建築用地,1081014,土地2建物1車位0,全,三層,透天厝,住家用,鋼筋混凝土造,0960724,153.73,4,2,3,有,無,4600000,29923,,0.0,0,,RPRNMLTLIIOFFDK66CA,136.29,15.54,1.9,,
後龍鎮,土地,外埔段1097-1地號,260.0,住,,,1081017,土地1建物0車位0,,,其他,,,,0.0,0,0,0,有,無,1967000,7565,,0.0,0,,RPSNMLTLIIOFFDK76CA,0.0,0.0,0.0,,
造橋鄉,土地,南豐湖段1354地號,3737.09,,山坡地保育區,農牧用地,1081005,土地6建物0車位0,,,其他,,,,0.0,0,0,0,有,無,3850000,1030,,0.0,0,,RPSNMLLMIIOFFDK68CA,0.0,0.0,0.0,,
造橋鄉,房地(土地+建物),苗栗縣造橋鄉談文村５鄰育英二街７號一樓之十一,20.11,,山坡地保育區,丙種建築用地,1081016,土地1建物1車位0,一層,三層,套房(1房1廳1衛),住家用,鋼筋混凝土造,0920331,28.580000000000002,1,0,1,有,有,400000,13996,,0.0,0,,RPTOMLKMIIOFFDK78CA,18.9,2.54,0.0,,
獅潭鄉,土地,銑櫃段582-10地號,484.86,,山坡地保育區,農牧用地,1081015,土地1建物0車位0,,,其他,,,,0.0,0,0,0,有,無,2200000,4537,,0.0,0,含增建或未登記建物。；,RPRNMLKMIIOFFAK18CA,0.0,0.0,0.0,,
公館鄉,房地(土地+建物),苗栗縣公館鄉館南村１４鄰館南３５８之５號,131.0,,特定農業區,甲種建築用地,1081016,土地1建物1車位0,全,三層,透天厝,住家用,鋼筋混凝土造,1080610,170.15,5,2,3,有,無,9380000,55128,,0.0,0,,RPTNMLLMIIOFFBK58CA,155.63,0.0,14.52,,
苗栗市,房地(土地+建物),苗栗縣苗栗市文山里８鄰文發路１５７巷２５號,138.38,住,,,1081001,土地3建物1車位0,全,四層,透天厝,住家用,鋼筋混凝土造,1080325,213.19,5,2,3,有,無,10330000,48454,,0.0,0,,RPRNMLLMIIOFFBK38CA,194.65,0.0,18.54,,
頭屋鄉,土地,孔聖段564地號,28.0,住,,,1081014,土地3建物0車位0,,,其他,,,,0.0,0,0,0,有,無,253800,9064,,0.0,0,,RPSNMLOJJIOFFBK58CA,0.0,0.0,0.0,,
苑裡鎮,土地,藍田段451地號,2563.56,,特定農業區,農牧用地,1081003,土地1建物0車位0,,,其他,,,,0.0,0,0,0,有,無,9880000,3854,,0.0,0,,RPQNMLKMIIOFFCK28CA,0.0,0.0,0.0,,
竹南鎮,房地(土地+建物),苗栗縣竹南鎮崎頂里１鄰天祥街二段５０５巷６號,83.88,,一般農業區,甲種建築用地,1081008,土地3建物1車位0,全,四層,透天厝,住家用,鋼筋混凝土造,0860407,190.28,4,3,4,有,無,4000000,21022,,0.0,0,,RPSNMLSJJIOFFDK56CA,180.86,0.0,9.42,,
造橋鄉,房地(土地+建物),苗栗縣造橋鄉談文村５鄰育英街３６號一樓之十二,14.58,,山坡地保育區,丙種建築用地,1081011,土地1建物1車位0,一層,三層,套房(1房1廳1衛),住家用,鋼筋混凝土造,0930623,20.950000000000003,1,1,1,有,有,325000,15513,,0.0,0,,RPSNMLOJJIOFFDK78CA,13.92,2.29,0.0,,
竹南鎮,房地(土地+建物)+車位,苗栗縣竹南鎮龍山里８鄰龍山路二段３０９號五樓,22.77,住,,,1081009,土地1建物1車位1,五層,七層,華廈(10層含以下有電梯),住家用,鋼筋混凝土造,0840826,131.44,3,2,2,有,有,3100000,23585,坡道機械,0.0,0,契稅由賣方負擔,RPPNMLRKJIOFFDK88CA,82.74,0.0,8.1,,
銅鑼鄉,土地,西崗段814地號,1041.69,,特定農業區,農牧用地,1081021,土地1建物0車位0,,,其他,,,,0.0,0,0,0,有,無,2400000,2304,,0.0,0,,RPPNMLLMIIOFFEK48CA,0.0,0.0,0.0,,
頭份市,房地(土地+建物),苗栗縣頭份市建國里５鄰力行街２９巷６號三樓,8.31,住,,,1081018,土地2建物1車位0,三層,五層,套房(1房1廳1衛),住商用,見其他登記事項,0960803,22.22,1,1,1,有,有,1100000,49505,,0.0,0,,RPRNMLLMIIOFFFK78CA,16.39,0.0,0.0,,
銅鑼鄉,土地,西崗段776地號,127.1,,山坡地保育區,農牧用地,1081016,土地4建物0車位0,,,其他,,,,0.0,0,0,0,有,無,76896,605,,0.0,0,,RPQNMLPJJIOFFEK78CA,0.0,0.0,0.0,,
三灣鄉,土地,灣銅段314-7地號,74.01,工,,,1081008,土地1建物0車位0,,,其他,,,,0.0,0,0,0,有,無,1093868,14780,,0.0,0,向政府機關承購之案件。；,RPQNMLRLJIOFFFK76DA,0.0,0.0,0.0,,
後龍鎮,土地,龍椅段345-7地號,286.01,住,,,1081021,土地2建物0車位0,,,其他,,,,0.0,0,0,0,有,無,10380000,36292,,0.0,0,,RPPOMLKMIIOFFDK38CA,0.0,0.0,0.0,,
苑裡鎮,土地,南勢林坑段921地號,6978.03,,山坡地保育區,農牧用地,1081002,土地2建物0車位0,,,其他,,,,0.0,0,0,0,有,無,2500000,358,,0.0,0,,RPPNMLOJJIOFFCK38CA,0.0,0.0,0.0,,
苗栗市,房地(土地+建物),苗栗縣苗栗市中山路４７號,37.7,都市：其他:住商,,,1081001,土地2建物1車位0,一層，地下層，見其他登記事項,,華廈(10層含以下有電梯),住商用,鋼筋混凝土造,0730730,218.89,0,1,1,有,無,5200000,23756,,0.0,0,親友、員工或其他特殊關係間之交易。；,RPPOMLOJJIOFFBK38CA,218.89,0.0,0.0,,
頭屋鄉,土地,明德段447-1地號,82.65,,,,1081015,土地4建物0車位0,,,其他,,,,0.0,0,0,0,有,無,2500000,30248,,0.0,0,本不動產交易由當事人口頭訂立契約，無訂定私契，買賣價金由當事人提供，自行交付，承辦地政士未於現場訂立契約。,RPSNMLLKJIOFFBK38CA,0.0,0.0,0.0,,
頭屋鄉,土地,仁隆段389地號,457.0,,山坡地保育區,農牧用地,1081015,土地2建物0車位0,,,其他,,,,0.0,0,0,0,有,無,3450000,7549,,0.0,0,本不動產交易由當事人口頭訂立契約，無訂定私契，買賣價金由當事人提供，自行交付，承辦地政士未於現場訂立契約。,RPTNMLLKJIOFFBK48CA,0.0,0.0,0.0,,
頭屋鄉,土地,孔聖段565地號,22.4,住,,,1081014,土地3建物0車位0,,,其他,,,,0.0,0,0,0,有,無,201600,9000,,0.0,0,,RPWNMLLJJIOFFBK68CA,0.0,0.0,0.0,,
頭屋鄉,土地,孔聖段565地號,7.0,工,,,1081015,土地3建物0車位0,,,其他,,,,0.0,0,0,0,有,無,60000,8571,,0.0,0,,RPXNMLLJJIOFFBK78CA,0.0,0.0,0.0,,
公館鄉,土地,尖山段1430地號,1142.0,,特定農業區,農牧用地,1081005,土地1建物0車位0,,,其他,,,,0.0,0,0,0,有,無,3000000,2627,,0.0,0,親友、員工或其他特殊關係間之交易。；,RPPNMLLMIIOFFBK18CA,0.0,0.0,0.0,,
公館鄉,房地(土地+建物),苗栗縣公館鄉館南村１鄰民生街１０５巷２６號,130.19,住,,,1081005,土地3建物1車位0,全,三層,透天厝,住家用,鋼筋混凝土造,0841119,172.39,5,2,3,有,無,6800000,39445,,0.0,0,含增建或未登記建物。；,RPSNMLLJJIOFFBK28CA,156.67,0.0,15.72,,
苗栗市,房地(土地+建物),苗栗縣苗栗市長安街７９巷７號,78.0,住,,,1081009,土地1建物1車位0,全,三層,透天厝,住家用,加強磚造,,174.16,4,2,3,有,無,3000000,17226,,0.0,0,,RPSNMLLLJIOFFBK48CA,174.16,0.0,0.0,,
後龍鎮,土地,龍椅段569地號,199.29,住,,,1081007,土地1建物0車位0,,,其他,,,,0.0,0,0,0,有,無,7234000,36299,,0.0,0,,RPQNMLLJJIOFFDK28CA,0.0,0.0,0.0,,
竹南鎮,房地(土地+建物),苗栗縣竹南鎮大埔里２鄰科專七路３８９巷２號,159.0,住,,,1081004,土地3建物1車位0,全,五層,透天厝,住家用,鋼筋混凝土造,1050309,328.42,4,2,6,有,無,19000000,57853,,0.0,0,,RPWNMLRJJIOFFDK86CA,292.31,2.98,33.13,,
後龍鎮,土地,新港段後壁厝小段191地號,390.5,,特定農業區,農牧用地,1081021,土地1建物0車位0,,,其他,,,,0.0,0,0,0,有,無,1226800,3142,,0.0,0,,RPSNMLQLJIOFFDK56CA,0.0,0.0,0.0,,
西湖鄉,土地,鴨母坑段843-1地號,405.0,,山坡地保育區,農牧用地,1081004,土地1建物0車位0,,,其他,,,,0.0,0,0,0,有,無,40000,99,,0.0,0,,RPQNMLLJJIOFFEK48DA,0.0,0.0,0.0,,
頭份市,房地(土地+建物)+車位,苗栗縣頭份市田寮里２４鄰華夏路８２巷１１弄１５號六樓,25.25,住,,,1081008,土地1建物1車位1,六層,六層,華廈(10層含以下有電梯),住家用,鋼筋混凝土造,0820628,117.63,3,2,2,有,有,3930000,33410,坡道機械,0.0,0,,RPRNMLOJJIOFFFK88CA,87.83,0.0,10.87,,
獅潭鄉,土地,竹木段217地號,20.19,,鄉村區,乙種建築用地,1081010,土地1建物0車位0,,,其他,,,,0.0,0,0,0,有,無,600000,29718,,0.0,0,含未辦保存登記之建物一棟,RPPNMLNKJIOFFAK28DA,0.0,0.0,0.0,,
頭份市,房地(土地+建物),苗栗縣頭份市合興里４鄰合興街２３號二樓,16.18,住,,,1081005,土地1建物1車位0,二層,七層,華廈(10層含以下有電梯),住家用,鋼筋混凝土造,0861003,99.85000000000001,2,2,2,有,有,2500000,25038,,0.0,0,親友、員工或其他特殊關係間之交易。；,RPOOMLQLJIOFFFK09CA,64.98,0.0,7.11,,
頭份市,土地,東庄段1332地號,117.66,工,,,1081018,土地1建物0車位0,,,其他,,,,0.0,0,0,0,有,無,3025100,25711,,0.0,0,,RPUNMLRLJIOFFFK17DA,0.0,0.0,0.0,,
西湖鄉,土地,四湖段244地號,219.2,,特定農業區,農牧用地,1081010,土地1建物0車位0,,,其他,,,,0.0,0,0,0,有,無,100000,456,,0.0,0,親友、員工或其他特殊關係間之交易。；,RPPNMLOJJIOFFEK58CA,0.0,0.0,0.0,,
三義鄉,房地(土地+建物),苗栗縣三義鄉西湖村上湖２５之２號,825.7,,山坡地保育區,丁種建築用地,1081020,土地2建物1車位0,一層,二層,工廠,工業用,見其他登記事項,,245.53,0,0,0,無,無,17500000,,,0.0,0,,RPRNMLTLJIOFFEK86CA,245.53,0.0,0.0,,
頭份市,房地(土地+建物),苗栗縣頭份市建國里５鄰大同路２７５號,62.8,住,,,1081011,土地2建物1車位0,全,五層,透天厝,住商用,鋼筋混凝土造,0840210,248.22,5,3,4,有,無,9000000,36258,,0.0,0,含增建或未登記建物。；,RPUOMLLJJIOFFFK98CA,195.23,52.99,0.0,,
頭份市,房地(土地+建物)+車位,苗栗縣頭份市東庄里１９鄰富強一街７號十五樓,29.34,住,,,1081003,土地1建物1車位1,十五層,十五層,住宅大樓(11層含以上有電梯),住家用,鋼筋混凝土造,1070629,171.32999999999998,3,2,2,有,有,5700000,35730,坡道平面,38.39,950000,,RPQNMLMJJIOFFFK58CA,80.77,1.38,10.67,,
頭份市,房地(土地+建物)+車位,苗栗縣頭份市後庄里２１鄰公園七街２５號三樓,16.2,商,,,1081001,土地1建物1車位1,三層,十四層,住宅大樓(11層含以上有電梯),住家用,鋼筋混凝土造,1041211,152.59,3,2,2,有,有,8080000,52952,坡道機械,9.96,0,,RPRNMLPJJIOFFFK98CA,85.69,1.93,10.56,,
頭份市,房地(土地+建物)+車位,苗栗縣頭份市興隆里５鄰花園東路１７２號,41.22,,山坡地保育區,丙種建築用地,1081004,土地1建物1車位1,一層,七層,華廈(10層含以下有電梯),住家用,鋼筋混凝土造,1051222,113.28999999999999,2,2,1,有,有,3660000,32306,坡道平面,0.0,0,,RPPNMLQJJIOFFFK88CA,59.51,0.0,0.0,,
造橋鄉,土地,南豐湖段1247地號,138.24,,山坡地保育區,丙種建築用地,1081001,土地1建物0車位0,,,其他,,,,0.0,0,0,0,有,無,1732147,12530,,0.0,0,向政府機關承購之案件。；,RPUNMLPJJIOFFDK56DA,0.0,0.0,0.0,,
大湖鄉,土地,南昌段753地號,19.16,,鄉村區,乙種建築用地,1081021,土地1建物0車位0,,,其他,,,,0.0,0,0,0,有,無,110000,5741,,0.0,0,,RPRNMLSJJIOFFAK78CA,0.0,0.0,0.0,,
苗栗市,房地(土地+建物),苗栗縣苗栗市水源里２５鄰陽明１３０號二樓之八,9.11,,鄉村區,乙種建築用地,1081023,土地1建物1車位0,二層,五層,華廈(10層含以下有電梯),住家用,鋼筋混凝土造,0851030,26.39,1,0,1,有,無,360000,13642,,0.0,0,,RPSNMLMKJIOFFBK48CA,17.0,0.0,2.43,,
苗栗市,房地(土地+建物),苗栗縣苗栗市福安里２鄰中華路４３６巷１５號四樓,18.95,住,,,1081007,土地2建物1車位0,四層,,華廈(10層含以下有電梯),住家用,鋼筋混凝土造,0820603,107.2,3,1,2,有,有,2920000,27239,,0.0,0,,RPTNMLKLJIOFFBK48CA,66.4,0.71,4.89,,
公館鄉,土地,中義段693-4地號,3402.58,,特定農業區,農牧用地,1081015,土地2建物0車位0,,,其他,,,,0.0,0,0,0,有,無,8500000,2498,,0.0,0,含增建及未登記建物。,RPXNMLPJJIOFFBK56CA,0.0,0.0,0.0,,
公館鄉,土地,北河段409-72地號,1144.75,,山坡地保育區,林業用地,1081018,土地1建物0車位0,,,其他,,,,0.0,0,0,0,有,無,170000,149,,0.0,0,農保地,RPPNMLRJJIOFFBK58CA,0.0,0.0,0.0,,
苗栗市,房地(土地+建物),苗栗縣苗栗市建功里２６鄰莊敬街４１號四樓,38.63,住,,,1081015,土地1建物1車位0,四層,四層,公寓(5樓含以下無電梯),住家用,鋼筋混凝土造,0701015,114.66,4,1,2,有,無,2860000,24943,,0.0,0,,RPQNMLQJJIOFFBK58CA,103.8,0.0,10.86,,
苗栗市,房地(土地+建物),苗栗縣苗栗市嘉盛里２８鄰復興路五段１６８巷１號,80.64,,特定農業區,甲種建築用地,1081003,土地2建物1車位0,全,三層,透天厝,住家用,鋼筋混凝土造,0941031,223.70000000000002,5,2,3,有,無,6800000,30398,,0.0,0,1.親友、員工或其他特殊關係間之交易。 2.含增建或未登記建物。,RPQNMLSJJIOFFBK78CA,177.17,8.58,16.55,,
苗栗市,房地(土地+建物),苗栗縣苗栗市建功里３２鄰自治路１６５號七樓之一,5.42,住,,,1081019,土地2建物1車位0,七層,,華廈(10層含以下有電梯),住商辦用,鋼筋混凝土造,0820310,49.28,1,1,1,有,無,1300000,26380,,0.0,0,,RPPNMLTJKIOFFBK88CA,31.47,0.0,5.98,,
卓蘭鎮,房地(土地+建物),苗栗縣卓蘭鎮苗豐里３鄰２１之１４號,208.7,,特定農業區,甲種建築用地,1081019,土地1建物1車位0,全,一層,透天厝,住家用,加強磚造,0660215,82.7,2,1,1,有,無,5080000,61427,,0.0,0,,RPQNMLPJJIOFFAK38CA,82.7,0.0,0.0,,
大湖鄉,土地,大湖段762-1322地號,1000.0,,山坡地保育區,林業用地,1081018,土地1建物0車位0,,,其他,,,,0.0,0,0,0,有,無,130000,130,,0.0,0,農保地,RPPNMLRJJIOFFAK48CA,0.0,0.0,0.0,,
竹南鎮,房地(土地+建物)+車位,苗栗縣竹南鎮新南里２０鄰新南街３５號十八樓之五,15.63,商,,,1081007,土地1建物1車位2,十八層,二十層,住宅大樓(11層含以上有電梯),其他,鋼骨鋼筋混凝土造,1060213,185.57999999999998,3,2,2,有,無,10170000,63494,坡道平面,52.97,1750000,,RPVNMLQJJIOFFDK66CA,77.97,4.48,10.88,,
苑裡鎮,土地,慈護段680地號,173.71,,鄉村區,乙種建築用地,1081015,土地1建物0車位0,,,其他,,,,0.0,0,0,0,有,無,2550000,14680,,0.0,0,,RPPNMLQJJIOFFCK58CA,0.0,0.0,0.0,,
竹南鎮,房地(土地+建物),苗栗縣竹南鎮照南里２４鄰立達街９號,119.93,工,,,1081001,土地3建物1車位0,全,三層,透天厝,商業用,鋼筋混凝土造,0980313,263.41,3,2,3,有,無,19200000,72890,,0.0,0,,RPUNMLMKJIOFFDK98DA,256.92,4.11,2.38,,
頭份市,房地(土地+建物),苗栗縣頭份市田寮里１鄰東田街４０巷１１號,90.68,住,,,1081017,土地1建物1車位0,全,三層,透天厝,辦公用,鋼筋混凝土造,0800117,173.48,4,2,2,有,無,6180000,35624,,0.0,0,,RPTNMLQJJIOFFFK66CA,161.27,12.21,0.0,,
頭份市,土地,文化段1001地號,130.79,住,,,1081001,土地1建物0車位0,,,其他,,,,0.0,0,0,0,有,無,12857000,98303,,0.0,0,,RPOOMLPJJIOFFFK78CA,0.0,0.0,0.0,,
頭份市,房地(土地+建物),苗栗縣頭份市田寮里１９鄰自強路二段５１７號,100.0,住,,,1081003,土地2建物1車位0,全,三層,透天厝,住商用,鋼筋混凝土造,0920407,223.44,3,1,3,有,無,14080000,63015,,0.0,0,,RPPOMLPJJIOFFFK88CA,194.71,28.73,0.0,,
頭份市,房地(土地+建物)+車位,苗栗縣頭份市山下里８鄰翠亨路１５６號九樓,24.86,住,,,1081001,土地1建物1車位1,九層,十四層,住宅大樓(11層含以上有電梯),住家用,鋼筋混凝土造,1080416,164.62,3,2,2,有,有,7200000,45283,坡道平面,26.6,950000,交易內含機車位1個,RPSNMLPJJIOFFFK09CA,81.55,0.0,8.97,,
頭份市,房地(土地+建物)+車位,苗栗縣頭份市山下里８鄰翠亨路１５８號九樓,26.57,住,,,1081005,土地1建物1車位1,九層,十四層,住宅大樓(11層含以上有電梯),住家用,鋼筋混凝土造,1080416,173.57999999999998,3,2,2,有,有,7550000,45244,坡道平面,26.6,900000,交易內含機車位1個,RPTNMLPJJIOFFFK56CA,87.3,0.0,9.3,,
頭份市,房地(土地+建物),苗栗縣頭份市後庄里１６鄰信義路５６５巷３０弄３號,85.42,住,,,1081011,土地3建物1車位0,全,三層,透天厝,住家用,見其他登記事項,0961121,230.92,4,2,3,有,無,10600000,45903,,0.0,0,,RPTNMLSJJIOFFFK86CA,212.62,3.7,2.15,,
頭份市,房地(土地+建物),苗栗縣頭份市民權里４鄰銀河路２５０巷１０號,80.57,住,,,1081007,土地1建物1車位0,全,四層,透天厝,住家用,鋼筋混凝土造,1071030,189.84,3,3,3,有,無,10400000,54783,,0.0,0,,RPQNMLQJJIOFFFK98CA,169.37,8.1,12.37,,
苑裡鎮,土地,南勢林坑段32地號,808.73,,山坡地保育區,丙種建築用地,1081005,土地1建物0車位0,,,其他,,,,0.0,0,0,0,有,無,3000000,3710,,0.0,0,土地增值稅572682元整由買方負擔。,RPWNMLKLJIOFFCK88CA,0.0,0.0,0.0,,
通霄鎮,房地(土地+建物),苗栗縣通霄鎮通灣里１８鄰?安路７２號,125.64,,一般農業區,甲種建築用地,1081010,土地2建物1車位0,全,三層,透天厝,住家用,鋼筋混凝土造,1080801,199.14,3,4,4,有,無,6600000,33143,,0.0,0,,RPPNMLTLJIOFFCK09CA,199.14,0.0,0.0,,
通霄鎮,房地(土地+建物),苗栗縣通霄鎮通灣里１８鄰?安路７０號,119.93,,一般農業區,甲種建築用地,1081010,土地2建物1車位0,全,三層,透天厝,住家用,鋼筋混凝土造,1080801,192.97,3,4,4,有,無,6600000,34202,,0.0,0,,RPQNMLTLJIOFFCK56CA,192.97,0.0,0.0,,
通霄鎮,房地(土地+建物),苗栗縣通霄鎮通灣里１８鄰?安路６６巷１號,157.66,,一般農業區,甲種建築用地,1081010,土地4建物1車位0,全,三層,透天厝,住家用,鋼筋混凝土造,1080801,168.76,3,4,4,有,無,6600000,39109,,0.0,0,,RPRNMLTLJIOFFCK66CA,168.76,0.0,0.0,,
造橋鄉,土地,南豐湖段721地號,6.37,,山坡地保育區,農牧用地,1081018,土地1建物0車位0,,,其他,,,,0.0,0,0,0,有,無,40000,6279,,0.0,0,親友、員工或其他特殊關係間之交易。；,RPTNMLTLJIOFFDK96CA,0.0,0.0,0.0,,
竹南鎮,房地(土地+建物)+車位,苗栗縣竹南鎮新南里３鄰維新路３２號十五樓,3.27,商,,,1081004,土地2建物1車位1,十五層,十五層,住宅大樓(11層含以上有電梯),住家用,鋼筋混凝土造,1050415,99.01,3,2,2,有,無,7380000,81360,坡道平面,16.66,680000,本件含頭份市華夏段土地移轉面積14.76平方公尺及共有部份面積49.35平方公尺,RPXNMLQJJIOFFDK86CA,88.67,0.0,10.34,,
苗栗市,房地(土地+建物),苗栗縣苗栗市嘉新里５鄰五谷路２３之６號,264.44,,特定農業區,甲種建築用地,1081001,土地2建物1車位0,全,三層,透天厝,住家用,鋼筋混凝土造,1080425,256.38,5,2,4,有,無,14200000,55387,,0.0,0,,RPUNMLKLJIOFFBK58CA,240.84,0.0,15.54,,
公館鄉,土地,鶴子岡段985地號,1983.0,,特定農業區,農牧用地,1081003,土地1建物0車位0,,,其他,,,,0.0,0,0,0,有,無,5800000,2925,,0.0,0,,RPRNMLQJJIOFFBK68CA,0.0,0.0,0.0,,
公館鄉,土地,館聖段456-54地號,201.39,住,,,1081024,土地1建物0車位0,,,其他,,,,0.0,0,0,0,有,無,8220000,40816,,0.0,0,,RPPNMLSJJIOFFBK68CA,0.0,0.0,0.0,,
苗栗市,房地(土地+建物)+車位,苗栗縣苗栗市福麗里２８鄰名門街８０之１號三樓之二,31.04,住,,,1081012,土地1建物1車位1,三層,七層,華廈(10層含以下有電梯),住家用,鋼筋混凝土造,1071210,133.26,3,2,2,有,有,6400000,49611,一樓平面,18.97,730000,,RPQNMLTKJIOFFBK98CA,84.51,0.0,6.5,,
卓蘭鎮,土地,大坪林段257-1地號,130.0,,山坡地保育區,農牧用地,1081025,土地1建物0車位0,,,其他,,,,0.0,0,0,0,有,無,60000,462,,0.0,0,,RPQNMLRJJIOFFAK58CA,0.0,0.0,0.0,,
造橋鄉,房地(土地+建物),苗栗縣造橋鄉談文村５鄰育英街６號四樓之五,18.09,,山坡地保育區,丙種建築用地,1081029,土地1建物1車位0,四層,四層,套房(1房1廳1衛),住家用,鋼筋混凝土造,0920716,29.22,1,0,1,有,有,400000,13689,,0.0,0,,RPRNMLRJJIOFFDK98CA,18.29,2.25,2.0,,
造橋鄉,土地,平安段419地號,161.01,,山坡地保育區,丙種建築用地,1081026,土地1建物0車位0,,,其他,,,,0.0,0,0,0,有,無,250000,1553,,0.0,0,親友、員工或其他特殊關係間之交易。；,RPUNMLRJJIOFFDK66CA,0.0,0.0,0.0,,
竹南鎮,房地(土地+建物)+車位,苗栗縣竹南鎮大埔里２鄰大埔十街４６巷１號九樓之五,28.49,住,,,1081011,土地1建物1車位1,九層,九層,華廈(10層含以下有電梯),住家用,鋼筋混凝土造,1060825,134.01999999999998,2,1,1,有,有,5350000,45224,坡道平面,33.41,800000,此交易內含機車位1個，且價款已含入交易總價； 與（頭份市信義段移轉面積2.08㎡）併同辦理,RPTNMLSJJIOFFDK66CA,59.47,0.0,6.17,,
竹南鎮,房地(土地+建物),苗栗縣竹南鎮崎頂里１鄰天祥街二段５４７巷３９弄１０號,119.88,,一般農業區,甲種建築用地,1081004,土地1建物1車位0,全,三層,透天厝,住家用,鋼筋混凝土造,1070619,180.16,3,2,4,有,無,8000000,44405,,0.0,0,,RPPNMLOJLHPFFDK68CA,172.84,0.0,7.32,,
竹南鎮,房地(土地+建物)+車位,苗栗縣竹南鎮照南里２７鄰華東街５８號六樓之六,30.38,住,,,1081005,土地1建物1車位1,六層,十四層,住宅大樓(11層含以上有電梯),住家用,鋼筋混凝土造,1060224,178.23,3,2,2,有,有,9600000,53863,坡道平面,27.0,0,,RPQNMLLKJIOFFDK38CA,98.05,0.0,8.08,,
竹南鎮,房地(土地+建物),苗栗縣竹南鎮新南里７鄰永貞路二段３９巷２號四樓,10.12,住,,,1081016,土地2建物1車位0,四層,五層,套房(1房1廳1衛),住家用,鋼筋混凝土造,0930512,37.79,1,1,1,有,無,1380000,36518,,0.0,0,,RPXNMLLKJIOFFDK09CA,24.1,0.0,0.0,,
竹南鎮,房地(土地+建物),苗栗縣竹南鎮中華里１８鄰文林街４７號十二樓之一,9.62,住,,,1081014,土地1建物1車位0,十二層,十六層,住宅大樓(11層含以上有電梯),住家用,鋼筋混凝土造,0830521,104.53,3,2,2,有,有,3050000,29178,,0.0,0,,RPOOMLLKJIOFFDK28CA,73.12,0.0,11.08,,
通霄鎮,房地(土地+建物),苗栗縣通霄鎮通灣里１８鄰?安路６６巷２號,173.03,,一般農業區,甲種建築用地,1081010,土地3建物1車位0,全,三層,透天厝,住家用,鋼筋混凝土造,1080801,187.89,3,4,4,有,無,5800000,30869,,0.0,0,,RPSNMLTLJIOFFCK76CA,187.89,0.0,0.0,,
通霄鎮,房地(土地+建物),苗栗縣通霄鎮通灣里１８鄰?安路６６巷３號,176.34,,一般農業區,甲種建築用地,1081010,土地3建物1車位0,全,三層,透天厝,住家用,鋼筋混凝土造,1080801,169.55,3,4,4,有,無,6800000,40106,,0.0,0,,RPTNMLTLJIOFFCK86CA,169.55,0.0,0.0,,
苑裡鎮,房地(土地+建物)+車位,苗栗縣苑裡鎮西平里９鄰介壽路２００號三樓之３,26.07,住,,,1081017,土地1建物1車位1,三層,八層,華廈(10層含以下有電梯),住家用,鋼筋混凝土造,1080220,106.57,2,2,1,有,無,4700000,44102,坡道平面,0.0,0,,RPTNMLKLJIOFFCK58CA,54.72,0.0,4.06,,
頭份市,房地(土地+建物)+車位,苗栗縣頭份市文化里１４鄰信東路二段２３２號三樓,54.12,住,,,1081006,土地1建物1車位1,三層,五層,華廈(10層含以下有電梯),住家用,見其他登記事項,1010706,185.19,3,2,2,有,有,8620000,46547,坡道平面,0.0,0,,RPSNMLMKJIOFFFK88CA,107.93,11.25,4.59,,
銅鑼鄉,土地,朝陽段1447地號,87.09,住,,,1081015,土地1建物0車位0,,,其他,,,,0.0,0,0,0,有,無,2523782,28979,,0.0,0,權利人有4人親友、員工或其他特殊關係間之交易。；,RPRNMLQJJIOFFEK98CA,0.0,0.0,0.0,,
頭份市,土地,興埔段863-15地號,33.06,,山坡地保育區,丙種建築用地,1081027,土地1建物0車位0,,,其他,,,,0.0,0,0,0,有,無,250000,7562,,0.0,0,,RPQNMLLKJIOFFFK58CA,0.0,0.0,0.0,,
頭份市,房地(土地+建物),苗栗縣頭份市珊湖里２鄰學府路７３巷１４號,60.37,,山坡地保育區,丙種建築用地,1081028,土地1建物1車位0,一層,四層,公寓(5樓含以下無電梯),住家用,鋼筋混凝土造,0820703,108.91000000000001,3,2,2,有,無,1950000,17905,,0.0,0,,RPRNMLLKJIOFFFK68CA,102.51,0.0,0.0,,
頭份市,房地(土地+建物),苗栗縣頭份市文化里７鄰翠亨路２２巷２２號四樓之二,21.55,住,,,1081015,土地3建物1車位0,四層,六層,華廈(10層含以下有電梯),住家用,鋼筋混凝土造,0821016,107.47,3,1,1,有,有,2500000,23262,,0.0,0,,RPTNMLQLJIOFFFK86CA,62.84,0.0,7.14,,
三灣鄉,土地,大河底段1231地號,2526.0,,山坡地保育區,農牧用地,1081022,土地1建物0車位0,,,其他,,,,0.0,0,0,0,有,無,6300000,2494,,0.0,0,,RPWNMLSKJIOFFFK27CA,0.0,0.0,0.0,,
頭份市,房地(土地+建物),苗栗縣頭份市自強里４鄰仁愛路９８號,144.17,商,,,1081009,土地2建物1車位0,一層，二層，騎樓,二層,店面(店鋪),住商用,見其他登記事項,0540311,139.66,2,2,2,有,無,17800000,127452,,0.0,0,,RPOOMLLLJIOFFFK58CA,139.66,0.0,0.0,,
南庄鄉,土地,北獅里興段北獅里興小段266-6地號,2515.0,,山坡地保育區,農牧用地,1081010,土地1建物0車位0,,,其他,,,,0.0,0,0,0,有,無,5400000,2147,,0.0,0,,RPVNMLTJKIOFFFK27CA,0.0,0.0,0.0,,
苑裡鎮,土地,大埔北段452地號,5804.04,,山坡地保育區,農牧用地,1081025,土地2建物0車位0,,,其他,,,,0.0,0,0,0,有,無,1630000,281,,0.0,0,親友、員工或其他特殊關係間之交易。；,RPRNMLLKJIOFFCK48DA,0.0,0.0,0.0,,
苑裡鎮,土地,舊社段362地號,1562.0,,特定農業區,農牧用地,1081022,土地1建物0車位0,,,其他,,,,0.0,0,0,0,有,無,21660000,13867,,0.0,0,含增建或未登記建物。；,RPQNMLSJJIOFFCK88CA,0.0,0.0,0.0,,
通霄鎮,房地(土地+建物),苗栗縣通霄鎮通灣里１８鄰?安路６６巷５號,146.72,,一般農業區,甲種建築用地,1081010,土地4建物1車位0,全,二層,透天厝,住家用,鋼筋混凝土造,1080801,99.06,2,3,2,有,無,3100000,31294,,0.0,0,,RPUNMLTLJIOFFCK96CA,99.06,0.0,0.0,,
通霄鎮,房地(土地+建物),苗栗縣通霄鎮通灣里１８鄰?安路６６巷６號,148.75,,一般農業區,甲種建築用地,1081010,土地4建物1車位0,全,二層,透天厝,住家用,鋼筋混凝土造,1080801,101.49,2,3,3,有,無,3100000,30545,,0.0,0,,RPVNMLTLJIOFFCK07CA,101.49,0.0,0.0,,
通霄鎮,房地(土地+建物),苗栗縣通霄鎮通灣里１８鄰?安路６６巷７號,260.16,,一般農業區,甲種建築用地,1081010,土地4建物1車位0,全,三層,透天厝,住家用,鋼筋混凝土造,1080801,187.77,3,4,4,有,無,7200000,38345,,0.0,0,,RPWNMLTLJIOFFCK17CA,187.77,0.0,0.0,,
通霄鎮,房地(土地+建物),苗栗縣通霄鎮平元里１０鄰平新一路１６號,121.19,住,,,1081002,土地2建物1車位0,全,二層,透天厝,住商用,鋼筋混凝土加強磚造,,192.82,3,2,2,有,無,7500000,38896,,0.0,0,土地增值稅由買方負擔,RPPNMLMLJHPFFCK38CA,192.82,0.0,0.0,,
竹南鎮,房地(土地+建物),苗栗縣竹南鎮勤富街１０１巷２３號,64.08,住,,,1081002,土地1建物1車位0,全,二層,透天厝,住家用,鋼筋混凝土造,0660810,72.92,3,2,2,有,無,5500000,75425,,0.0,0,,RPRNMLSKJIOFFDK56CA,72.92,0.0,0.0,,
竹南鎮,房地(土地+建物),苗栗縣竹南鎮竹興里２２鄰復興路５４８巷２９號,79.62,,一般農業區,甲種建築用地,1081017,土地6建物1車位0,全,四層,透天厝,住家用,鋼筋混凝土造,0830620,186.62,5,2,3,有,無,4100000,21970,,0.0,0,增值稅由買方繳納,RPQNMLKLJIOFFDK38CA,158.84,27.78,0.0,,
後龍鎮,土地,龍北段577-2地號,177.0,住,,,1081016,土地1建物0車位0,,,其他,,,,0.0,0,0,0,有,無,5354250,30250,,0.0,0,,RPSNMLLKJIOFFDK58CA,0.0,0.0,0.0,,
造橋鄉,房地(土地+建物),苗栗縣造橋鄉大西村１３鄰龍門街６６巷１號,92.57,,鄉村區,乙種建築用地,1081014,土地2建物1車位0,全,三層,透天厝,住家用,鋼筋混凝土造,0870901,142.08,4,2,3,有,無,3800000,26745,,0.0,0,,RPWNMLLKJIOFFDK98CA,135.88,0.66,5.54,,
竹南鎮,房地(土地+建物),苗栗縣竹南鎮營盤里４鄰建國路８４巷５２弄１３號,126.79,住,,,1081014,土地1建物1車位0,全,二層,透天厝,辦公用,加強磚造,0761110,180.41,4,2,2,有,無,6500000,36029,,0.0,0,親戚間買賣,RPXNMLSJJIOFFDK07CA,180.41,0.0,0.0,,
大湖鄉,房地(土地+建物),苗栗縣大湖鄉舊糖廠１之１１號,57.36,,山坡地保育區,丙種建築用地,1081004,土地1建物1車位0,全,二層,透天厝,住家用,鋼筋混凝土造,0730918,107.5,3,1,2,有,無,2800000,26047,,0.0,0,,RPPNMLSJJIOFFAK58CA,107.5,0.0,0.0,,
大湖鄉,房地(土地+建物),苗栗縣大湖鄉大南村５鄰小南勢９３之８號,1821.0,,山坡地保育區,農牧用地,1081021,土地1建物1車位0,一層,一層,其他,農業用,見其他登記事項,0960723,65.36,0,0,0,無,無,6700000,102509,,0.0,0,,RPQNMLSJJIOFFAK68CA,65.36,0.0,0.0,,
大湖鄉,土地,大窩段319地號,20065.04,,山坡地保育區,林業用地,1081011,土地2建物0車位0,,,其他,,,,0.0,0,0,0,有,無,2200000,110,,0.0,0,,RPSNMLSJJIOFFAK88CA,0.0,0.0,0.0,,
苗栗市,房地(土地+建物),苗栗縣苗栗市恭敬里８鄰中正路１０９０號二樓之七,5.83,住,,,1081015,土地3建物1車位0,二層,十層,套房(1房1廳1衛),住家用,鋼筋混凝土造,0960716,45.19,1,1,1,有,有,1380000,30538,,0.0,0,,RPPNMLLJKIOFFBK08CA,26.04,0.0,4.68,,
苗栗市,房地(土地+建物),苗栗縣苗栗市嘉新里９鄰嘉福街２２３號,116.95,住,,,1081017,土地1建物1車位0,全,三層,透天厝,住家用,鋼筋混凝土造,1070810,217.98,4,2,3,有,無,13500000,61932,,0.0,0,,RPOOMLMJKIOFFBK18CA,210.27,0.0,7.71,,
公館鄉,房地(土地+建物),苗栗縣公館鄉館南村６鄰館南１６８之１號,100.41,住,,,1081018,土地1建物1車位0,全,,透天厝,住家用,鋼筋混凝土造,0751220,134.1,4,2,2,有,無,5000000,37286,,0.0,0,親友、員工或其他特殊關係間之交易。；,RPQNMLLKJIOFFBK18CA,134.1,0.0,0.0,,
公館鄉,土地,館學段499地號,82.93,都市：住,,,1081018,土地3建物0車位0,,,其他,,,,0.0,0,0,0,有,無,1000000,12058,,0.0,0,親友、員工或其他特殊關係間之交易。；,RPRNMLLKJIOFFBK28CA,0.0,0.0,0.0,,
苗栗市,房地(土地+建物),苗栗縣苗栗市高苗里２９鄰三山１４３號,103.0,,山坡地保育區,丙種建築用地,1081003,土地1建物1車位0,全,三層,透天厝,住家用,鋼筋混凝土造,1040513,133.83,4,2,3,有,無,8600000,64261,,0.0,0,,RPSNMLNKJIOFFBK58CA,121.5,0.0,12.33,,
公館鄉,土地,館興段388地號,124.68,住,,,1081023,土地2建物0車位0,,,其他,,,,0.0,0,0,0,有,無,3000000,24062,,0.0,0,,RPRNMLMKJIOFFBK38CA,0.0,0.0,0.0,,
苗栗市,房地(土地+建物),苗栗縣苗栗市新東街３０９號,109.0,,鄉村區,乙種建築用地,1081012,土地1建物1車位0,全,二層,透天厝,住家用,加強磚造,,172.96,3,3,2,有,無,7300000,42206,,0.0,0,,RPOOMLLLJIOFFBK18CA,172.96,0.0,0.0,,
苗栗市,土地,維新段314地號,48.59,,鄉村區,乙種建築用地,1081021,土地1建物0車位0,,,其他,,,,0.0,0,0,0,有,無,450000,9261,,0.0,0,土地增值稅計166213元賣方負擔30000元買方負擔136213元,RPPNMLTKJIOFFBK88CA,0.0,0.0,0.0,,
頭屋鄉,土地,外獅潭段1004-60地號,390.0,,山坡地保育區,丙種建築用地,1081009,土地2建物0車位0,,,其他,,,,0.0,0,0,0,有,無,7000000,17949,,0.0,0,,RPOOMLRJJIOFFBK58CA,0.0,0.0,0.0,,
苗栗市,房地(土地+建物),苗栗縣苗栗市清華里２３鄰國華路６７號,33.19,住,,,1081029,土地1建物2車位0,一層，二層，騎樓,十三層,住宅大樓(11層含以上有電梯),住商用,鋼筋混凝土造,0840502,304.72,4,2,2,有,有,6200000,20347,,0.0,0,,RPTNMLSKJIOFFBK56CA,189.82,8.51,17.02,,
苗栗市,房地(土地+建物),苗栗縣苗栗市福安里２０鄰鴻福６１之８號三樓,24.05,住,,,1081017,土地1建物1車位0,三層,六層,華廈(10層含以下有電梯),住家用,鋼筋混凝土造,0841101,114.11,3,1,2,有,無,2000000,17527,,0.0,0,,RPQNMLSKJIOFFBK88CA,65.35,0.0,9.2,,
苗栗市,房地(土地+建物),苗栗縣苗栗市中正路１０９０號９樓之３２,3.96,住,,,1081025,土地3建物1車位0,九層,十層,套房(1房1廳1衛),住家用,鋼筋混凝土造,0960716,30.619999999999997,1,1,1,有,有,1000000,32658,,0.0,0,,RPTNMLMKJIOFFBK58CA,16.41,0.0,3.4,,
公館鄉,房地(土地+建物),苗栗縣公館鄉中義村８鄰中義１８６之１３號,265.13,,特定農業區,甲種建築用地,1081010,土地4建物1車位0,全,四層,透天厝,住家用,鋼筋混凝土造,1071022,256.41,4,3,6,有,無,11700000,45630,,0.0,0,不動產役權併同移轉農地每坪1.5萬計價,RPPNMLPLJIOFFBK58CA,248.91,0.0,7.5,,
獅潭鄉,土地,桂竹林段220-1地號,320.0,,山坡地保育區,丙種建築用地,1081018,土地1建物0車位0,,,其他,,,,0.0,0,0,0,有,無,800000,2500,,0.0,0,,RPQNMLOKJIOFFAK38CA,0.0,0.0,0.0,,
竹南鎮,土地,天聲段180地號,129.51,都市：其他:道路用地,,,1081015,土地1建物0車位0,,,其他,,,,0.0,0,0,0,有,無,977000,7544,,0.0,0,,RPSPMLNJKIOFFDK98CA,0.0,0.0,0.0,,
竹南鎮,土地,中正段687地號,98.8,都市：其他:道路用地,,,1081015,土地1建物0車位0,,,其他,,,,0.0,0,0,0,有,無,466800,4725,,0.0,0,,RPTPMLNJKIOFFDK09CA,0.0,0.0,0.0,,
竹南鎮,房地(土地+建物),苗栗縣竹南鎮竹興里７鄰復興路３６０巷１９弄８號,121.43,,鄉村區,乙種建築用地,1081004,土地1建物1車位0,全,四層,透天厝,住家用,鋼筋混凝土造,1020708,233.72,5,2,3,有,無,10500000,44926,,0.0,0,土地增值稅211762元由買方負擔。,RPPNMLTJKIOFFDK09CA,213.06,0.0,20.66,,
竹南鎮,土地,龍鳳東段494地號,353.9,都市：其他:道路用地,,,1081015,土地2建物0車位0,,,其他,,,,0.0,0,0,0,有,無,5230000,14778,,0.0,0,買賣標的另有苗栗縣頭份市東庄段一筆土地土地面積：325.40平方公尺,RPTNMLOJKIOFFDK98CA,0.0,0.0,0.0,,
竹南鎮,房地(土地+建物),苗栗縣竹南鎮佳興里２３鄰環市路三段５７６號十四樓,27.13,住,,,1081007,土地1建物1車位0,十四層,十五層,住宅大樓(11層含以上有電梯),住家用,鋼筋混凝土造,1011213,191.16000000000003,4,2,2,有,無,9000000,47081,,0.0,0,買賣總價含室外車位編號C4,RPTNMLMKJIOFFDK78CA,128.23,5.89,5.68,,
後龍鎮,土地,外埔段823-2地號,5690.0,,特定農業區,農牧用地,1081031,土地3建物0車位0,,,其他,,,,0.0,0,0,0,有,無,6888000,1211,,0.0,0,,RPPNMLLKJIOFFDK28CA,0.0,0.0,0.0,,
後龍鎮,土地,苦苓腳段862地號,105.0,,鄉村區,乙種建築用地,1081004,土地1建物0車位0,,,其他,,,,0.0,0,0,0,有,無,1050000,10000,,0.0,0,,RPRNMLLLJIOFFDK58CA,0.0,0.0,0.0,,
竹南鎮,房地(土地+建物)+車位,苗栗縣竹南鎮開元里１０鄰迎薰南路１４５號五樓,23.46,住,,,1081018,土地2建物1車位1,五層,七層,華廈(10層含以下有電梯),住家用,鋼筋混凝土造,1080620,89.06,2,2,1,有,有,4000000,44914,一樓平面,0.0,0,,RPPOMLTKJIOFFDK56CA,45.01,0.0,3.04,,
竹南鎮,房地(土地+建物)+車位,苗栗縣竹南鎮開元里１０鄰迎薰南路１４５號六樓,23.46,住,,,1081004,土地2建物1車位1,六層,七層,華廈(10層含以下有電梯),住家用,鋼筋混凝土造,1080620,89.06,2,2,1,有,有,4000000,44914,一樓平面,0.0,0,,RPQOMLTKJIOFFDK66CA,45.01,0.0,3.04,,
苑裡鎮,土地,苑港段1151地號,216.84,,特定農業區,甲種建築用地,1081021,土地1建物0車位0,,,其他,,,,0.0,0,0,0,有,無,2295650,10587,,0.0,0,,RPRNMLNKJIOFFCK58CA,0.0,0.0,0.0,,
銅鑼鄉,房地(土地+建物),苗栗縣銅鑼鄉銅鑼村３８鄰雙峰路文峰巷６弄１１號,160.51,,山坡地保育區,丙種建築用地,1081022,土地2建物1車位0,全,三層,透天厝,住家用,見其他登記事項,1080807,153.1,3,2,2,有,無,6800000,44415,,0.0,0,含增建或未登記建物。；,RPUNMLSKJIOFFEK07DA,143.32,0.0,9.78,,
頭份市,土地,尖山下段1010-2地號,285.0,,山坡地保育區,水利用地,1081029,土地1建物0車位0,,,其他,,,,0.0,0,0,0,有,無,280000,982,,0.0,0,增值稅由買方負擔,RPRNMLTKJIOFFFK86CA,0.0,0.0,0.0,,
頭份市,房地(土地+建物),苗栗縣頭份市後庄里１５鄰八德一路３０１巷３號,81.35,住,,,1081006,土地4建物1車位0,全,三層,透天厝,其他,鋼筋混凝土造,0940412,256.42,5,2,3,有,無,10100000,39389,,0.0,0,,RPQNMLMKJIOFFFK68CA,213.7,18.88,0.0,,
三義鄉,房地(土地+建物),苗栗縣三義鄉勝興村５鄰二十份４２０號,80.06,,鄉村區,乙種建築用地,1081017,土地1建物1車位0,全,二層,透天厝,住家用,加強磚造,0700116,142.0,4,2,2,有,無,3300000,23239,,0.0,0,含未辦建物第一次登記之增建物,RPPNMLNKJIOFFEK58CA,142.0,0.0,0.0,,
苗栗市,房地(土地+建物),苗栗縣苗栗市北苗里２２鄰嘉慶３４號,79.18,住,,,1080904,土地1建物1車位0,全,二層,透天厝,住家用,加強磚造,,97.65,3,2,2,有,無,5000000,51203,,0.0,0,,RPROMLRLRHOFFBK17CA,97.65,0.0,0.0,,
造橋鄉,房地(土地+建物),苗栗縣造橋鄉談文村５鄰育英街３６號二樓之二十二,14.58,,山坡地保育區,丙種建築用地,1080901,土地1建物1車位0,二層,三層,套房(1房1廳1衛),住家用,鋼筋混凝土造,0930623,20.41,1,1,1,有,有,310000,15189,,0.0,0,,RPSNMLLKRHOFFDK66CA,13.57,0.51,1.71,,
造橋鄉,房地(土地+建物),苗栗縣造橋鄉談文村５鄰育英一街６號一樓之十九及一樓之十七及一樓之十五,60.32,,山坡地保育區,丙種建築用地,1080902,土地3建物3車位0,一層,三層,套房(1房1廳1衛),住家用,鋼筋混凝土造,0920331,86.62,3,3,3,有,有,1050000,12122,,0.0,0,,RPRNMLMKRHOFFDK66CA,57.4,7.8,0.0,,
造橋鄉,房地(土地+建物),苗栗縣造橋鄉談文村５鄰育英一街６號一樓之二,20.11,,山坡地保育區,丙種建築用地,1080902,土地1建物1車位0,一層,三層,套房(1房1廳1衛),住家用,鋼筋混凝土造,0920331,29.02,1,0,1,有,無,400000,13784,,0.0,0,,RPTNMLLKRHOFFDK76CA,19.25,2.63,0.0,,
公館鄉,土地,新岡段167地號,20.49,工,,,1080902,土地2建物0車位0,,,其他,,,,0.0,0,0,0,有,無,450000,21962,,0.0,0,親友、員工或其他特殊關係間之交易。；,RPRNMLNLRHOFFBK66CA,0.0,0.0,0.0,,
苗栗市,房地(土地+建物)+車位,苗栗縣苗栗市福星里２４鄰中華東街１４３號３樓,27.64,住,,,1080902,土地1建物1車位1,三層,十層,華廈(10層含以下有電梯),住家用,鋼筋混凝土造,1041109,128.36,3,1,2,有,無,5130000,39966,升降機械,4.28,0,,RPQNMLKLRHOFFBK98DA,79.82,0.0,8.98,,
銅鑼鄉,土地,東崗段430地號,141.55,,特定農業區,農牧用地,1080909,土地1建物0車位0,,,其他,,,,0.0,0,0,0,有,無,505000,3568,,0.0,0,增值稅買方負擔,RPQNMLRLRHOFFEK27CA,0.0,0.0,0.0,,
獅潭鄉,土地,竹木段330地號,127.55,,山坡地保育區,農牧用地,1080902,土地1建物0車位0,,,其他,,,,0.0,0,0,0,有,無,300000,2352,,0.0,0,,RPPNMLSKRHOFFAK76CA,0.0,0.0,0.0,,
獅潭鄉,土地,竹木段325地號,917.83,,山坡地保育區,丙種建築用地,1080902,土地1建物0車位0,,,其他,,,,0.0,0,0,0,有,無,3886000,4234,,0.0,0,,RPQNMLSKRHOFFAK86CA,0.0,0.0,0.0,,
獅潭鄉,土地,竹木段325-1地號,363.35,,山坡地保育區,丙種建築用地,1080902,土地1建物0車位0,,,其他,,,,0.0,0,0,0,有,無,1538000,4233,,0.0,0,,RPRNMLSKRHOFFAK96CA,0.0,0.0,0.0,,
獅潭鄉,土地,竹木段325-2地號,431.19,,山坡地保育區,丙種建築用地,1080902,土地1建物0車位0,,,其他,,,,0.0,0,0,0,有,無,1826000,4235,,0.0,0,,RPPNMLKLRHOFFAK68CA,0.0,0.0,0.0,,
苗栗市,房地(土地+建物),苗栗縣苗栗市文聖里１１鄰文發路３７８巷１３弄１０３號,135.96,住,,,1080905,土地1建物1車位0,全,三層,透天厝,住家用,鋼筋混凝土造,1030530,198.0,5,2,4,有,無,8580000,43333,,0.0,0,含增建或未登記建物。；,RPXNMLOJIIOFFBK98CA,195.82,0.0,2.18,,
西湖鄉,土地,二湖段1253-2地號,1565.57,,山坡地保育區,農牧用地,1080906,土地2建物0車位0,,,其他,,,,0.0,0,0,0,有,無,1085729,694,,0.0,0,,RPQNMLPJIIOFFEK78DA,0.0,0.0,0.0,,
西湖鄉,土地,三湖段670-24地號,2200.11,,山坡地保育區,林業用地,1080903,土地3建物0車位0,,,其他,,,,0.0,0,0,0,有,無,330000,150,,0.0,0,,RPSNMLTJIIOFFEK76DA,0.0,0.0,0.0,,
頭份市,房地(土地+建物),苗栗縣頭份市上興里１５鄰永昌街１１巷３號四樓,28.07,,山坡地保育區,丙種建築用地,1080907,土地1建物1車位0,四層,七層,華廈(10層含以下有電梯),住家用,鋼筋混凝土造,0860827,105.06,3,2,2,有,有,1850000,17609,,0.0,0,,RPXNMLTKRHOFFFK18CA,80.53,0.0,9.48,,
頭份市,土地,中央段1093-3地號,3.46,住,,,1080906,土地1建物0車位0,,,其他,,,,0.0,0,0,0,有,無,200000,57803,,0.0,0,畸零地或有合併使用之交易。；,RPRQMLKLRHOFFFK07CA,0.0,0.0,0.0,,
苗栗市,房地(土地+建物),苗栗縣苗栗市清華里２７鄰為民街３７９之１號七樓,32.86,住,,,1080904,土地1建物1車位0,七層,七層,華廈(10層含以下有電梯),住家用,鋼筋混凝土造,0830203,182.3,4,2,2,有,無,3400000,18651,,0.0,0,,RPRNMLSJIIOFFBK78CA,101.06,0.0,20.97,,
苗栗市,房地(土地+建物),苗栗縣苗栗市福星里１７鄰華清街４９巷２７弄３０號,112.27,住,,,1080903,土地7建物1車位0,全,四層,透天厝,住家用,鋼筋混凝土造,1080117,203.26,5,2,3,有,無,9800000,48214,,0.0,0,,RPOOMLRJIIOFFBK48CA,193.34,0.0,9.92,,
苑裡鎮,土地,苑坑段1047地號,369.33,,山坡地保育區,丙種建築用地,1080909,土地3建物0車位0,,,其他,,,,0.0,0,0,0,有,無,782040,2117,,0.0,0,整合持分土地及親友間買賣,RPSNMLNLRHOFFCK86CA,0.0,0.0,0.0,,
苗栗市,車位,苗栗縣苗栗市水源里６鄰金像園１１號地下室,0.0,,,,1080917,土地0建物0車位1,停車場,,其他,見其他登記事項,鋼筋混凝土造,0811126,8.69,0,0,0,有,無,330000,,升降機械,8.68,330000,,RPTNMLNLRHOFFBK86CA,0.0,0.0,0.0,,
卓蘭鎮,土地,卓蘭段3698-12地號,1136.0,,山坡地保育區,農牧用地,1080910,土地1建物0車位0,,,其他,,,,0.0,0,0,0,有,無,900000,792,,0.0,0,,RPQNMLPJIIOFFAK28CA,0.0,0.0,0.0,,
後龍鎮,土地,水尾子段1828地號,487.38,,特定農業區,農牧用地,1080904,土地1建物0車位0,,,其他,,,,0.0,0,0,0,有,無,1550000,3180,,0.0,0,有改良物。,RPUNMLNLIIOFFDK98CA,0.0,0.0,0.0,,
頭份市,土地,東興段731-22地號,81.0,,山坡地保育區,農牧用地,1080901,土地1建物0車位0,,,其他,,,,0.0,0,0,0,有,無,122500,1512,,0.0,0,親友、員工或其他特殊關係間之交易。；,RPWQMLKLRHOFFFK67DA,0.0,0.0,0.0,,
後龍鎮,土地,龍城段255地號,998.04,,山坡地保育區,農牧用地,1080902,土地1建物0車位0,,,其他,,,,0.0,0,0,0,有,無,1000000,1002,,0.0,0,,RPRNMLPLRHOFFDK17DA,0.0,0.0,0.0,,
銅鑼鄉,土地,芎蕉灣段369-1地號,44.52,,山坡地保育區,丙種建築用地,1080918,土地1建物0車位0,,,其他,,,,0.0,0,0,0,有,無,42818,962,,0.0,0,向政府機關承購之案件。；,RPRNMLLJIIOFFEK38CA,0.0,0.0,0.0,,
銅鑼鄉,土地,芎蕉灣段369-2地號,132.14,,山坡地保育區,丙種建築用地,1080918,土地1建物0車位0,,,其他,,,,0.0,0,0,0,有,無,95455,722,,0.0,0,向政府機關承購之案件。；,SPRNMLLJIIOFFEK48CA,0.0,0.0,0.0,,
頭份市,土地,正興段570地號,30.01,住,,,1080903,土地2建物0車位0,,,其他,,,,0.0,0,0,0,有,無,400000,13329,,0.0,0,親友、員工或其他特殊關係間之交易。；,RPPOMLPLRHOFFFK17CA,0.0,0.0,0.0,,
頭份市,土地,中央段1093-4地號,0.32,住,,,1080916,土地1建物0車位0,,,其他,,,,0.0,0,0,0,有,無,20000,0,,0.0,0,畸零地或有合併使用之交易。；,RPSNMLQLRHOFFFK47CA,0.0,0.0,0.0,,
頭份市,房地(土地+建物),苗栗縣頭份市興隆里４鄰興隆路一段２９１巷９９弄１０號,155.98,,山坡地保育區,丙種建築用地,1080902,土地2建物1車位0,全,三層,透天厝,住家用,鋼筋混凝土造,1071108,197.17,5,2,3,有,無,9600000,48689,,0.0,0,,RPQNMLLJIIOFFFK38CA,181.87,0.0,15.3,,
頭份市,建物,苗栗縣頭份市土牛里１鄰土牛１３之１號三樓,0.0,,,,1080903,土地0建物1車位0,三層,三層,公寓(5樓含以下無電梯),住家用,鋼筋混凝土造,0901210,112.34,3,2,2,有,無,1200000,10682,,0.0,0,親友、員工或其他特殊關係間之交易。；,RPSNMLLJIIOFFFK58CA,85.96,9.99,0.0,,
造橋鄉,房地(土地+建物),苗栗縣造橋鄉談文村５鄰育英街１８號三樓之二,15.17,,山坡地保育區,丙種建築用地,1080907,土地1建物1車位0,三層,三層,套房(1房1廳1衛),住家用,鋼筋混凝土造,0930513,21.32,1,1,1,有,有,320000,15009,,0.0,0,,RPTNMLQLRHOFFDK37CA,13.92,0.54,1.71,,
造橋鄉,土地,造橋段1420-28地號,2500.0,,山坡地保育區,農牧用地,1080904,土地1建物0車位0,,,其他,,,,0.0,0,0,0,有,無,6500000,2600,,0.0,0,買賣標的含地上合法申請鋼構造資材室一棟。,RPPNMLOLRHOFFDK76CA,0.0,0.0,0.0,,
竹南鎮,房地(土地+建物)+車位,苗栗縣竹南鎮新南里２２鄰五谷王９２之３號二樓,17.88,住,,,1080910,土地1建物1車位1,二層,八層,華廈(10層含以下有電梯),住家用,鋼筋混凝土造,0841016,103.88,3,2,1,有,有,3300000,31767,坡道機械,0.0,0,,RPQNMLOLRHOFFDK86CA,65.47,0.0,6.98,,
苗栗市,房地(土地+建物)+車位,苗栗縣苗栗市福星里８鄰豐年路９０號五樓之一,36.9,住,,,1080907,土地3建物1車位2,五層,六層,華廈(10層含以下有電梯),住家用,鋼筋混凝土造,0991112,139.97,3,2,2,有,有,6600000,47153,一樓平面,0.0,0,,RPQNMLRLRHOFFBK96CA,97.02,0.0,10.67,,
苑裡鎮,房地(土地+建物),苗栗縣苑裡鎮苑坑里４鄰苑坑３３號,861.78,,山坡地保育區,農牧用地,1080904,土地2建物1車位0,一層,一層,其他,住家用,土造,,34.09,2,1,1,有,無,1825000,53535,,0.0,0,親友間買賣,RPUNMLPLRHOFFCK27CA,34.09,0.0,0.0,,
苑裡鎮,土地,鎮安段1359-1地號,236.66,,特定農業區,甲種建築用地,1080902,土地2建物0車位0,,,其他,,,,0.0,0,0,0,有,無,3722680,15730,,0.0,0,買賣標的包括地上未保存登記建物,RPRNMLQLRHOFFCK07CA,0.0,0.0,0.0,,
公館鄉,土地,五谷岡段22地號,1215.0,農,,,1080910,土地1建物0車位0,,,其他,,,,0.0,0,0,0,有,無,6500000,5350,,0.0,0,含增建或未登記建物。；,RPRNMLPKJIOFFBK68CA,0.0,0.0,0.0,,
苗栗市,房地(土地+建物)+車位,苗栗縣苗栗市福麗里３３鄰忠孝１１０號二樓之一,92.96,,山坡地保育區,丙種建築用地,1080910,土地1建物1車位1,二層,五層,華廈(10層含以下有電梯),住家用,鋼筋混凝土造,1071205,137.33,3,2,2,有,有,6100000,44419,一樓平面,0.0,0,,RPVNMLPLRHOFFBK27CA,86.78,0.0,9.09,,
泰安鄉,土地,士林段190-1地號,5634.0,,山坡地保育區,林業用地,1080906,土地2建物0車位0,,,其他,,,,0.0,0,0,0,有,無,100000,18,,0.0,0,,RPPNMLRLRHOFFAK76CA,0.0,0.0,0.0,,
頭份市,房地(土地+建物),苗栗縣頭份市田寮里１８鄰蘆竹路３６４巷２０號三樓,33.05,住,,,1080912,土地1建物1車位0,三層,五層,華廈(10層含以下有電梯),住家用,鋼筋混凝土造,0870304,93.55,3,2,2,有,無,2300000,24586,,0.0,0,,RPRNMLRLRHOFFFK47CA,77.04,0.0,10.68,,
銅鑼鄉,土地,芎蕉灣段369-1地號,44.52,,山坡地保育區,丙種建築用地,1080918,土地1建物0車位0,,,其他,,,,0.0,0,0,0,有,無,42818,962,,0.0,0,向政府機關承購之案件。；,RPQNMLLJIIOFFEK28CA,0.0,0.0,0.0,,
銅鑼鄉,土地,芎蕉灣段369-2地號,132.14,,山坡地保育區,丙種建築用地,1080918,土地1建物0車位0,,,其他,,,,0.0,0,0,0,有,無,95455,722,,0.0,0,向政府機關承購之案件。；,SPQNMLLJIIOFFEK38CA,0.0,0.0,0.0,,
頭份市,土地,永貞段493-1地號,31.75,住,,,1080904,土地1建物0車位0,,,其他,,,,0.0,0,0,0,有,無,2400000,75591,,0.0,0,,RPPNMLMJIIOFFFK48DA,0.0,0.0,0.0,,
頭份市,土地,永貞段492-2地號,8.23,住,,,1080904,土地1建物0車位0,,,其他,,,,0.0,0,0,0,有,無,622500,75638,,0.0,0,,RPQNMLMJIIOFFFK58DA,0.0,0.0,0.0,,
苗栗市,房地(土地+建物),苗栗縣苗栗市新英里８鄰新英７０之８號,96.0,,鄉村區,乙種建築用地,1080906,土地2建物1車位0,全,三層,透天厝,住家用,鋼筋混凝土造,,176.35,3,2,3,有,無,3300000,18713,,0.0,0,,RPQNMLQLRHOFFBK86CA,176.35,0.0,0.0,,
苗栗市,房地(土地+建物),苗栗縣苗栗市北苗里１９鄰文?街８３號七樓,24.11,住,,,1080906,土地2建物1車位0,七層,八層,華廈(10層含以下有電梯),住家用,鋼筋混凝土造,0871120,140.37,4,2,3,有,無,5500000,39182,,0.0,0,,RPRNMLLJIIOFFBK08CA,100.63,0.0,5.27,,
苑裡鎮,土地,苑坑段406-16地號,9000.0,,山坡地保育區,農牧用地,1080902,土地3建物0車位0,,,其他,,,,0.0,0,0,0,有,無,9000000,1000,,0.0,0,土地及建物分次登記案件。前案土地登記收件字號：；,RPVNMLQLRHOFFCK47CA,0.0,0.0,0.0,,
苗栗市,房地(土地+建物),苗栗縣苗栗市中正路１０９０號７樓之３２,3.96,住,,,1080914,土地3建物1車位0,七層,十層,套房(1房1廳1衛),住家用,鋼筋混凝土造,0960716,30.619999999999997,1,1,0,有,無,1050000,34291,,0.0,0,,RPWNMLMJIIOFFBK68CA,16.41,0.0,3.4,,
苗栗市,房地(土地+建物),苗栗縣苗栗市勝利里２１鄰復興路一段１巷５弄２２號,86.98,住,,,1080913,土地3建物1車位0,全,三層,透天厝,住家用,鋼筋混凝土造,1031230,202.9,3,2,3,有,有,10000000,49285,,0.0,0,,RPUNMLLJIIOFFBK38CA,167.18,5.78,29.94,,
造橋鄉,房地(土地+建物),苗栗縣造橋鄉談文村５鄰育英一街６號一樓之二十,20.11,,山坡地保育區,丙種建築用地,1080918,土地1建物1車位0,一層,三層,套房(1房1廳1衛),住家用,鋼筋混凝土造,0920331,29.02,1,1,1,有,有,350000,12061,,0.0,0,,RPRNMLRLRHOFFDK27CA,19.25,2.63,0.0,,
竹南鎮,房地(土地+建物)+車位,苗栗縣竹南鎮大厝里１１鄰大業街１０８號二樓之二,36.78,住,,,1080908,土地1建物1車位1,二層,十四層,住宅大樓(11層含以上有電梯),住家用,鋼筋混凝土造,1050812,182.52,3,2,2,有,有,8900000,48762,坡道平面,0.0,0,,RPUNMLKMRHOFFDK96CA,96.46,0.0,8.34,,
頭份市,房地(土地+建物),苗栗縣頭份市山下里９鄰永忠街４６號,11.22,商,,,1080908,土地1建物1車位0,一層,十五層,住宅大樓(11層含以上有電梯),住家用,鋼筋混凝土造,1060731,85.72,2,2,1,有,有,4160000,48530,,0.0,0,,RPRNMLSJIIOFFFK56CA,53.59,0.0,6.74,,
頭份市,房地(土地+建物),苗栗縣頭份市自強路１５０巷２之５號六樓,20.15,住,,,1080916,土地1建物1車位0,六層,七層,華廈(10層含以下有電梯),住家用,鋼筋混凝土造,0850104,84.41,2,2,1,有,無,3000000,35541,,0.0,0,,RPSNMLMJIIOFFFK68CA,66.37,0.0,5.33,,
南庄鄉,土地,田尾段588-143地號,740.0,,山坡地保育區,林業用地,1080916,土地2建物0車位0,,,其他,,,,0.0,0,0,0,有,無,2700000,3649,,0.0,0,,RPTNMLRLRHOFFFK67CA,0.0,0.0,0.0,,
頭份市,土地,蟠桃段忠孝小段117-2地號,190.0,住,,,1080909,土地1建物0車位0,,,其他,,,,0.0,0,0,0,有,無,12850000,67632,,0.0,0,,RPWNMLNJIIOFFFK56CA,0.0,0.0,0.0,,
三義鄉,房地(土地+建物),苗栗縣三義鄉西湖村１７鄰伯公坑２２０號,90.77,,山坡地保育區,丙種建築用地,1080909,土地3建物1車位0,全,二層,透天厝,住家用,加強磚造,,139.26,3,2,2,有,無,5000000,35904,,0.0,0,含增建或未登記建物。；,RPPNMLKMRHOFFEK56CA,133.6,5.66,0.0,,
銅鑼鄉,土地,朝東段675地號,671.71,住,,,1080905,土地8建物0車位0,,,其他,,,,0.0,0,0,0,有,無,14600000,21736,,0.0,0,,RPQNMLKMRHOFFEK66CA,0.0,0.0,0.0,,
銅鑼鄉,土地,朝東段683-1地號,397.13,住,,,1080905,土地3建物0車位0,,,其他,,,,0.0,0,0,0,有,無,8780000,22109,,0.0,0,,RPRNMLKMRHOFFEK76CA,0.0,0.0,0.0,,
造橋鄉,房地(土地+建物),苗栗縣造橋鄉長壽街３２號,34.77,,鄉村區,乙種建築用地,1080907,土地2建物1車位0,全,二層,透天厝,住家用,鋼筋混凝土造,0690707,67.95,2,2,2,有,無,560000,8241,,0.0,0,親友、員工或其他特殊關係間之交易。；含增建或未登記建物。；,RPQOMLMJIIOFFDK48DA,67.95,0.0,0.0,,
造橋鄉,房地(土地+建物),苗栗縣造橋鄉長壽街３２號,17.38,,鄉村區,乙種建築用地,1080904,土地2建物1車位0,全,二層,透天厝,住家用,鋼筋混凝土造,0690707,33.97,2,2,2,有,無,280000,8243,,0.0,0,親友、員工或其他特殊關係間之交易。；含增建或未登記建物。；,RPROMLMJIIOFFDK58DA,33.97,0.0,0.0,,
苗栗市,房地(土地+建物),苗栗縣苗栗市新苗街６１巷２３弄２６號,93.0,住,,,1080901,土地1建物1車位0,全,二層,透天厝,住家用,加強磚造,,108.72,3,1,2,有,無,2800000,25754,,0.0,0,親友、員工或其他特殊關係間之交易。；,RPQOMLNJIIOFFBK38DA,108.72,0.0,0.0,,
苗栗市,土地,為公段860-1地號,76.8,住,,,1080915,土地1建物0車位0,,,其他,,,,0.0,0,0,0,有,無,2430000,31641,,0.0,0,,RPRNMLKMRHOFFBK56DA,0.0,0.0,0.0,,
竹南鎮,房地(土地+建物),苗栗縣竹南鎮照南里２５鄰立達街１８０巷２０號,268.3,住,,,1080903,土地2建物1車位0,全,五層,透天厝,住家用,鋼筋混凝土造,1010913,424.17,7,2,4,有,有,28500000,67190,,0.0,0,,RPRNMLPJIIOFFDK68CA,398.16,0.0,26.01,,
卓蘭鎮,土地,卓蘭段2022-12地號,11004.0,,山坡地保育區,農牧用地,1080917,土地1建物0車位0,,,其他,,,,0.0,0,0,0,有,無,4000000,364,,0.0,0,,RPRNMLPJIIOFFAK38CA,0.0,0.0,0.0,,
苗栗市,房地(土地+建物)+車位,苗栗縣苗栗市中苗里６鄰建台街１巷１０號４樓２,30.35,住,,,1080919,土地5建物1車位1,四層,,華廈(10層含以下有電梯),住家用,鋼筋混凝土造,0810907,140.51,3,2,2,有,有,2650000,18860,坡道平面,0.0,0,,RPQNMLOJIIOFFBK28CA,96.0,0.0,8.7,,
苗栗市,土地,巨蛋段567地號,91.01,住,,,1080901,土地1建物0車位0,,,其他,,,,0.0,0,0,0,有,無,5553367,61019,,0.0,0,,RPQNMLKMRHOFFBK98CA,0.0,0.0,0.0,,
公館鄉,土地,尖山段1933地號,1608.0,,特定農業區,農牧用地,1080918,土地1建物0車位0,,,其他,,,,0.0,0,0,0,有,無,5837040,3630,,0.0,0,本案為農地買賣，契約成立於108年5月18日，因有違規地上物，不符合農業使用，由買方委託代書先申請農業設施容許使用，再申請農業使用證明書後，於108年9月18日正式辦理本案農地所有權移轉登記，所有稅金、規費、代書費用均由買方負擔。瑕疵物件之交易。；,RPSNMLKMRHOFFBK56CA,0.0,0.0,0.0,,
頭屋鄉,建物,苗栗縣頭屋鄉明德村２０鄰仁隆６６之１號、６６之２號,0.0,,,,1080910,土地0建物2車位0,一層，二層,二層,店面(店鋪),住商用,見其他登記事項,0971104,924.52,0,0,0,無,無,240000,260,,0.0,0,主要用途：賣場辦公室運動設施販賣部親友、員工或其他特殊關係間之交易。；,RPQNMLNLIIOFFBK38CA,899.0,0.0,25.52,,
苑裡鎮,房地(土地+建物),苗栗縣苑裡鎮苑北里１鄰世界路１３４巷２２號,110.37,住,,,1080907,土地1建物1車位0,全,三層,透天厝,住商用,鋼筋混凝土造,,161.85,3,2,3,有,無,6000000,37071,,0.0,0,含增建或未登記建物。；,RPSNMLNJIIOFFCK48CA,161.85,0.0,0.0,,
苗栗市,房地(土地+建物),苗栗縣苗栗市福星里９鄰國華路２７２巷１３弄１１號,94.68,住,,,1080911,土地2建物1車位0,全,三層,透天厝,住家用,鋼筋混凝土造,1080527,184.22,5,2,3,有,無,11200000,60797,,0.0,0,,RPQNMLPJIIOFFBK38CA,173.22,0.0,11.0,,
頭屋鄉,房地(土地+建物),苗栗縣頭屋鄉北坑村１０鄰田窩５之３９號,100.84,,山坡地保育區,丙種建築用地,1080906,土地2建物1車位0,全,四層,透天厝,住家用,鋼筋混凝土造,0840601,211.54000000000002,4,2,3,有,無,3700000,17491,,0.0,0,,RPRNMLMJIIOFFBK18CA,173.93,7.0,14.31,,
頭屋鄉,土地,孔聖段569地號,130.26,農,,,1080913,土地2建物0車位0,,,其他,,,,0.0,0,0,0,有,無,1182000,9074,,0.0,0,,RPSNMLMJIIOFFBK28CA,0.0,0.0,0.0,,
苗栗市,土地,福星段田寮小段210-2地號,458.0,,特定農業區,農牧用地,1080909,土地1建物0車位0,,,其他,,,,0.0,0,0,0,有,無,4849075,10588,,0.0,0,,RPTNMLMJIIOFFBK38CA,0.0,0.0,0.0,,
造橋鄉,房地(土地+建物),苗栗縣造橋鄉談文村５鄰學府路４５號四樓之六,14.71,,山坡地保育區,丙種建築用地,1080906,土地1建物1車位0,四層,四層,套房(1房1廳1衛),住家用,鋼筋混凝土造,0910418,31.78,1,1,1,有,有,270000,8496,,0.0,0,,RPTOMLNJIIOFFDK78CA,18.83,1.35,2.51,,
造橋鄉,房地(土地+建物),苗栗縣造橋鄉談文村５鄰育英八街１０１號一樓之九,20.15,,山坡地保育區,丙種建築用地,1080913,土地1建物1車位0,一層,三層,套房(1房1廳1衛),住家用,鋼筋混凝土造,0900629,30.369999999999997,1,1,1,有,無,450000,14817,,0.0,0,,RPPOMLNJIIOFFDK38CA,18.92,2.8,0.0,,
後龍鎮,土地,新港段後壁厝小段367地號,1308.0,,特定農業區,農牧用地,1080912,土地1建物0車位0,,,其他,,,,0.0,0,0,0,有,無,4316400,3300,,0.0,0,,RPPNMLOKIIOFFDK48CA,0.0,0.0,0.0,,
造橋鄉,房地(土地+建物),苗栗縣造橋鄉錦水村２鄰錦水７之２７號,77.1,,山坡地保育區,丙種建築用地,1080902,土地2建物1車位0,全,二層,透天厝,住家用,鋼筋混凝土造,0700130,103.0,2,2,3,有,無,3000000,29126,,0.0,0,契稅印花稅登記規費代書費由賣方負擔含增建或未登記建物。；,RPPOMLMJIIOFFDK28CA,103.0,0.0,0.0,,
竹南鎮,土地,海口段海口小段628-4地號,26.0,農,,,1080902,土地1建物0車位0,,,其他,,,,0.0,0,0,0,有,無,157300,6050,,0.0,0,增值稅新台幣8787元整，由買方繳納。,RPWPMLOLIIOFFDK86CA,0.0,0.0,0.0,,
竹南鎮,房地(土地+建物),苗栗縣竹南鎮大厝里３鄰南大路２８７巷１０號,86.0,住,,,1080902,土地2建物1車位0,全,二層,透天厝,住家用,鋼筋混凝土造,0681103,107.08,3,2,2,有,無,3800000,35487,,0.0,0,,RPPNMLPLIIOFFDK68CA,107.08,0.0,0.0,,
後龍鎮,土地,崎頂段397-2地號,354.0,,一般農業區,農牧用地,1080907,土地1建物0車位0,,,其他,,,,0.0,0,0,0,有,無,1200000,3390,,0.0,0,含未未申請之農業設施一座親友、員工或其他特殊關係間之交易。；,RPQNMLMJIIOFFDK28CA,0.0,0.0,0.0,,
造橋鄉,房地(土地+建物),苗栗縣造橋鄉談文村５鄰育英三街５號二樓之二十二/二樓之十七/二樓之十九/二樓之二十六,67.6,,山坡地保育區,丙種建築用地,1080918,土地1建物4車位0,二層,四層,套房(1房1廳1衛),住家用,鋼筋混凝土造,0920716,110.56,4,4,4,有,有,1400000,12663,,0.0,0,共四間套房每間各35萬.,RPQNMLLJIIOFFDK18CA,73.16,3.4,7.72,,
竹南鎮,土地,竹興段366地號,62.6,,,,1080919,土地1建物0車位0,,,其他,,,,0.0,0,0,0,有,無,795300,12704,,0.0,0,親友、員工或其他特殊關係間之交易。；,RPRNMLLJIIOFFDK28CA,0.0,0.0,0.0,,
竹南鎮,房地(土地+建物),苗栗縣竹南鎮大埔里２鄰科專七路２５５號,107.78,住,,,1080916,土地2建物1車位0,一層，二層，三層，四層，五層,五層,店面(店鋪),住商用,鋼筋混凝土造,1050722,263.47,6,3,6,有,無,18000000,68319,,0.0,0,,RPTNMLLJIIOFFDK48CA,236.35,4.68,22.44,,
造橋鄉,房地(土地+建物),苗栗縣造橋鄉大西村１３鄰龍門街１３號,131.63,,鄉村區,乙種建築用地,1080908,土地1建物1車位0,全,四層,透天厝,住家用,鋼筋混凝土造,0931012,224.3,4,2,4,有,無,1200000,5350,,0.0,0,親友、員工或其他特殊關係間之交易。；,RPVNMLMJIIOFFDK88DA,196.3,7.43,20.57,,
銅鑼鄉,房地(土地+建物)+車位,苗栗縣銅鑼鄉銅鑼村３２鄰永樂路６之７號四樓之二,53.14,住,,,1080903,土地2建物2車位1,四層,五層,華廈(10層含以下有電梯),住家用,見其他登記事項,1071105,129.6,3,2,2,有,有,6300000,48611,一樓平面,0.0,500000,,RPPNMLLKIIOFFEK38DA,82.89,0.0,7.97,,
銅鑼鄉,土地,褔興段1338-1地號,1338.7,住,,,1080909,土地3建物0車位0,,,其他,,,,0.0,0,0,0,有,無,33000000,24651,,0.0,0,,RPPNMLLJIIOFFEK18CA,0.0,0.0,0.0,,
頭份市,房地(土地+建物)+車位,苗栗縣頭份市忠孝里３鄰四維街１９巷６號六樓之一,26.14,住,,,1080908,土地1建物1車位1,六層,七層,華廈(10層含以下有電梯),住家用,鋼筋混凝土造,0821116,145.89,3,2,2,有,有,5300000,36329,坡道平面,0.0,0,,RPPNMLKMRHOFFFK66CA,103.41,0.0,7.86,,
頭份市,房地(土地+建物),苗栗縣頭份市興隆里１７鄰興三街６巷８號,114.1,,鄉村區,乙種建築用地,1080905,土地1建物1車位0,全,三層,透天厝,住家用,見其他登記事項,1010905,177.79,4,2,3,有,無,8500000,47809,,0.0,0,,RPRNMLMJIIOFFFK58CA,170.94,0.0,6.85,,
頭份市,土地,上興段71地號,4676.02,,山坡地保育區,農牧用地,1080918,土地1建物0車位0,,,其他,,,,0.0,0,0,0,有,無,5000000,1069,,0.0,0,,RPWNMLLJIIOFFFK98CA,0.0,0.0,0.0,,
頭份市,土地,蟠桃段忠孝小段117-1地號,190.0,住,,,1080904,土地1建物0車位0,,,其他,,,,0.0,0,0,0,有,無,10650000,56053,,0.0,0,,RPXNMLNJIIOFFFK66CA,0.0,0.0,0.0,,
苗栗市,房地(土地+建物),苗栗縣苗栗市維祥里２鄰維祥街１巷１３弄６號３樓,29.11,,鄉村區,乙種建築用地,1080916,土地1建物1車位0,三層,六層,華廈(10層含以下有電梯),住家用,鋼筋混凝土造,0870420,101.17,3,2,2,有,有,3080000,30444,,0.0,0,,RPSNMLOJIIOFFBK58DA,62.67,0.0,7.94,,
苑裡鎮,房地(土地+建物),苗栗縣苑裡鎮苑南里１鄰南興路１３巷２號,23.86,住,,,1080910,土地1建物1車位0,全,二層,透天厝,住家用,鋼筋混凝土造,,26.38,3,2,2,有,無,800000,30326,,0.0,0,親友、員工或其他特殊關係間之交易。；,RPPNMLLJIIOFFCK08DA,26.38,0.0,0.0,,
頭份市,土地,永貞段347-2地號,13.37,住,,,1080918,土地2建物0車位0,,,其他,,,,0.0,0,0,0,有,無,1005283,75189,,0.0,0,向政府機關承購之案件。；,RPQNMLOJJIOFFFK88DA,0.0,0.0,0.0,,
公館鄉,房地(土地+建物),苗栗縣公館鄉館中村１２鄰近光路８５號,123.35,商,,,1080920,土地1建物1車位0,全,,透天厝,住家用,鋼筋混凝土造,0740913,98.78,2,1,1,有,無,8000000,80988,,0.0,0,,RPUNMLMJIIOFFBK48CA,98.78,0.0,0.0,,
苗栗市,房地(土地+建物)+車位,苗栗縣苗栗市水源里２１鄰金龍街１０２號五樓,26.07,住,,,1080906,土地1建物1車位1,五層,,華廈(10層含以下有電梯),住家用,鋼筋混凝土造,0820425,144.1,3,2,2,有,有,3600000,24983,坡道平面,0.0,0,,RPUNMLNJIIOFFBK58CA,93.0,1.95,8.33,,
通霄鎮,土地,土城段548-5地號,100.0,,特定農業區,甲種建築用地,1080917,土地2建物0車位0,,,其他,,,,0.0,0,0,0,有,無,211750,2118,,0.0,0,瑕疵物件之交易。；,RPPNMLOJIIOFFCK28CA,0.0,0.0,0.0,,
苑裡鎮,房地(土地+建物),苗栗縣苑裡鎮房裡里４鄰介壽路５１之３號,95.01,住,,,1080912,土地1建物1車位0,全,二層,透天厝,住商用,鋼筋混凝土造,,111.34,3,1,2,有,無,3700000,33232,,0.0,0,,RPQNMLOJIIOFFCK38CA,111.34,0.0,0.0,,
苑裡鎮,土地,啟心段255-1地號,170.47,,特定農業區,農牧用地,1080906,土地1建物0車位0,,,其他,,,,0.0,0,0,0,有,無,358000,2100,,0.0,0,向政府機關承購之案件。；,RPQNMLPJIIOFFCK48CA,0.0,0.0,0.0,,
苑裡鎮,土地,玉豐段990地號,468.49,,特定農業區,農牧用地,1080906,土地1建物0車位0,,,其他,,,,0.0,0,0,0,有,無,1080000,2305,,0.0,0,向政府機關承購之案件。；,SPQNMLPJIIOFFCK58CA,0.0,0.0,0.0,,
苑裡鎮,土地,玉豐段1132地號,952.94,,特定農業區,農牧用地,1080906,土地1建物0車位0,,,其他,,,,0.0,0,0,0,有,無,2576000,2703,,0.0,0,向政府機關承購之案件。；,TPQNMLPJIIOFFCK68CA,0.0,0.0,0.0,,
苑裡鎮,土地,玉山段1137地號,487.98,,特定農業區,農牧用地,1080906,土地1建物0車位0,,,其他,,,,0.0,0,0,0,有,無,1126000,2307,,0.0,0,向政府機關承購之案件。；,UPQNMLPJIIOFFCK78CA,0.0,0.0,0.0,,
苑裡鎮,土地,玉山段1076地號,231.49,,特定農業區,農牧用地,1080906,土地1建物0車位0,,,其他,,,,0.0,0,0,0,有,無,536000,2315,,0.0,0,向政府機關承購之案件。；,VPQNMLPJIIOFFCK88CA,0.0,0.0,0.0,,
苑裡鎮,土地,上館段717地號,242.62,,特定農業區,農牧用地,1080906,土地1建物0車位0,,,其他,,,,0.0,0,0,0,有,無,656000,2704,,0.0,0,向政府機關承購之案件。；,WPQNMLPJIIOFFCK98CA,0.0,0.0,0.0,,
苑裡鎮,土地,玉豐段150地號,321.04,,特定農業區,農牧用地,1080906,土地1建物0車位0,,,其他,,,,0.0,0,0,0,有,無,900000,2803,,0.0,0,向政府機關承購之案件。；,XPQNMLPJIIOFFCK09CA,0.0,0.0,0.0,,
苑裡鎮,土地,南山段518地號,1132.63,,特定農業區,農牧用地,1080906,土地1建物0車位0,,,其他,,,,0.0,0,0,0,有,無,3060000,2702,,0.0,0,向政府機關承購之案件。；,YPQNMLPJIIOFFCK56CA,0.0,0.0,0.0,,
苑裡鎮,土地,南山段519地號,1067.42,,特定農業區,農牧用地,1080906,土地1建物0車位0,,,其他,,,,0.0,0,0,0,有,無,3000000,2811,,0.0,0,向政府機關承購之案件。；,ZPQNMLPJIIOFFCK66CA,0.0,0.0,0.0,,
苗栗市,房地(土地+建物)+車位,苗栗縣苗栗市維祥里７鄰光華街３２號三樓之一,36.96,,鄉村區,乙種建築用地,1080909,土地2建物1車位1,三層,五層,華廈(10層含以下有電梯),住家用,鋼筋混凝土造,1060512,121.0,3,2,2,有,有,4750000,39256,一樓平面,0.0,0,,RPPNMLPLIIOFFBK48CA,80.64,0.0,4.36,,
苗栗市,房地(土地+建物),苗栗縣苗栗市中正路１０９０號三樓之二,6.36,住,,,1080911,土地3建物1車位0,三層,十層,套房(1房1廳1衛),住家用,鋼筋混凝土造,0960716,49.489999999999995,1,1,0,有,無,1680000,33946,,0.0,0,,RPWNMLPJIIOFFBK98CA,28.59,0.0,5.45,,
苗栗市,房地(土地+建物),苗栗縣苗栗市文聖里３鄰橫車路３１２號,116.37,工,,,1080923,土地1建物1車位0,全,,透天厝,住工用,加強磚造,0800810,167.37,8,2,3,有,無,10300000,61540,,0.0,0,含增建或未登記建物。；,RPRNMLPLIIOFFBK68CA,167.37,0.0,0.0,,
苑裡鎮,房地(土地+建物),苗栗縣苑裡鎮山腳里１３鄰山腳３５８之２８號,130.46,,鄉村區,乙種建築用地,1080909,土地2建物1車位0,全,四層,透天厝,住家用,鋼筋混凝土造,1070320,196.44,3,2,4,有,有,8030000,40878,,0.0,0,,RPPNMLQJIIOFFCK48CA,191.31,0.0,5.13,,
公館鄉,土地,出礦坑段45-8地號,4308.0,,山坡地保育區,農牧用地,1080917,土地5建物0車位0,,,其他,,,,0.0,0,0,0,有,無,3000000,696,,0.0,0,親友、員工或其他特殊關係間之交易。；,RPWNMLNJIIOFFBK78CA,0.0,0.0,0.0,,
公館鄉,土地,南河段761地號,1683.0,,山坡地保育區,農牧用地,1080904,土地2建物0車位0,,,其他,,,,0.0,0,0,0,有,無,900000,535,,0.0,0,,RPPNMLPJIIOFFBK28CA,0.0,0.0,0.0,,
造橋鄉,土地,東興段294地號,619.9,,山坡地保育區,丙種建築用地,1080924,土地2建物0車位0,,,其他,,,,0.0,0,0,0,有,無,4312000,6956,,0.0,0,,RPQNMLRLIIOFFDK98CA,0.0,0.0,0.0,,
苑裡鎮,土地,南勢林坑段648地號,11275.06,,山坡地保育區,農牧用地,1080918,土地2建物0車位0,,,其他,,,,0.0,0,0,0,有,無,6500000,576,,0.0,0,,RPPNMLKMIIOFFCK18CA,0.0,0.0,0.0,,
通霄鎮,土地,新埔段39-1地號,1060.0,,一般農業區,農牧用地,1080926,土地2建物0車位0,,,其他,,,,0.0,0,0,0,有,無,1448158,1366,,0.0,0,向政府機關承購之案件。；,RPSNMLKMIIOFFCK58DA,0.0,0.0,0.0,,
三義鄉,房地(土地+建物),苗栗縣三義鄉勝興村８鄰二十份２３７之４號,177.97,,山坡地保育區,丙種建築用地,1080902,土地3建物1車位0,全,三層,透天厝,住家用,鋼筋混凝土造,0840516,265.73,3,2,2,有,無,5800000,21827,,0.0,0,,RPRNMLOJIIOFFEK68CA,265.73,0.0,0.0,,
頭份市,房地(土地+建物),苗栗縣頭份市濫坑里１５鄰尖豐路７８３巷１弄８號,102.95,,山坡地保育區,丙種建築用地,1080912,土地2建物1車位0,全,三層,透天厝,住家用,鋼筋混凝土造,0850418,141.57,2,1,2,有,無,2400000,16953,,0.0,0,二親等間買賣,RPVNMLTJIIOFFFK07CA,103.03,38.54,0.0,,
頭份市,房地(土地+建物),苗栗縣頭份市成功里１８鄰忠孝二路１１５號十一樓之四,6.55,住,,,1080902,土地2建物1車位0,十一層,十一層,住宅大樓(11層含以上有電梯),住家用,鋼筋混凝土造,0831206,82.25,3,2,1,有,有,3010000,36596,,0.0,0,,RPVNMLMJIIOFFFK98CA,64.43,0.0,6.13,,
南庄鄉,土地,北獅里興段獅頭驛小段25-45地號,2187.0,,山坡地保育區,林業用地,1080910,土地1建物0車位0,,,其他,,,,0.0,0,0,0,有,無,450000,206,,0.0,0,,RPQNMLNJIIOFFFK58CA,0.0,0.0,0.0,,
三灣鄉,土地,三灣段113-1地號,80.01,,山坡地保育區,農牧用地,1080916,土地1建物0車位0,,,其他,,,,0.0,0,0,0,有,無,78400,980,,0.0,0,,RPPOMLRKIIOFFFK09CA,0.0,0.0,0.0,,
頭份市,房地(土地+建物),苗栗縣頭份市新華里２２鄰中正一路５７８巷１號,121.55,,鄉村區,乙種建築用地,1080907,土地1建物1車位0,全,三層,透天厝,住家用,加強磚造,0700921,208.85,0,0,0,無,無,3000000,14364,,0.0,0,,RPPNMLSKIIOFFFK09CA,208.85,0.0,0.0,,
頭份市,土地,尖下段1632地號,602.5,,特定農業區,農牧用地,1080916,土地3建物0車位0,,,其他,,,,0.0,0,0,0,有,無,1000000,1660,,0.0,0,,RPQNMLTJIIOFFFK56CA,0.0,0.0,0.0,,
頭份市,土地,大化段921地號,270.41,,山坡地保育區,農牧用地,1080912,土地2建物0車位0,,,其他,,,,0.0,0,0,0,有,無,2450000,9060,,0.0,0,,RPQNMLOJIIOFFFK68CA,0.0,0.0,0.0,,
頭份市,土地,信義段857地號,29.28,住,,,1080909,土地8建物0車位0,,,其他,,,,0.0,0,0,0,有,無,510530,17436,,0.0,0,,RPSNMLPJIIOFFFK98CA,0.0,0.0,0.0,,
竹南鎮,土地,東平段416-7地號,7.63,商,,,1080906,土地1建物0車位0,,,其他,,,,0.0,0,0,0,有,無,577362,75670,,0.0,0,向政府機關承購之案件。；,RPQNMLNLIIOFFDK68DA,0.0,0.0,0.0,,
苑裡鎮,土地,田寮段465-11地號,6.09,,特定農業區,甲種建築用地,1080912,土地1建物0車位0,,,其他,,,,0.0,0,0,0,有,無,100000,16420,,0.0,0,,RPPNMLRLIIOFFCK78CA,0.0,0.0,0.0,,
竹南鎮,房地(土地+建物)+車位,苗栗縣竹南鎮正南里３鄰環市路一段１３８巷２弄１１號六樓,12.45,住,,,1080901,土地1建物1車位1,六層,十六層,住宅大樓(11層含以上有電梯),住家用,鋼筋混凝土造,0841125,142.23000000000002,3,2,2,有,有,3800000,26717,坡道平面,0.0,0,,RPXNMLTJIIOFFDK07CA,90.98,0.0,14.03,,
竹南鎮,房地(土地+建物),苗栗縣竹南鎮中華里１８鄰文林街４１號四樓之一,13.4,住,,,1080905,土地1建物1車位0,四層,十六層,住宅大樓(11層含以上有電梯),住家用,鋼筋混凝土造,0830521,143.22,4,2,2,有,有,4800000,33515,,0.0,0,,RPQNMLOJIIOFFDK48CA,102.1,0.98,10.5,,
造橋鄉,房地(土地+建物),苗栗縣造橋鄉談文村５鄰育英街３６號二樓之二,14.58,,山坡地保育區,丙種建築用地,1080924,土地1建物1車位0,二層,三層,套房(1房1廳1衛),住家用,鋼筋混凝土造,0930623,20.87,1,1,1,有,有,352000,16866,,0.0,0,,RPRNMLOJIIOFFDK58CA,13.92,0.54,1.71,,
造橋鄉,房地(土地+建物),苗栗縣造橋鄉談文村５鄰學府路１１７號,55.58,,山坡地保育區,丙種建築用地,1080916,土地1建物1車位0,一層,三層,店面(店鋪),住家用,鋼筋混凝土造,0900629,57.31,1,1,1,有,無,1700000,29663,,0.0,0,,RPRNMLPKIIOFFDK78CA,46.66,8.96,0.0,,
苑裡鎮,房地(土地+建物),苗栗縣苑裡鎮福田里４鄰福田４６之１０號,136.14,,特定農業區,甲種建築用地,1080912,土地4建物1車位0,全,四層,透天厝,住家用,鋼筋混凝土造,1080703,268.05,5,3,4,有,無,9000000,33576,,0.0,0,,RPTNMLKKIIOFFCK38CA,255.13,0.0,12.92,,
苑裡鎮,房地(土地+建物),苗栗縣苑裡鎮福田里４鄰福田４６之３號,95.14,,特定農業區,甲種建築用地,1080912,土地4建物1車位0,全,四層,透天厝,住家用,鋼筋混凝土造,1080703,176.82,4,2,3,有,無,6450000,36478,,0.0,0,,RPUNMLKKIIOFFCK48CA,164.41,0.0,12.41,,
苑裡鎮,土地,苑港段963地號,1081.12,農,,,1080911,土地3建物0車位0,,,其他,,,,0.0,0,0,0,有,無,1960000,1813,,0.0,0,親友、員工或其他特殊關係間之交易。；,RPPOMLTJIIOFFCK88CA,0.0,0.0,0.0,,
苗栗市,房地(土地+建物)+車位,苗栗縣苗栗市文山里１７鄰自治路４０８巷９３號六樓之三,30.41,住,,,1080916,土地2建物1車位1,六層,十層,華廈(10層含以下有電梯),住家用,鋼筋混凝土造,1080318,163.92000000000002,3,2,2,有,有,6800000,41484,坡道平面,21.97,0,,RPWNMLLMIIOFFBK88CA,88.1,0.0,8.82,,
苗栗市,房地(土地+建物),苗栗縣苗栗市新英里１３鄰天祥８７號,104.84,,山坡地保育區,丙種建築用地,1080903,土地1建物1車位0,全,三層,透天厝,住家用,鋼筋混凝土造,0831122,185.53,3,3,3,有,無,2960000,15954,,0.0,0,,RPXNMLLMIIOFFBK98CA,174.25,0.0,11.28,,
苗栗市,房地(土地+建物),苗栗縣苗栗市維祥里２鄰維祥街１巷１３弄９號四樓,31.74,,鄉村區,乙種建築用地,1080916,土地1建物1車位0,四層,六層,華廈(10層含以下有電梯),住家用,鋼筋混凝土造,0870420,109.82,3,2,2,有,有,3750000,34147,,0.0,0,,RPXNMLPLIIOFFBK66CA,70.99,0.0,6.43,,
苗栗市,房地(土地+建物),苗栗縣苗栗市北苗里３４鄰中山北路８１號四樓,21.87,住,,,1080919,土地2建物1車位0,四層,,公寓(5樓含以下無電梯),住家用,鋼筋混凝土造,0710820,94.02,3,2,1,有,無,1568000,16677,,0.0,0,,RPUNMLRJIIOFFBK98CA,86.81,0.0,7.21,,
苑裡鎮,房地(土地+建物),苗栗縣苑裡鎮福田里４鄰福田４６之１１號,172.14,,特定農業區,甲種建築用地,1080912,土地4建物1車位0,全,四層,透天厝,住家用,鋼筋混凝土造,1080703,253.86,5,3,3,有,無,8800000,34665,,0.0,0,,RPXNMLKKIIOFFCK78CA,232.04,0.0,21.82,,
苗栗市,房地(土地+建物),苗栗縣苗栗市嘉新里１９鄰豪美街２２巷１６號三樓,40.51,住,,,1080918,土地2建物1車位0,三層,五層,華廈(10層含以下有電梯),住家用,鋼筋混凝土造,1040604,114.66,3,2,2,有,無,5300000,46224,,0.0,0,,RPPNMLRJIIOFFBK48CA,83.02,0.0,6.09,,
苗栗市,房地(土地+建物)+車位,苗栗縣苗栗市文山里１７鄰自治路４０８巷１８號３樓之１,38.18,住,,,1080911,土地1建物1車位1,三層,五層,華廈(10層含以下有電梯),住家用,鋼筋混凝土造,1070808,135.1,5,1,2,有,有,6280000,46484,一樓平面,0.0,0,,RPQNMLRJIIOFFBK58CA,88.88,3.5,8.59,,
竹南鎮,房地(土地+建物),苗栗縣竹南鎮大埔里２鄰科專六路２８５巷５號,81.61,住,,,1080906,土地2建物1車位0,全,四層,透天厝,住家用,鋼筋混凝土造,1071219,240.01,4,2,3,有,有,11360000,47331,,0.0,0,,RPUNMLRJIIOFFDK56CA,195.93,21.29,22.79,,
竹南鎮,房地(土地+建物),苗栗縣竹南鎮大厝里６鄰開元路１４６巷１弄１號,124.51,住,,,1080910,土地3建物1車位0,全,四層,透天厝,住家用,鋼筋混凝土造,0950606,214.93,4,2,3,有,無,9680000,45038,,0.0,0,,RPVNMLTJIIOFFDK86CA,190.67,12.67,11.59,,
竹南鎮,房地(土地+建物),苗栗縣竹南鎮海口里６鄰光德路２６１號,85.62,住,,,1080906,土地1建物1車位0,全,四層,透天厝,住家用,鋼筋混凝土造,1080319,216.41,3,3,4,有,無,13100000,60533,,0.0,0,,RPWNMLTJIIOFFDK96CA,189.38,0.0,27.03,,
竹南鎮,房地(土地+建物),苗栗縣竹南鎮山佳里２８鄰龍山路三段１巷３７弄２１號,105.26,住,,,1080903,土地2建物2車位0,全,三層,透天厝,住家用,鋼筋混凝土造,0980619,238.87,5,2,3,有,無,8860000,37091,,0.0,0,,RPQNMLSJIIOFFDK88CA,203.11,0.0,10.24,,
通霄鎮,房地(土地+建物),苗栗縣通霄鎮平安里１３鄰中正路３２７號,95.88,住,,,1080912,土地1建物1車位0,全,二層,透天厝,住家用,見其他登記事項,,151.35,4,2,2,有,無,5800000,38322,,0.0,0,,RPRNMLSLIIOFFCK09CA,151.35,0.0,0.0,,
通霄鎮,房地(土地+建物),苗栗縣通霄鎮五南里６鄰中山路６３２號,114.73,,山坡地保育區,丙種建築用地,1080905,土地1建物1車位0,全,二層,透天厝,住家用,鋼筋混凝土造,,153.9,3,1,2,有,無,2000000,12995,,0.0,0,,RPPNMLRJIIOFFCK68DA,153.9,0.0,0.0,,
公館鄉,房地(土地+建物),苗栗縣公館鄉館南村４鄰館南街１２８之１１號,102.3,住,,,1080916,土地1建物1車位0,全,三層,透天厝,住家用,鋼筋混凝土造,1070910,205.1,3,2,1,有,無,12800000,62409,,0.0,0,親友、員工或其他特殊關係間之交易。；,RPQNMLKMIIOFFBK28DA,191.98,0.0,13.12,,
南庄鄉,土地,田尾段588-50地號,238.65,,山坡地保育區,林業用地,1080923,土地2建物0車位0,,,其他,,,,0.0,0,0,0,有,無,1100000,4609,,0.0,0,,RPTNMLPJIIOFFFK09CA,0.0,0.0,0.0,,
頭份市,房地(土地+建物),苗栗縣頭份市上興里１５鄰永昌街４０號二樓,16.39,,山坡地保育區,丙種建築用地,1080905,土地1建物1車位0,二層,七層,華廈(10層含以下有電梯),住家用,鋼筋混凝土造,0860827,66.99000000000001,3,1,2,有,無,1800000,26870,,0.0,0,,RPQNMLRJIIOFFFK98CA,52.75,0.0,4.63,,
頭份市,土地,信義段276-3地號,371.55,農,,,1080923,土地1建物0車位0,,,其他,,,,0.0,0,0,0,有,無,1200000,3230,,0.0,0,,RPUNMLRJIIOFFFK76CA,0.0,0.0,0.0,,
頭份市,房地(土地+建物)+車位,苗栗縣頭份市上興里１５鄰永昌街５巷２號四樓,22.93,,山坡地保育區,丙種建築用地,1080901,土地1建物1車位2,四層,七層,華廈(10層含以下有電梯),住家用,鋼筋混凝土造,0860827,123.72,4,2,3,有,無,2630000,21258,一樓平面,27.6,0,,RPPNMLOKIIOFFFK68CA,72.29,0.0,7.81,,
頭份市,房地(土地+建物),苗栗縣頭份市上興里１７鄰永愛街１３號,91.65,,山坡地保育區,丙種建築用地,1080908,土地2建物1車位0,全,三層,透天厝,住家用,鋼筋混凝土造,0860827,172.1,4,2,3,有,有,4500000,26148,,0.0,0,,RPPNMLTJIIOFFFK09CA,148.57,23.53,0.0,,
頭份市,土地,和平段1183地號,65.34,商,,,1080911,土地1建物0車位0,,,其他,,,,0.0,0,0,0,有,無,1200000,18365,,0.0,0,,RPXNMLTJIIOFFFK27CA,0.0,0.0,0.0,,
頭份市,房地(土地+建物),苗栗縣頭份市成功里８鄰山下街１１３巷３１弄１號,108.89,住,,,1080911,土地1建物1車位0,全,三層,透天厝,住家用,鋼筋混凝土造,0920609,198.15,5,2,5,有,無,10000000,50467,,0.0,0,買方分擔土地增值稅87000元,RPPOMLQKIIOFFFK98CA,185.4,12.75,0.0,,
三灣鄉,土地,崁頂寮段567地號,59.67,,山坡地保育區,丙種建築用地,1080916,土地1建物0車位0,,,其他,,,,0.0,0,0,0,有,無,100240,1680,,0.0,0,,RPPNMLPLIIOFFFK88CA,0.0,0.0,0.0,,
西湖鄉,土地,二湖段556-13地號,326.33,,山坡地保育區,農牧用地,1080925,土地2建物0車位0,,,其他,,,,0.0,0,0,0,有,無,120000,368,,0.0,0,,RPRNMLRJIIOFFEK98CA,0.0,0.0,0.0,,
銅鑼鄉,土地,朝陽段1191地號,113.6,,,,1080921,土地2建物0車位0,,,其他,,,,0.0,0,0,0,有,無,1750000,15405,,0.0,0,包含公共設施保留地之交易。；,RPPNMLTJIIOFFEK98CA,0.0,0.0,0.0,,
西湖鄉,土地,二湖段1179-4地號,411.33,,山坡地保育區,農牧用地,1080925,土地1建物0車位0,,,其他,,,,0.0,0,0,0,有,無,150000,365,,0.0,0,,RPPNMLRJIIOFFEK78CA,0.0,0.0,0.0,,
南庄鄉,土地,北獅里興段北獅里興小段414地號,1126.2,,山坡地保育區,農牧用地,1080910,土地2建物0車位0,,,其他,,,,0.0,0,0,0,有,無,1500000,1332,,0.0,0,,RPRNMLRJIIOFFFK09CA,0.0,0.0,0.0,,
通霄鎮,土地,通東段1084地號,345.61,住,,,1080919,土地1建物0車位0,,,其他,,,,0.0,0,0,0,有,無,8886580,25713,,0.0,0,,RPQNMLSLIIOFFCK98CA,0.0,0.0,0.0,,
後龍鎮,土地,水尾子段1828地號,580.38,,特定農業區,農牧用地,1080912,土地1建物0車位0,,,其他,,,,0.0,0,0,0,有,無,1400000,2412,,0.0,0,有土地改良物。,RPTNMLNLIIOFFDK88CA,0.0,0.0,0.0,,
竹南鎮,房地(土地+建物)+車位,苗栗縣竹南鎮開元里１０鄰迎薰南路１４９號五樓,25.37,住,,,1080904,土地2建物1車位1,五層,七層,華廈(10層含以下有電梯),住家用,鋼筋混凝土造,1080620,95.03,2,2,1,有,有,4300000,45249,一樓平面,0.0,0,,RPQOMLKMIIOFFDK48CA,48.53,0.0,3.49,,
苗栗市,土地,文山段878地號,450.0,都市：其他:道路用地,,,1080925,土地6建物0車位0,,,其他,,,,0.0,0,0,0,有,無,250000,556,,0.0,0,包含公共設施保留地之交易。；,RPRNMLRJIIOFFBK68CA,0.0,0.0,0.0,,
大湖鄉,房地(土地+建物),苗栗縣大湖鄉鴻福７號,137.58,,山坡地保育區,丙種建築用地,1080916,土地1建物1車位0,全,四層,透天厝,住家用,鋼筋混凝土造,0890106,177.52,4,2,4,有,無,4500000,25349,,0.0,0,,RPPNMLQLIIOFFAK48CA,158.36,0.0,19.16,,
苑裡鎮,房地(土地+建物),苗栗縣苑裡鎮福田里４鄰福田４６之１６號,102.14,,特定農業區,甲種建築用地,1080912,土地4建物1車位0,全,三層,透天厝,住家用,鋼筋混凝土造,1080703,180.98,4,3,3,有,無,6600000,36468,,0.0,0,,RPVNMLKKIIOFFCK58CA,164.24,0.0,16.74,,
苑裡鎮,房地(土地+建物),苗栗縣苑裡鎮福田里４鄰福田４６之１３號,115.14,,特定農業區,甲種建築用地,1080912,土地4建物1車位0,全,三層,透天厝,住家用,鋼筋混凝土造,1080703,203.92,5,2,4,有,無,7500000,36779,,0.0,0,,RPPNMLKKIIOFFCK97CA,187.74,0.0,16.18,,
苗栗市,土地,福星段田寮小段210-3地號,458.0,,特定農業區,農牧用地,1080909,土地1建物0車位0,,,其他,,,,0.0,0,0,0,有,無,4847500,10584,,0.0,0,,RPPNMLSJIIOFFBK58CA,0.0,0.0,0.0,,
苗栗市,土地,福星段田寮小段210-4地號,458.0,,特定農業區,農牧用地,1080909,土地1建物0車位0,,,其他,,,,0.0,0,0,0,有,無,4847500,10584,,0.0,0,,RPQNMLSJIIOFFBK68CA,0.0,0.0,0.0,,
苗栗市,房地(土地+建物),苗栗縣苗栗市中苗里６鄰建台街１巷１０號六樓之一,29.51,住,,,1080912,土地5建物1車位0,六層,,華廈(10層含以下有電梯),住家用,鋼筋混凝土造,0810907,137.66,3,2,2,有,有,2700000,19614,,0.0,0,,RPOOMLLMIIOFFBK18CA,95.07,0.0,7.65,,
苗栗市,土地,恭敬段1259地號,60.0,住,,,1080919,土地3建物0車位0,,,其他,,,,0.0,0,0,0,有,無,2091720,34862,,0.0,0,畸零地或有合併使用之交易。；,RPSOMLOJJIOFFBK68CA,0.0,0.0,0.0,,
苗栗市,土地,恭敬段1381地號,40.5,住,,,1080919,土地2建物0車位0,,,其他,,,,0.0,0,0,0,有,無,1411911,34862,,0.0,0,畸零地或有合併使用之交易。；,RPTOMLOJJIOFFBK78CA,0.0,0.0,0.0,,
苗栗市,土地,恭敬段1381地號,40.5,住,,,1080919,土地2建物0車位0,,,其他,,,,0.0,0,0,0,有,無,1411911,34862,,0.0,0,畸零地或有合併使用之交易。；,RPUOMLOJJIOFFBK88CA,0.0,0.0,0.0,,
苗栗市,土地,恭敬段1438地號,5.5,住,,,1080919,土地1建物0車位0,,,其他,,,,0.0,0,0,0,有,無,191741,34862,,0.0,0,畸零地或有合併使用之交易。；,RPVOMLOJJIOFFBK98CA,0.0,0.0,0.0,,
苗栗市,土地,恭敬段1438地號,5.5,住,,,1080919,土地1建物0車位0,,,其他,,,,0.0,0,0,0,有,無,191741,34862,,0.0,0,畸零地或有合併使用之交易。；,RPWOMLOJJIOFFBK09CA,0.0,0.0,0.0,,
苗栗市,房地(土地+建物),苗栗縣苗栗市嘉盛里２３鄰為公路４８６巷３０號,191.94,,特定農業區,甲種建築用地,1080905,土地1建物1車位0,全,,透天厝,住家用,鋼筋混凝土造,0810530,446.57,6,4,7,有,無,9500000,21273,,0.0,0,,RPSNMLSKIIOFFBK98CA,446.57,0.0,0.0,,
苑裡鎮,土地,田中段1079地號,198.25,,特定農業區,甲種建築用地,1080926,土地1建物0車位0,,,其他,,,,0.0,0,0,0,有,無,1800000,9079,,0.0,0,,RPRNMLSJIIOFFCK88CA,0.0,0.0,0.0,,
苑裡鎮,土地,玉豐段915地號,1493.95,,特定農業區,農牧用地,1080906,土地1建物0車位0,,,其他,,,,0.0,0,0,0,有,無,4183060,2800,,0.0,0,向政府機關承購之案件。；,RPPNMLOKIIOFFCK38CA,0.0,0.0,0.0,,
通霄鎮,房地(土地+建物),苗栗縣通霄鎮平元里６鄰平元２２之５號,147.7,,山坡地保育區,丙種建築用地,1080916,土地1建物1車位0,全,一層,透天厝,住家用,加強磚造,,65.85,1,1,1,有,無,1500000,22779,,0.0,0,增值稅由買方繳納含增建或未登記建物。；,RPQNMLMLIIOFFCK38CA,65.85,0.0,0.0,,
竹南鎮,房地(土地+建物)+車位,苗栗縣竹南鎮大埔里１鄰大埔一街７５號二樓之一,47.4,住,,,1080910,土地1建物1車位1,二層,九層,華廈(10層含以下有電梯),住家用,鋼筋混凝土造,1051012,155.05,3,2,2,有,有,8100000,52241,坡道平面,21.02,0,,RPRNMLNLIIOFFDK68CA,85.66,0.0,9.98,,
竹南鎮,土地,新山佳段425-3地號,7.44,住,,,1080918,土地1建物0車位0,,,其他,,,,0.0,0,0,0,有,無,197100,26492,,0.0,0,畸零地或有合併使用之交易。；,RPQNMLSKIIOFFDK98CA,0.0,0.0,0.0,,
竹南鎮,房地(土地+建物)+車位,苗栗縣竹南鎮新南里７鄰永貞路二段９７號六樓之二,25.47,住,,,1080901,土地1建物1車位1,六層,十一層,住宅大樓(11層含以上有電梯),其他,鋼筋混凝土造,1020822,138.51999999999998,3,2,2,有,有,6100000,44037,坡道平面,28.99,0,,RPTNMLQKIIOFFDK09CA,76.7,0.0,5.49,,
竹南鎮,土地,海口段港子墘小段687地號,2650.0,,特定農業區,農牧用地,1080906,土地1建物0車位0,,,其他,,,,0.0,0,0,0,有,無,16032500,6050,,0.0,0,,RPWNMLRJIIOFFDK76CA,0.0,0.0,0.0,,
後龍鎮,土地,龍椅段640-1地號,296.24,住,,,1080904,土地1建物0車位0,,,其他,,,,0.0,0,0,0,有,無,15054480,50819,,0.0,0,,RPXNMLRJIIOFFDK86CA,0.0,0.0,0.0,,
竹南鎮,房地(土地+建物)+車位,苗栗縣竹南鎮大埔里２鄰科專六路３００號,27.66,住,,,1080916,土地1建物1車位1,一層,十一層,住宅大樓(11層含以上有電梯),商業用,鋼筋混凝土造,1051012,103.26,0,1,1,有,有,7850000,76022,一樓平面,21.0,0,,RPTNMLSJIIOFFDK56CA,57.56,0.0,0.0,,
後龍鎮,土地,過港段102地號,134.33,,山坡地保育區,農牧用地,1080920,土地1建物0車位0,,,其他,,,,0.0,0,0,0,有,無,203150,1512,,0.0,0,土地增值稅由買方負擔。,RPOOMLTJIIOFFDK88CA,0.0,0.0,0.0,,
後龍鎮,房地(土地+建物),苗栗縣後龍鎮北龍里７鄰中華路３８號,37.39,商,,,1080907,土地1建物1車位0,全,四層,透天厝,住商用,鋼筋混凝土造,0800115,182.23,5,1,4,有,無,6200000,34023,,0.0,0,,RPPOMLTJIIOFFDK98CA,172.15,0.0,10.08,,
頭份市,土地,大化段167地號,45.24,,鄉村區,乙種建築用地,1080918,土地1建物0車位0,,,其他,,,,0.0,0,0,0,有,無,500000,11052,,0.0,0,親友、員工或其他特殊關係間之交易。；,RPSNMLRJIIOFFFK56CA,0.0,0.0,0.0,,
頭份市,土地,湳湖段738-5地號,110.53,農,,,1080923,土地2建物0車位0,,,其他,,,,0.0,0,0,0,有,無,2000000,18095,,0.0,0,親友、員工或其他特殊關係間之交易。；,RPSNMLQKIIOFFFK56CA,0.0,0.0,0.0,,
頭份市,房地(土地+建物),苗栗縣頭份市培德新?３巷７號,87.58,,鄉村區,乙種建築用地,1080920,土地2建物1車位0,全,三層,透天厝,其他,鋼筋混凝土造,0881015,187.83,4,2,2,有,無,3500000,18634,,0.0,0,,RPPNMLSLIIOFFFK56CA,179.43,0.0,8.4,,
竹南鎮,房地(土地+建物),苗栗縣竹南鎮營盤里２３鄰延平路７７之１號３樓,23.0,住,,,1080919,土地1建物1車位0,三層,五層,公寓(5樓含以下無電梯),住家用,鋼筋混凝土造,0720501,83.80000000000001,2,1,1,有,無,3080000,36750,,0.0,0,,RPRNMLRKIIOFFDK09DA,70.76,0.0,3.92,,
南庄鄉,土地,南埔段275地號,1261.58,,特定農業區,農牧用地,1080910,土地1建物0車位0,,,其他,,,,0.0,0,0,0,有,無,900500,714,,0.0,0,向政府機關承購之案件。；,RPXNMLSJIIOFFFK27DA,0.0,0.0,0.0,,
頭份市,房地(土地+建物),苗栗縣頭份市民族里１３鄰東興路１８２之１４號四樓,27.71,住,,,1080920,土地1建物1車位0,四層,七層,華廈(10層含以下有電梯),住家用,鋼筋混凝土造,0821230,125.92999999999999,3,2,2,有,有,3650000,28984,,0.0,0,,RPWPMLOKIIOFFFK96CA,90.38,0.0,10.58,,
頭份市,房地(土地+建物),苗栗縣頭份市文化里９鄰文化街３２巷９９號二樓,34.99,住,,,1080906,土地1建物1車位0,二層,五層,公寓(5樓含以下無電梯),住家用,鋼筋混凝土造,0820611,105.84,3,2,2,有,無,3200000,30234,,0.0,0,,RPPOMLKMIIOFFFK58CA,92.05,0.0,5.79,,
頭份市,房地(土地+建物),苗栗縣頭份市斗煥里１１鄰介壽街４０巷２９號,520.0,,山坡地保育區,丁種建築用地,1080912,土地1建物1車位0,全,二層,透天厝,工業用,見其他登記事項,0720602,195.22,2,2,0,有,無,1800000,9220,,0.0,0,親友、員工或其他特殊關係間之交易。；,RPSNMLTJIIOFFFK76CA,192.65,0.0,2.57,,
頭份市,土地,大化段710-1地號,288.59,,山坡地保育區,丁種建築用地,1080912,土地1建物0車位0,,,其他,,,,0.0,0,0,0,有,無,1200000,4158,,0.0,0,親友、員工或其他特殊關係間之交易。；,RPTNMLTJIIOFFFK86CA,0.0,0.0,0.0,,
頭份市,土地,大化段710-2地號,869.42,,山坡地保育區,丁種建築用地,1080912,土地1建物0車位0,,,其他,,,,0.0,0,0,0,有,無,2800000,3221,,0.0,0,親友、員工或其他特殊關係間之交易。；,RPUNMLTJIIOFFFK96CA,0.0,0.0,0.0,,
銅鑼鄉,房地(土地+建物),苗栗縣銅鑼鄉文化街１５之３號,85.96,住,,,1080922,土地1建物1車位0,全,四層,透天厝,住家用,見其他登記事項,1080506,277.33,6,2,5,有,無,12280000,44279,,0.0,0,,RPQNMLTJIIOFFEK09CA,254.27,0.0,23.06,,
通霄鎮,土地,梅南東段78-3地號,2593.0,,山坡地保育區,農牧用地,1080902,土地3建物0車位0,,,其他,,,,0.0,0,0,0,有,無,8000000,3085,,0.0,0,,RPVNMLMLIIOFFCK88CA,0.0,0.0,0.0,,
通霄鎮,建物,苗栗縣通霄鎮通灣里１７鄰中山路１８６、１８８號,0.0,,,,1080909,土地0建物2車位0,一層,一層,工廠,工業用,見其他登記事項,1011012,1995.72,0,0,0,無,無,15891163,,,0.0,0,,RPTNMLKMIIOFFCK58CA,1995.72,0.0,0.0,,
竹南鎮,房地(土地+建物),苗栗縣竹南鎮開元里３鄰平等街一段７０號九樓之一,10.21,商,,,1080911,土地1建物1車位0,九層,十五層,住宅大樓(11層含以上有電梯),住家用,鋼筋混凝土造,1030929,83.92,2,2,1,有,有,3650000,43494,,0.0,0,,RPUNMLSJIIOFFDK66CA,54.58,2.6,6.35,,
竹南鎮,房地(土地+建物),苗栗縣竹南鎮營盤里１７鄰建國路３１３巷１０號四樓,26.53,住,,,1080915,土地1建物1車位0,四層,五層,公寓(5樓含以下無電梯),住家用,鋼筋混凝土造,1020703,71.95,2,2,1,有,有,3620000,50313,,0.0,0,,RPPNMLRKIIOFFDK78CA,56.28,2.36,2.95,,
竹南鎮,房地(土地+建物),苗栗縣竹南鎮中華里１６鄰環市路二段２２３巷２１號,96.19,住,,,1080910,土地1建物1車位0,全,四層,透天厝,住家用,鋼筋混凝土造,1020322,280.71,10,0,10,有,無,12600000,44886,,0.0,0,,RPSNMLPKIIOFFDK88CA,253.26,12.7,14.75,,
卓蘭鎮,土地,新庄段793-1地號,1295.09,農,,,1080926,土地2建物0車位0,,,其他,,,,0.0,0,0,0,有,無,6100000,4710,,0.0,0,,RPRNMLTJIIOFFAK78CA,0.0,0.0,0.0,,
通霄鎮,房地(土地+建物),苗栗縣通霄鎮平安里１３鄰中正路２４９號９樓之１,16.94,住,,,1080904,土地1建物2車位0,九層,十三層,住宅大樓(11層含以上有電梯),住家用,鋼筋混凝土造,0850701,138.92,4,2,2,有,有,2700000,19436,,0.0,0,,RPRNMLMLIIOFFCK48CA,103.17,0.0,10.77,,
苑裡鎮,房地(土地+建物),苗栗縣苑裡鎮福田里４鄰福田４６之１９號,122.14,,特定農業區,甲種建築用地,1080912,土地4建物1車位0,全,四層,透天厝,住家用,鋼筋混凝土造,1080703,217.35,5,3,3,有,無,7650000,35197,,0.0,0,,RPWNMLKKIIOFFCK68CA,204.02,0.0,13.33,,
苑裡鎮,房地(土地+建物),苗栗縣苑裡鎮山柑里６鄰仁義巷２７號,105.2,,特定農業區,甲種建築用地,1080907,土地2建物1車位0,全,三層,透天厝,住家用,鋼筋混凝土造,0690712,157.89,5,3,2,有,無,4200000,26601,,0.0,0,,RPTNMLTJIIOFFCK56CA,157.89,0.0,0.0,,
苑裡鎮,土地,田中段374地號,669.0,,特定農業區,農牧用地,1080913,土地1建物0車位0,,,其他,,,,0.0,0,0,0,有,無,2600000,3886,,0.0,0,,RPUNMLTJIIOFFCK66CA,0.0,0.0,0.0,,
苑裡鎮,房地(土地+建物),苗栗縣苑裡鎮福田里４鄰福田４６之２１號,142.14,,特定農業區,甲種建築用地,1080912,土地4建物1車位0,全,三層,透天厝,住家用,鋼筋混凝土造,1080703,204.42,4,3,3,有,無,7880000,38548,,0.0,0,,RPQNMLKKIIOFFCK08CA,191.09,0.0,13.33,,
公館鄉,土地,中義段1076地號,348.75,,特定農業區,農牧用地,1080921,土地1建物0車位0,,,其他,,,,0.0,0,0,0,有,無,1000000,2867,,0.0,0,親友、員工或其他特殊關係間之交易。；,RPPNMLTJIIOFFBK68CA,0.0,0.0,0.0,,
公館鄉,房地(土地+建物),苗栗縣公館鄉中義村８鄰中義１８６之５號,243.61,,特定農業區,甲種建築用地,1080907,土地4建物1車位0,全,四層,透天厝,住家用,鋼筋混凝土造,1071022,256.41,4,3,6,有,無,12500000,48750,,0.0,0,不動產役權二件併同移轉農地部分每坪1.5萬計價,RPUNMLMLIIOFFBK68CA,248.91,0.0,7.5,,
苗栗市,房地(土地+建物)+車位,苗栗縣苗栗市福麗里３３鄰忠孝１１０號五樓之二,92.96,,山坡地保育區,丙種建築用地,1080919,土地1建物1車位1,五層,五層,華廈(10層含以下有電梯),住家用,鋼筋混凝土造,1071205,137.33,3,2,2,有,有,6100000,44419,一樓平面,0.0,0,,RPQNMLOKIIOFFBK38CA,86.78,0.0,9.09,,
苗栗市,房地(土地+建物),苗栗縣苗栗市恭敬里１鄰中正路９２４號,107.0,都市：其他:道路用地,,,1080920,土地2建物1車位0,全,四層,透天厝,住商用,加強磚造,,332.02,4,2,4,有,無,7164732,21579,,0.0,0,親友、員工或其他特殊關係間之交易。；,RPRNMLRKIIOFFBK78CA,332.02,0.0,0.0,,
公館鄉,土地,新岡段621-9地號,588.67,農,,,1080928,土地2建物0車位0,,,其他,,,,0.0,0,0,0,有,無,3900000,6625,,0.0,0,,RPQNMLLLIIOFFBK18CA,0.0,0.0,0.0,,
苑裡鎮,房地(土地+建物),苗栗縣苑裡鎮福田里４鄰福田４６之５號,102.14,,特定農業區,甲種建築用地,1080912,土地4建物1車位0,全,三層,透天厝,住家用,鋼筋混凝土造,1080703,185.67,4,3,3,有,無,6500000,35008,,0.0,0,,RPRNMLKKIIOFFCK18CA,168.66,0.0,17.01,,
苑裡鎮,房地(土地+建物),苗栗縣苑裡鎮福田里４鄰福田４６之６號,109.14,,特定農業區,甲種建築用地,1080912,土地4建物1車位0,全,四層,透天厝,住家用,鋼筋混凝土造,1080703,206.06,5,2,3,有,無,7450000,36155,,0.0,0,,RPSNMLKKIIOFFCK28CA,188.02,0.0,18.04,,
竹南鎮,土地,竹興段429-1地號,21.67,住,,,1080909,土地2建物0車位0,,,其他,,,,0.0,0,0,0,有,無,624313,28810,,0.0,0,向政府機關承購之案件。；,RPUNMLOKIIOFFDK98CA,0.0,0.0,0.0,,
竹南鎮,房地(土地+建物),苗栗縣竹南鎮佳興里２３鄰環市路三段５８０號十四樓,26.99,住,,,1080910,土地1建物1車位0,十四層,十五層,住宅大樓(11層含以上有電梯),住家用,鋼筋混凝土造,1011213,190.04000000000002,4,2,2,有,無,8800000,46306,,0.0,0,買賣總價含室外車位編號C9,RPPOMLOKIIOFFDK58CA,130.38,5.89,2.72,,
竹南鎮,房地(土地+建物),苗栗縣竹南鎮佳興里２３鄰環市路三段５８０號十樓,26.99,住,,,1080910,土地1建物1車位0,十層,十五層,住宅大樓(11層含以上有電梯),住家用,鋼筋混凝土造,1011213,190.04000000000002,4,1,2,有,無,9000000,47358,,0.0,0,買賣總價含室外車位編號C3,RPROMLOKIIOFFDK78CA,130.38,5.89,2.72,,
竹南鎮,房地(土地+建物),苗栗縣竹南鎮中英里１６鄰保安林１２７號,80.0,,特定農業區,甲種建築用地,1080905,土地1建物1車位0,全,二層,透天厝,住家用,加強磚造,0710316,113.48,2,2,1,有,無,3200000,28199,,0.0,0,,RPPNMLPKIIOFFDK58CA,113.48,0.0,0.0,,
造橋鄉,房地(土地+建物),苗栗縣造橋鄉頭家城路仁愛巷５號,54.12,,鄉村區,乙種建築用地,1080908,土地1建物1車位0,全,二層,透天厝,住家用,鋼筋混凝土造,0690925,112.24,3,2,2,有,無,1750000,15592,,0.0,0,,RPPNMLSKIIOFFDK88CA,112.24,0.0,0.0,,
竹南鎮,房地(土地+建物)+車位,苗栗縣竹南鎮龍昇街１１９巷３號５樓之３,38.22,住,,,1080901,土地1建物1車位1,五層,五層,公寓(5樓含以下無電梯),住家用,鋼筋混凝土造,1040710,99.16999999999999,5,2,2,有,有,6430000,64838,一樓平面,0.0,0,,RPSNMLLLIIOFFDK58CA,66.85,0.0,4.36,,
苑裡鎮,土地,泰田段360地號,3766.0,,特定農業區,農牧用地,1080927,土地3建物0車位0,,,其他,,,,0.0,0,0,0,有,無,13722100,3644,,0.0,0,含地上未保存建物全部,RPSNMLSKIIOFFCK09CA,0.0,0.0,0.0,,
苑裡鎮,土地,泰田段355-1地號,78.0,,特定農業區,甲種建築用地,1080927,土地1建物0車位0,,,其他,,,,0.0,0,0,0,有,無,1227200,15733,,0.0,0,包含地上未保存建物全部,RPOOMLMLIIOFFCK28CA,0.0,0.0,0.0,,
頭份市,房地(土地+建物)+車位,苗栗縣頭份市文化里１６鄰八德二路２３３巷５６號十一樓,40.2,住,,,1080915,土地2建物1車位1,十一層,十三層,住宅大樓(11層含以上有電梯),住家用,鋼筋混凝土造,1060411,105.91,3,2,1,有,有,5550000,52408,其他,0.0,0,1.交易內含機車位1個 2.汽車位-室外法定平面車位1個,RPTNMLOKIIOFFFK09CA,63.44,0.0,6.53,,
頭份市,房地(土地+建物),苗栗縣頭份市頭份里２鄰中正路３０９號二樓,44.36,住,,,1080906,土地1建物1車位0,二層,五層,華廈(10層含以下有電梯),住家用,鋼筋混凝土造,1080708,129.86,3,2,2,有,無,7320000,56368,,0.0,0,,RPPPMLOKIIOFFFK88CA,85.82,0.0,8.7,,
頭份市,房地(土地+建物)+車位,苗栗縣頭份市文化里４鄰信義路３９５巷１８號二樓之２,37.85,住,,,1080923,土地1建物1車位1,二層,五層,華廈(10層含以下有電梯),住家用,鋼筋混凝土造,1070608,122.93,3,2,2,有,有,6600000,53689,一樓平面,0.0,0,,RPQPMLOKIIOFFFK98CA,78.59,0.0,9.47,,
頭份市,房地(土地+建物),苗栗縣頭份市頭份里２鄰中正路３１３號四樓,44.36,住,,,1080906,土地1建物1車位0,四層,五層,華廈(10層含以下有電梯),住家用,鋼筋混凝土造,1080708,129.86,3,2,2,有,無,7380000,56830,,0.0,0,,RPRPMLOKIIOFFFK09CA,85.82,0.0,8.7,,
頭份市,房地(土地+建物),苗栗縣頭份市頭份里２鄰中正路３１３號二樓,44.36,住,,,1080906,土地1建物1車位0,二層,五層,華廈(10層含以下有電梯),住家用,鋼筋混凝土造,1080708,129.86,3,2,2,有,無,7380000,56830,,0.0,0,,RPSPMLOKIIOFFFK56CA,85.82,0.0,8.7,,
頭份市,房地(土地+建物),苗栗縣頭份市頭份里２鄰中正路３０９號三樓,44.36,住,,,1080906,土地1建物1車位0,三層,五層,華廈(10層含以下有電梯),住家用,鋼筋混凝土造,1080708,129.86,3,2,2,有,無,7750000,59680,,0.0,0,,RPTPMLOKIIOFFFK66CA,85.82,0.0,8.7,,
頭份市,房地(土地+建物),苗栗縣頭份市頭份里２鄰中正路３１３號五樓,44.36,住,,,1080906,土地1建物1車位0,五層,五層,華廈(10層含以下有電梯),住家用,鋼筋混凝土造,1080708,129.86,3,2,2,有,無,7380000,56830,,0.0,0,,RPUPMLOKIIOFFFK76CA,85.82,0.0,8.7,,
頭份市,房地(土地+建物),苗栗縣頭份市頭份里２鄰中正路３１３號三樓,44.36,住,,,1080906,土地1建物1車位0,三層,五層,華廈(10層含以下有電梯),住家用,鋼筋混凝土造,1080708,129.86,3,2,2,有,無,7380000,56830,,0.0,0,,RPVPMLOKIIOFFFK86CA,85.82,0.0,8.7,,
頭份市,房地(土地+建物),苗栗縣頭份市頭份里２鄰中正路３１１號四樓,44.36,住,,,1080906,土地1建物1車位0,四層,五層,華廈(10層含以下有電梯),住家用,鋼筋混凝土造,1080708,129.86,3,2,2,有,無,7720000,59449,,0.0,0,,RPOOMLOKIIOFFFK68CA,85.82,0.0,8.7,,
頭份市,房地(土地+建物)+車位,苗栗縣頭份市後庄里７鄰公北三路１３０號十二樓,15.11,商,,,1080917,土地2建物1車位1,十二層,十五層,住宅大樓(11層含以上有電梯),住家用,鋼筋混凝土造,1080114,172.06,3,2,2,有,無,9100000,55455,坡道平面,27.8,1100000,,RPQOMLOKIIOFFFK88CA,84.65,2.13,9.77,,
頭份市,房地(土地+建物),苗栗縣頭份市頭份里２鄰中正路３０９號四樓,44.36,住,,,1080906,土地1建物1車位0,四層,五層,華廈(10層含以下有電梯),住家用,鋼筋混凝土造,1080708,129.86,3,2,2,有,無,7320000,56368,,0.0,0,,RPSOMLOKIIOFFFK09CA,85.82,0.0,8.7,,
頭份市,房地(土地+建物),苗栗縣頭份市頭份里２鄰中正路３１１號五樓,44.36,住,,,1080906,土地1建物1車位0,五層,五層,華廈(10層含以下有電梯),住家用,鋼筋混凝土造,1080708,129.86,3,2,2,有,無,6980000,53750,,0.0,0,,RPTOMLOKIIOFFFK56CA,85.82,0.0,8.7,,
頭份市,房地(土地+建物),苗栗縣頭份市頭份里２鄰中正路３０７號二樓,44.36,住,,,1080906,土地1建物1車位0,二層,五層,華廈(10層含以下有電梯),住家用,鋼筋混凝土造,1080708,129.86,3,2,2,有,無,7480000,57600,,0.0,0,,RPUOMLOKIIOFFFK66CA,85.82,0.0,8.7,,
頭份市,房地(土地+建物),苗栗縣頭份市頭份里２鄰中正路３０７號三樓,44.36,住,,,1080906,土地1建物1車位0,三層,五層,華廈(10層含以下有電梯),住家用,鋼筋混凝土造,1080708,129.86,3,2,2,有,無,7380000,56830,,0.0,0,,RPUNMLRKIIOFFFK86CA,85.82,0.0,8.7,,
頭份市,房地(土地+建物),苗栗縣頭份市頭份里２鄰中正路３０７號五樓,44.36,住,,,1080906,土地1建物1車位0,五層,五層,華廈(10層含以下有電梯),住家用,鋼筋混凝土造,1080708,129.86,3,2,2,有,無,7150000,55059,,0.0,0,,RPXOMLOKIIOFFFK96CA,85.82,0.0,8.7,,
頭份市,房地(土地+建物),苗栗縣頭份市建國里２鄰永安街１３６號,24.8,住,,,1080920,土地1建物1車位0,全,二層,透天厝,住家用,加強磚造,0721116,32.2,4,2,2,有,無,1000600,31075,,0.0,0,親友、員工或其他特殊關係間之交易。；,RPWNMLOKIIOFFFK76CA,32.2,0.0,0.0,,
頭份市,房地(土地+建物),苗栗縣頭份市後庄里４鄰信義路６８５巷１５弄５號二樓,20.5,住,,,1080917,土地3建物1車位0,二層,七層,華廈(10層含以下有電梯),住家用,見其他登記事項,0970918,78.19,2,2,1,有,有,2950000,37729,,0.0,0,,RPOVMLPKIIOFFFK86CA,59.99,0.0,0.0,,
頭份市,房地(土地+建物)+車位,苗栗縣頭份市蟠桃里１６鄰中央路５０７號十四樓,26.19,住,,,1080911,土地1建物1車位1,十四層,十四層,住宅大樓(11層含以上有電梯),住家用,鋼筋混凝土造,1060425,163.05,3,2,2,有,有,7500000,53394,坡道平面,39.44,900000,,RPPNMLQKIIOFFFK88CA,83.54,0.0,6.26,,
三灣鄉,土地,永和山段832-48地號,2502.33,,山坡地保育區,農牧用地,1080906,土地2建物0車位0,,,其他,,,,0.0,0,0,0,有,無,6120000,2446,,0.0,0,,RPXUMLPKIIOFFFK67CA,0.0,0.0,0.0,,
頭份市,房地(土地+建物)+車位,苗栗縣頭份市民權里４鄰銀河路２５８號七樓,21.34,住,,,1080905,土地1建物1車位1,七層,十三層,住宅大樓(11層含以上有電梯),住家用,鋼筋混凝土造,1070809,122.13999999999999,3,2,2,有,有,5550000,47445,坡道平面,26.24,1000000,,RPROMLQKIIOFFFK56CA,55.98,1.69,7.04,,
頭份市,房地(土地+建物),苗栗縣頭份市興隆里８鄰華興街１２巷１４號,91.75,,山坡地保育區,丙種建築用地,1080909,土地1建物1車位0,全,二層,透天厝,住家用,加強磚造,0701204,88.8,3,2,2,有,無,3800000,42793,,0.0,0,,RPVNMLRKIIOFFFK96CA,88.8,0.0,0.0,,
南庄鄉,土地,南興段368地號,174.23,,特定農業區,甲種建築用地,1080925,土地1建物0車位0,,,其他,,,,0.0,0,0,0,有,無,1040000,5969,,0.0,0,,RPUNMLOKIIOFFFK56CA,0.0,0.0,0.0,,
竹南鎮,土地,天聲段336地號,1.83,農,,,1080926,土地1建物0車位0,,,其他,,,,0.0,0,0,0,有,無,10000,5464,,0.0,0,持分地,RPSNMLSKIIOFFDK56CA,0.0,0.0,0.0,,
竹南鎮,房地(土地+建物),苗栗縣竹南鎮中美里１２鄰西門１８５號,37.32,住,,,1080919,土地1建物1車位0,全,二層,透天厝,住商用,加強磚造,0691110,48.29,3,1,2,有,無,1800000,37275,,0.0,0,二親等間買賣,RPQNMLPKIIOFFDK68CA,48.28,0.0,0.0,,
竹南鎮,房地(土地+建物),苗栗縣竹南鎮大埔里２鄰科專三路６９巷３號,129.77,住,,,1080905,土地4建物1車位0,全,三層,透天厝,住家用,鋼筋混凝土造,1041110,193.32,3,3,4,有,有,11100000,57418,,0.0,0,,RPPNMLQKIIOFFDK68CA,168.23,0.0,25.09,,
公館鄉,房地(土地+建物),苗栗縣公館鄉館南村５鄰弘南街３６之１號,98.42,住,,,1080915,土地1建物1車位0,全,三層,透天厝,住家用,鋼筋混凝土造,1080307,192.5,5,1,5,有,無,8900000,46234,,0.0,0,,RPSNMLLLIIOFFBK38CA,189.32,0.0,3.18,,
公館鄉,土地,新岡段167地號,6.35,工,,,1080928,土地1建物0車位0,,,其他,,,,0.0,0,0,0,有,無,150000,23622,,0.0,0,親友、員工或其他特殊關係間之交易。；,RPPNMLQKIIOFFBK48CA,0.0,0.0,0.0,,
苗栗市,房地(土地+建物),苗栗縣苗栗市水源里２２鄰金朝街４７號四樓,12.49,住,,,1080929,土地1建物1車位0,四層,十二層,住宅大樓(11層含以上有電梯),住家用,鋼筋混凝土造,0820701,105.51,3,2,2,有,有,1800000,17060,,0.0,0,,RPQNMLPKIIOFFBK48CA,73.01,0.75,9.11,,
苗栗市,房地(土地+建物)+車位,苗栗縣苗栗市文山里１７鄰自治路４０８巷９３號九樓之二,38.14,住,,,1080924,土地1建物1車位1,九層,十層,華廈(10層含以下有電梯),住家用,鋼筋混凝土造,1080318,215.87,4,2,2,有,有,12500000,57905,坡道平面,21.97,0,,RPPNMLLJJIOFFBK97CA,110.77,0.0,19.82,,
公館鄉,土地,關爺埔段1333-12地號,444.94,,特定農業區,農牧用地,1080923,土地1建物0車位0,,,其他,,,,0.0,0,0,0,有,無,2000000,4495,,0.0,0,親友、員工或其他特殊關係間之交易。；,RPPNMLLKJIOFFBK08CA,0.0,0.0,0.0,,
苗栗市,房地(土地+建物),苗栗縣苗栗市勝利里２５鄰新東街１３６巷８弄８號,64.0,住,,,1080926,土地1建物1車位0,全,,透天厝,住家用,加強磚造,,123.9,4,2,2,有,無,3300000,26634,,0.0,0,,RPTNMLRKIIOFFBK98CA,123.9,0.0,0.0,,
苗栗市,房地(土地+建物),苗栗縣苗栗市天祥３５之１號,198.17,,山坡地保育區,丙種建築用地,1080924,土地2建物1車位0,全,,透天厝,住家用,鋼筋混凝土造,0860812,191.96,5,2,3,有,無,5230000,27245,,0.0,0,,RPUNMLRKIIOFFBK09CA,191.96,0.0,0.0,,
頭屋鄉,土地,二岡坪段天花湖小段742地號,10105.0,,山坡地保育區,農牧用地,1080925,土地4建物0車位0,,,其他,,,,0.0,0,0,0,有,無,7000000,693,,0.0,0,親友、員工或其他特殊關係間之交易。；,RPUNMLLLIIOFFBK58CA,0.0,0.0,0.0,,
公館鄉,房地(土地+建物),苗栗縣公館鄉館東村１６鄰興東街２６號,75.0,住,,,1080913,土地3建物1車位0,全,,透天厝,住家用,鋼筋混凝土造,0820713,167.72,4,1,3,有,無,7000000,41736,,0.0,0,,RPVNMLLLIIOFFBK68CA,153.62,4.7,9.4,,
苑裡鎮,房地(土地+建物),苗栗縣苑裡鎮福田里４鄰福田４６之７號,117.14,,特定農業區,甲種建築用地,1080912,土地4建物1車位0,全,三層,透天厝,住家用,鋼筋混凝土造,1080703,204.31,4,2,3,有,無,7300000,35730,,0.0,0,,RPQNMLRKIIOFFCK78CA,191.09,0.0,13.22,,
苑裡鎮,房地(土地+建物),苗栗縣苑裡鎮福田里４鄰福田４６之２號,179.14,,特定農業區,甲種建築用地,1080912,土地4建物1車位0,全,四層,透天厝,住家用,鋼筋混凝土造,1080703,271.2,6,3,4,有,無,11150000,41114,,0.0,0,,RPRNMLRKIIOFFCK88CA,246.05,0.0,25.15,,
竹南鎮,房地(土地+建物)+車位,苗栗縣竹南鎮照南里２７鄰華東街５８號九樓之五,27.04,住,,,1080918,土地1建物1車位1,九層,十四層,住宅大樓(11層含以上有電梯),住家用,鋼筋混凝土造,1060224,161.17000000000002,3,2,2,有,有,9600000,59564,坡道平面,0.0,0,,RPPNMLKMIIOFFDK28CA,83.56,0.0,9.74,,
後龍鎮,土地,外埔段2069地號,1726.0,,特定農業區,農牧用地,1080904,土地1建物0車位0,,,其他,,,,0.0,0,0,0,有,無,2480000,1437,,0.0,0,,RPTNMLPKIIOFFDK98CA,0.0,0.0,0.0,,
苑裡鎮,土地,社柑段1876-7地號,130.52,,特定農業區,甲種建築用地,1080929,土地2建物0車位0,,,其他,,,,0.0,0,0,0,有,無,4500000,34477,,0.0,0,親友間買賣，含1/3未辦保存登記之建物,RPPNMLSLIIOFFCK88CA,0.0,0.0,0.0,,
通霄鎮,房地(土地+建物),苗栗縣通霄鎮通灣里,3326.69,,一般農業區,農牧用地,1080909,土地1建物2車位0,一層,一層,農舍,農業用,見其他登記事項,0990111,2256.0,5,1,2,有,無,8880000,,,0.0,0,,RPSNMLQJJIOFFCK88CA,2256.0,0.0,0.0,,
頭份市,房地(土地+建物)+車位,苗栗縣頭份市仁愛里４鄰仁愛路１號七樓,9.84,住,,,1080917,土地1建物2車位1,七層,十層,華廈(10層含以下有電梯),住家用,鋼筋混凝土造,0871202,85.17,3,2,2,有,有,3000000,35228,坡道機械,0.0,0,,RPSNMLOJJIOFFFK98CA,70.83,0.0,3.11,,
獅潭鄉,土地,竹木段45地號,3139.2,,山坡地保育區,農牧用地,1080901,土地1建物0車位0,,,其他,,,,0.0,0,0,0,有,無,4750000,1513,,0.0,0,,RPRNMLSKIIOFFAK88DA,0.0,0.0,0.0,,
竹南鎮,土地,鹽館前段山子坪小段523-1地號,657.0,工,,,1080920,土地1建物0車位0,,,其他,,,,0.0,0,0,0,有,無,9600000,14612,,0.0,0,向政府機關承購之案件。；,RPSNMLQKIIOFFDK09DA,0.0,0.0,0.0,,
頭份市,房地(土地+建物),苗栗縣頭份市頭份里２鄰中正路３０７號四樓,44.36,住,,,1080906,土地1建物1車位0,四層,五層,華廈(10層含以下有電梯),住家用,鋼筋混凝土造,1080708,129.86,3,2,2,有,無,6900000,53134,,0.0,0,,RPRNMLQKIIOFFFK09CA,85.82,0.0,8.7,,
頭份市,房地(土地+建物),苗栗縣頭份市頭份里２鄰中正路３０９號五樓,44.36,住,,,1080906,土地1建物1車位0,五層,五層,華廈(10層含以下有電梯),住家用,鋼筋混凝土造,1080708,129.86,3,2,2,有,無,7200000,55444,,0.0,0,,RPTNMLQKIIOFFFK66CA,85.82,0.0,8.7,,
頭份市,房地(土地+建物)+車位,苗栗縣頭份市後庄里３鄰信義路７１７巷１號三樓,34.79,住,,,1080920,土地2建物1車位1,三層,五層,華廈(10層含以下有電梯),住家用,鋼筋混凝土造,1060125,119.61,3,2,2,有,無,6200000,51835,一樓平面,0.0,0,,RPOOMLQKIIOFFFK88CA,75.41,0.0,7.2,,
頭份市,房地(土地+建物),苗栗縣頭份市復興街５７巷２號３樓,28.03,住,,,1080911,土地1建物1車位0,三層,五層,公寓(5樓含以下無電梯),住家用,見其他登記事項,1000627,115.05,4,1,4,有,無,5000000,43459,,0.0,0,,RPWNMLSLIIOFFFK27CA,81.67,4.2,8.68,,
苑裡鎮,房地(土地+建物),苗栗縣苑裡鎮福田里４鄰福田４６之８號,125.14,,特定農業區,甲種建築用地,1080912,土地4建物1車位0,全,四層,透天厝,住家用,鋼筋混凝土造,1080703,217.13,4,2,4,有,無,7600000,35002,,0.0,0,,RPQNMLLMIIOFFCK38CA,204.02,0.0,13.11,,
苑裡鎮,房地(土地+建物),苗栗縣苑裡鎮福田里４鄰福田４６之１２號,111.14,,特定農業區,甲種建築用地,1080912,土地4建物1車位0,全,三層,透天厝,住家用,鋼筋混凝土造,1080703,204.14,5,3,4,有,無,7380000,36152,,0.0,0,,RPRNMLLMIIOFFCK48CA,184.91,0.0,19.23,,
通霄鎮,土地,土城段1274地號,10921.0,,山坡地保育區,林業用地,1080918,土地1建物0車位0,,,其他,,,,0.0,0,0,0,有,無,1000000,92,,0.0,0,親友、員工或其他特殊關係間之交易。,RPTNMLSKIIOFFCK56CA,0.0,0.0,0.0,,
竹南鎮,房地(土地+建物)+車位,苗栗縣竹南鎮崎頂里１６鄰和勇街１９號三樓之一,14.67,,工業區,丁種建築用地,1080922,土地1建物1車位1,三層,五層,華廈(10層含以下有電梯),住家用,鋼筋混凝土造,1041126,59.010000000000005,2,1,1,有,有,3000000,50839,升降機械,0.0,0,,RPVNMLQKIIOFFDK66CA,37.91,0.0,5.37,,
苑裡鎮,房地(土地+建物),苗栗縣苑裡鎮福田里４鄰福田４６之９號,130.14,,特定農業區,甲種建築用地,1080912,土地4建物1車位0,全,三層,透天厝,住家用,鋼筋混凝土造,1080703,204.53,5,2,3,有,無,7600000,37158,,0.0,0,,RPTNMLRKIIOFFCK09CA,191.09,0.0,13.44,,
苗栗市,房地(土地+建物),苗栗縣苗栗市維祥里１８鄰玉維路６６號四樓之二,48.09,,鄉村區,乙種建築用地,1080922,土地2建物1車位0,四層,五層,華廈(10層含以下有電梯),住家用,鋼筋混凝土造,1060713,153.70000000000002,3,2,2,有,無,6800000,44242,,0.0,0,,RPPNMLRKIIOFFBK58CA,111.52,0.0,14.63,,
苗栗市,房地(土地+建物),苗栗縣苗栗市水源里２２鄰金陽街５號九樓,13.31,住,,,1080923,土地1建物1車位0,九層,十二層,住宅大樓(11層含以上有電梯),住家用,鋼筋混凝土造,0820701,112.83,3,2,2,有,有,2500000,22157,,0.0,0,,RPSNMLRJJIOFFBK88CA,72.92,4.47,14.95,,
苗栗市,房地(土地+建物)+車位,苗栗縣苗栗市福麗里１５鄰至公路５０１號五樓之二,29.58,住,,,1080906,土地1建物1車位1,五層,五層,華廈(10層含以下有電梯),住家用,鋼筋混凝土造,1080802,85.96000000000001,2,2,1,有,有,4600000,53513,一樓平面,0.0,0,,RPVNMLRJJIOFFBK56CA,51.6,0.0,3.9,,
大湖鄉,土地,大湖段478-3地號,1018.0,,山坡地保育區,農牧用地,1080918,土地3建物0車位0,,,其他,,,,0.0,0,0,0,有,無,180000,177,,0.0,0,,RPTNMLSKIIOFFAK98CA,0.0,0.0,0.0,,
頭屋鄉,房地(土地+建物),苗栗縣頭屋鄉獅潭村１５鄰億興街１３巷１３號,82.0,,鄉村區,乙種建築用地,1080926,土地1建物1車位0,全,二層,透天厝,住家用,加強磚造,0701228,114.31,3,2,2,有,無,2700000,23620,,0.0,0,,RPWNMLRJJIOFFBK66CA,104.5,0.0,9.81,,
頭屋鄉,土地,外獅潭段384-24地號,19.0,,鄉村區,乙種建築用地,1080926,土地1建物0車位0,,,其他,,,,0.0,0,0,0,有,無,160000,8421,,0.0,0,,RPXNMLRJJIOFFBK76CA,0.0,0.0,0.0,,
苗栗市,房地(土地+建物)+車位,苗栗縣苗栗市維祥里１６鄰四維街２８３巷１５號４樓之１,27.5,,特定農業區,甲種建築用地,1080921,土地1建物1車位1,四層,五層,華廈(10層含以下有電梯),住家用,鋼筋混凝土造,1060120,94.78999999999999,2,1,1,有,有,3950000,41671,坡道平面,0.0,0,,RPVNMLOJJIOFFBK88CA,60.14,0.0,5.77,,
苗栗市,房地(土地+建物),苗栗縣苗栗市恭敬里１１鄰東海街１５號四樓,33.3,住,,,1080917,土地1建物1車位0,四層,五層,華廈(10層含以下有電梯),住家用,鋼筋混凝土造,0790720,116.66,4,2,4,有,有,3980000,34116,,0.0,0,,RPQNMLQKJIOFFBK68CA,103.26,0.0,10.91,,
苗栗市,房地(土地+建物),苗栗縣苗栗市新英里１３鄰天祥１１８號,85.38,,山坡地保育區,丙種建築用地,1080923,土地1建物1車位0,全,三層,透天厝,住家用,鋼筋混凝土造,0831122,166.14,4,2,2,有,無,2300000,13844,,0.0,0,,RPRNMLQKJIOFFBK78CA,155.39,0.0,10.75,,
公館鄉,房地(土地+建物),苗栗縣公館鄉玉泉村８鄰玉泉２１１之５號,426.0,農,,,1080906,土地2建物1車位0,全,三層,透天厝,住家用,鋼筋混凝土造,1071024,268.85,5,2,3,有,無,18000000,66952,,0.0,0,,RPRNMLSKIIOFFBK88CA,268.85,0.0,0.0,,
苗栗市,土地,文聖段897-1地號,89.84,工,,,1080924,土地1建物0車位0,,,其他,,,,0.0,0,0,0,有,無,2928784,32600,,0.0,0,購買水利地向政府機關承購之案件。；,RPTNMLSKIIOFFBK09CA,0.0,0.0,0.0,,
苗栗市,土地,巨蛋段94地號,131.57,住,,,1080901,土地1建物0車位0,,,其他,,,,0.0,0,0,0,有,無,9150000,69545,,0.0,0,,RPPNMLLLIIOFFBK08CA,0.0,0.0,0.0,,
苗栗市,房地(土地+建物),苗栗縣苗栗市勝利里中正路２２鄰１０９９巷１弄５號,87.0,農,,,1080930,土地1建物1車位0,全,一層,透天厝,住家用,加強磚造,0620830,73.69,1,1,1,有,無,3700000,50210,,0.0,0,含增建或未登記建物。；,RPXNMLLLIIOFFBK88CA,73.69,0.0,0.0,,
苗栗市,房地(土地+建物),苗栗縣苗栗市文山里８鄰文發路１５７巷５２號,158.06,住,,,1080924,土地3建物1車位0,全,四層,透天厝,住家用,鋼筋混凝土造,1080325,229.6,6,2,3,有,無,11350000,49434,,0.0,0,,RPQNMLQLIIOFFBK68CA,214.2,0.0,15.4,,
苑裡鎮,房地(土地+建物),苗栗縣苑裡鎮福田里４鄰福田４６之２５號,135.14,,特定農業區,甲種建築用地,1080912,土地5建物1車位0,全,三層,透天厝,住家用,鋼筋混凝土造,1080703,185.8,3,3,3,有,無,7500000,40366,,0.0,0,,RPUNMLRKIIOFFCK56CA,175.93,0.0,9.87,,
苑裡鎮,房地(土地+建物),苗栗縣苑裡鎮福田里４鄰福田４６之２３號,121.14,,特定農業區,甲種建築用地,1080912,土地4建物1車位0,全,三層,透天厝,住家用,鋼筋混凝土造,1080703,199.5,4,3,3,有,無,7580000,37995,,0.0,0,,RPPNMLRKIIOFFCK68CA,186.17,0.0,13.33,,
後龍鎮,土地,龍富段504-1地號,241.81,住,,,1080930,土地1建物0車位0,,,其他,,,,0.0,0,0,0,有,無,9150000,37840,,0.0,0,,RPSNMLRKIIOFFDK09CA,0.0,0.0,0.0,,
後龍鎮,土地,新興段1104-2地號,430.81,,特定農業區,農牧用地,1080922,土地1建物0車位0,,,其他,,,,0.0,0,0,0,有,無,3150000,7312,,0.0,0,,RPVNMLSKIIOFFDK86CA,0.0,0.0,0.0,,
後龍鎮,土地,龍西段789地號,3139.0,,特定農業區,農牧用地,1080907,土地1建物0車位0,,,其他,,,,0.0,0,0,0,有,無,5030000,1602,,0.0,0,親友、員工或其他特殊關係間之交易。；,RPPNMLLLIIOFFDK28CA,0.0,0.0,0.0,,
竹南鎮,房地(土地+建物),苗栗縣竹南鎮大埔里１９鄰五福新村１１２號,127.67,,鄉村區,乙種建築用地,1080921,土地1建物1車位0,全,二層,透天厝,住家用,加強磚造,0700821,83.27,4,1,2,有,無,2900000,34826,,0.0,0,,RPXNMLTLIIOFFDK27CA,83.27,0.0,0.0,,
通霄鎮,土地,大坪頂段16-74地號,1184.0,,一般農業區,農牧用地,1080928,土地1建物0車位0,,,其他,,,,0.0,0,0,0,有,無,4500000,3801,,0.0,0,,RPQNMLNLIIOFFCK48CA,0.0,0.0,0.0,,
頭份市,房地(土地+建物),苗栗縣頭份市上興里１６鄰永祥街２８號,90.98,,山坡地保育區,丙種建築用地,1080928,土地2建物1車位0,全,三層,透天厝,住家用,鋼筋混凝土造,0860827,169.95,4,2,3,有,有,4000000,23536,,0.0,0,,RPXNMLQJJIOFFFK07CA,146.61,23.34,0.0,,
頭份市,房地(土地+建物),苗栗縣頭份市上興里１７鄰永愛街６４巷５８號,96.16,,山坡地保育區,丙種建築用地,1080912,土地3建物1車位0,全,三層,透天厝,住家用,鋼筋混凝土造,0860827,143.53,3,2,3,有,有,3300000,22992,,0.0,0,,RPRNMLSKIIOFFFK66CA,120.09,23.44,0.0,,
頭份市,房地(土地+建物)+車位,苗栗縣頭份市山下里８鄰翠亨路１４６號十樓,24.82,住,,,1080905,土地1建物1車位1,十層,十四層,住宅大樓(11層含以上有電梯),住家用,鋼筋混凝土造,1080416,165.85000000000002,3,2,2,有,有,7200000,44902,坡道平面,24.43,850000,交易內含機車位2個,RPUNMLLLIIOFFFK98CA,81.53,0.0,8.67,,
頭份市,房地(土地+建物)+車位,苗栗縣頭份市山下里８鄰翠亨路１５０號九樓,24.86,住,,,1080919,土地1建物1車位1,九層,十四層,住宅大樓(11層含以上有電梯),住家用,鋼筋混凝土造,1080416,164.62,3,2,2,有,有,7250000,46008,坡道平面,26.6,900000,交易內含機車位1個,RPWNMLLLIIOFFFK56CA,81.55,0.0,8.97,,
銅鑼鄉,土地,九湖南段979-1地號,166.0,,山坡地保育區,殯葬用地,1080926,土地1建物0車位0,,,其他,,,,0.0,0,0,0,有,無,131000,789,,0.0,0,塔位或墓園。；,RPPNMLMKJIOFFEK48CA,0.0,0.0,0.0,,
銅鑼鄉,土地,九湖南段979-2地號,166.0,,山坡地保育區,殯葬用地,1080926,土地1建物0車位0,,,其他,,,,0.0,0,0,0,有,無,131000,789,,0.0,0,塔位或墓園。；,RPPNMLPKJIOFFEK78CA,0.0,0.0,0.0,,
銅鑼鄉,土地,褔興段667-1地號,4.98,住,,,1080908,土地1建物0車位0,,,其他,,,,0.0,0,0,0,有,無,120000,24096,,0.0,0,,RPRNMLRKIIOFFEK09CA,0.0,0.0,0.0,,
頭份市,房地(土地+建物)+車位,苗栗縣頭份市後庄里２１鄰公園七街２９號二樓,15.79,商,,,1080901,土地1建物1車位1,二層,十四層,住宅大樓(11層含以上有電梯),住家用,鋼筋混凝土造,1041211,148.26,3,2,2,有,有,8900000,60014,坡道機械,9.96,600000,,RPPNMLMLIIOFFFK58CA,76.62,7.74,11.3,,
頭份市,土地,山下段721地號,602.54,農,,,1080909,土地2建物0車位0,,,其他,,,,0.0,0,0,0,有,無,7000000,11617,,0.0,0,,RPXNMLLLIIOFFFK66CA,0.0,0.0,0.0,,
頭份市,房地(土地+建物),苗栗縣頭份市東興路２２８號４樓,29.57,住,,,1080907,土地1建物1車位0,四層,五層,公寓(5樓含以下無電梯),住家用,鋼筋混凝土造,0700420,103.69,3,2,2,有,無,2400000,23146,,0.0,0,,RPQNMLLLIIOFFFK58CA,91.97,0.0,0.0,,
竹南鎮,房地(土地+建物),苗栗縣竹南鎮山佳里２９鄰龍山路三段２００巷５弄９號四樓,20.59,住,,,1080914,土地3建物1車位0,四層,五層,華廈(10層含以下有電梯),住家用,鋼筋混凝土造,0950830,69.88,2,1,1,有,無,2050000,29336,,0.0,0,,RPWNMLSLIIOFFDK07CA,43.32,0.0,2.8,,
造橋鄉,房地(土地+建物),苗栗縣造橋鄉談文村５鄰育英二街７號一樓之十二,20.11,,山坡地保育區,丙種建築用地,1080929,土地1建物1車位0,一層,三層,套房(1房1廳1衛),住家用,鋼筋混凝土造,0920331,28.580000000000002,1,1,1,有,無,450000,15745,,0.0,0,,RPWNMLSKIIOFFDK96CA,18.9,2.54,0.0,,
竹南鎮,房地(土地+建物),苗栗縣竹南鎮營盤里９鄰環市路三段１２巷１１２號,91.78,住,,,1080923,土地2建物1車位0,全,五層,透天厝,住家用,鋼筋混凝土造,1040626,285.3,4,2,3,有,無,13800000,48370,,0.0,0,,RPTNMLPLIIOFFDK09CA,240.63,7.04,0.0,,
苗栗市,房地(土地+建物),苗栗縣苗栗市文山里１７鄰自治路４０８巷９３號十樓之一,28.87,住,,,1080906,土地1建物1車位0,十層,十層,華廈(10層含以下有電梯),住家用,鋼筋混凝土造,1080318,147.47,3,2,2,有,有,7000000,47467,,0.0,0,,RPPNMLQKJIOFFBK58CA,84.18,0.0,14.31,,
苗栗市,房地(土地+建物),苗栗縣苗栗市勝利里３０鄰新東街１３６巷７號,121.0,住,,,1080923,土地2建物1車位0,全,,透天厝,住家用,鋼筋混凝土造,0801120,232.88,5,2,3,有,無,8950000,38432,,0.0,0,,RPQNMLLJJIOFFBK08CA,225.81,0.0,7.07,,
苗栗市,房地(土地+建物),苗栗縣苗栗市文聖里２２鄰文發路３７８巷１３弄７１之６號,138.86,住,,,1080916,土地3建物1車位0,全,四層,透天厝,住家用,鋼筋混凝土造,1050204,204.11,4,2,2,有,無,9350000,45809,,0.0,0,含增建或未登記建物。；,RPRNMLNKJIOFFBK48CA,189.34,2.07,12.7,,
苗栗市,房地(土地+建物),苗栗縣苗栗市福安里１８鄰中華東街４４０號八樓,16.07,住,,,1080926,土地1建物1車位0,八層,九層,華廈(10層含以下有電梯),住家用,鋼筋混凝土造,0881123,105.35,3,2,2,有,無,3060000,29046,,0.0,0,,RPRNMLQLIIOFFBK78CA,73.68,0.0,8.88,,
頭屋鄉,土地,明德段171地號,112.86,,山坡地保育區,林業用地,1080920,土地2建物0車位0,,,其他,,,,0.0,0,0,0,有,無,300000,2658,,0.0,0,,RPSNMLLMIIOFFBK48CA,0.0,0.0,0.0,,
苑裡鎮,土地,田心段1098地號,639.0,,特定農業區,甲種建築用地,1080918,土地1建物0車位0,,,其他,,,,0.0,0,0,0,有,無,41535,65,,0.0,0,向政府機關承購之案件。；,RPTNMLMLIIOFFCK68CA,0.0,0.0,0.0,,
造橋鄉,土地,淡文湖段816-2地號,3483.5,,山坡地保育區,農牧用地,1080922,土地2建物0車位0,,,其他,,,,0.0,0,0,0,有,無,2512000,721,,0.0,0,土增稅88099元由買方負擔,RPXNMLNLIIOFFDK66CA,0.0,0.0,0.0,,
竹南鎮,房地(土地+建物)+車位,苗栗縣竹南鎮新南里１１鄰民華街９巷１號六樓,32.36,住,,,1080901,土地1建物1車位1,六層,七層,華廈(10層含以下有電梯),住家用,鋼筋混凝土造,0980909,130.56,3,2,2,有,有,6250000,47871,坡道平面,0.0,0,,RPPNMLNLIIOFFDK48CA,77.3,1.87,4.83,,
竹南鎮,房地(土地+建物),苗栗縣竹南鎮頂埔里１２鄰中華路２４８號,122.28,工,,,1080912,土地1建物1車位0,全,四層,透天厝,工業用,鋼筋混凝土造,0810331,224.52,3,2,2,有,無,7380000,32870,,0.0,0,,RPQNMLOLIIOFFDK68CA,224.52,0.0,0.0,,
造橋鄉,房地(土地+建物),苗栗縣造橋鄉談文村５鄰育英街１８號二樓之三十二,15.17,,山坡地保育區,丙種建築用地,1080921,土地1建物1車位0,二層,三層,套房(1房1廳1衛),住家用,鋼筋混凝土造,0930513,20.759999999999998,1,1,1,有,有,300000,14451,,0.0,0,,RPTNMLSLIIOFFDK76CA,13.57,0.51,1.71,,
竹南鎮,房地(土地+建物)+車位,苗栗縣竹南鎮大厝里１１鄰大業街１１０號１０樓之３,51.41,住,,,1080920,土地1建物1車位2,十層,十四層,住宅大樓(11層含以上有電梯),住家用,鋼筋混凝土造,1050812,277.85,4,2,2,有,有,13950000,55943,坡道平面,64.24,2000000,,RPRNMLQJJIOFFDK88CA,131.17,0.0,17.54,,
頭份市,房地(土地+建物),苗栗縣頭份市中興里７鄰中興路３７９巷２０弄３１號,104.08,住,,,1080928,土地3建物1車位0,全,三層,透天厝,住家用,鋼筋混凝土造,1080430,177.55,3,2,4,有,有,12050000,67868,,0.0,0,,RPUNMLMLIIOFFFK09CA,167.87,0.0,9.68,,
頭份市,房地(土地+建物)+車位,苗栗縣頭份市田寮里１０鄰維新路３０之３號十五樓,19.87,商,,,1080916,土地2建物1車位1,十五層，見其他登記事項,十五層,住宅大樓(11層含以上有電梯),住家用,鋼筋混凝土造,1050415,207.19,4,2,3,有,無,12500000,64608,坡道平面,28.42,950000,本件含竹南鎮東平段土地面積4.4平方公尺,RPWNMLMLIIOFFFK66CA,122.22,0.0,12.89,,
頭份市,房地(土地+建物),苗栗縣頭份市自強里１鄰長安街１５０巷２０號,86.25,住,,,1080916,土地7建物1車位0,全,四層,透天厝,住家用,見其他登記事項,0960307,254.61,4,2,3,有,無,10680000,41947,,0.0,0,,RPWNMLTLIIOFFFK37CA,209.94,23.22,21.45,,
頭份市,房地(土地+建物),苗栗縣頭份市民權里４鄰銀河路２４２號,90.67,住,,,1080926,土地1建物1車位0,全,三層,透天厝,住家用,鋼筋混凝土造,1071030,208.11,3,3,4,有,無,11500000,55259,,0.0,0,,RPRNMLMLIIOFFFK78CA,186.72,0.0,21.39,,
頭份市,房地(土地+建物)+車位,苗栗縣頭份市田寮里１０鄰維新路２８之１號九樓,14.77,住,,,1080928,土地2建物1車位1,九層,十五層,住宅大樓(11層含以上有電梯),住家用,鋼筋混凝土造,1050415,157.29,3,2,2,有,無,7300000,46411,坡道平面,25.06,0,,RPXNMLTLIIOFFFK47CA,89.29,0.0,10.38,,
頭份市,房地(土地+建物),苗栗縣頭份市尖下里３鄰尖豐路３７０巷２３號,93.0,,特定農業區,甲種建築用地,1080924,土地1建物1車位0,全,三層,透天厝,住家用,加強磚造,0671001,182.5,4,2,3,有,無,3000000,16438,,0.0,0,,RPTNMLOLIIOFFFK56CA,182.5,0.0,0.0,,
頭份市,土地,永貞段193地號,138.4,住,,,1080917,土地2建物0車位0,,,其他,,,,0.0,0,0,0,有,無,7020000,50723,,0.0,0,,RPVNMLTLIIOFFFK27CA,0.0,0.0,0.0,,
頭份市,土地,民族段914-13地號,10.27,住,,,1080906,土地1建物0車位0,,,其他,,,,0.0,0,0,0,有,無,472420,46000,,0.0,0,,RPQOMLKMIIOFFFK68CA,0.0,0.0,0.0,,
銅鑼鄉,土地,天神段1221地號,1731.14,,特定農業區,農牧用地,1080917,土地1建物0車位0,,,其他,,,,0.0,0,0,0,有,無,3000000,1733,,0.0,0,親友、員工或其他特殊關係間之交易。；,RPPNMLSLIIOFFEK09CA,0.0,0.0,0.0,,
頭份市,房地(土地+建物),苗栗縣頭份市興隆里１９鄰興隆路一段２９１巷３弄９號,226.5,,山坡地保育區,丙種建築用地,1080921,土地3建物1車位0,全,三層,透天厝,住家用,見其他登記事項,0950626,195.13,5,2,3,有,無,9380000,48071,,0.0,0,,RPROMLTLIIOFFFK96CA,180.4,12.27,2.46,,
南庄鄉,土地,北獅里興段獅頭驛小段109-22地號,1985.0,,山坡地保育區,農牧用地,1080930,土地1建物0車位0,,,其他,,,,0.0,0,0,0,有,無,1500000,756,,0.0,0,,RPSPMLRLIIGGFFK98DA,0.0,0.0,0.0,,
南庄鄉,土地,北獅里興段獅頭驛小段109-35地號,249.0,,山坡地保育區,丙種建築用地,1080930,土地1建物0車位0,,,其他,,,,0.0,0,0,0,有,無,1570000,6305,,0.0,0,,SPSPMLRLIIGGFFK09DA,0.0,0.0,0.0,,
竹南鎮,房地(土地+建物)+車位,苗栗縣竹南鎮龍山里３鄰龍山路二段３２６巷１７號五樓,30.8,住,,,1080916,土地1建物1車位1,五層,七層,華廈(10層含以下有電梯),住家用,鋼筋混凝土造,1050524,130.5,3,2,2,有,有,6350000,48659,坡道機械,0.0,0,,RPQPMLOLIIOFFDK88CA,84.87,0.0,9.11,,
竹南鎮,房地(土地+建物)+車位,苗栗縣竹南鎮照南里２７鄰自強街５１號十樓之五,50.98,住,,,1080923,土地1建物1車位2,十層,十四層,住宅大樓(11層含以上有電梯),住家用,鋼筋混凝土造,1050325,302.0,4,2,3,有,有,17000000,63830,坡道平面,67.0,2000000,,RPPNMLSLIIOFFDK98CA,139.25,0.0,20.52,,
竹南鎮,房地(土地+建物),苗栗縣竹南鎮山佳里１３鄰正義街１１５巷１２弄６號,101.38,住,,,1080922,土地3建物1車位0,全,三層,透天厝,住家用,鋼筋混凝土造,0980117,172.84,4,2,3,有,無,9200000,53228,,0.0,0,,RPPNMLTLIIOFFDK09CA,161.88,4.4,6.56,,
竹南鎮,土地,成功段191-1地號,20.64,住,,,1080912,土地1建物0車位0,,,其他,,,,0.0,0,0,0,有,無,784320,38000,,0.0,0,向苗栗農田水利會承購之土地.,RPRNMLOJKIOFFDK78CA,0.0,0.0,0.0,,
竹南鎮,房地(土地+建物)+車位,苗栗縣竹南鎮大埔里１鄰大埔街３２號五樓之二,37.0,住,,,1080910,土地1建物1車位1,五層,十四層,住宅大樓(11層含以上有電梯),住家用,鋼筋混凝土造,1060725,151.61,3,2,2,有,有,8030000,58431,坡道平面,34.72,1200000,,RPRNMLOLIIOFFDK78CA,73.9,0.0,8.06,,
竹南鎮,房地(土地+建物),苗栗縣竹南鎮竹興里６鄰勤興街３７巷１０弄８號,81.2,住,,,1080923,土地1建物1車位0,全,二層,透天厝,住家用,加強磚造,0750531,107.68,6,2,5,有,無,4550000,42255,,0.0,0,含增建或未登記建物。；,RPRNMLMLIIOFFDK58CA,92.16,7.76,7.76,,
竹南鎮,房地(土地+建物)+車位,苗栗縣竹南鎮大埔里１鄰大埔街３２號六樓之二,37.0,住,,,1080912,土地1建物1車位1,六層,十四層,住宅大樓(11層含以上有電梯),住家用,鋼筋混凝土造,1060725,151.61,3,2,2,有,有,8030000,58431,坡道平面,34.72,1200000,,RPXNMLOLIIOFFDK76CA,73.9,0.0,8.06,,
竹南鎮,房地(土地+建物)+車位,苗栗縣竹南鎮大埔里１鄰大埔街３２號十四樓之二,37.0,住,,,1080909,土地1建物1車位1,十四層,十四層,住宅大樓(11層含以上有電梯),住家用,鋼筋混凝土造,1060725,151.61,3,2,2,有,有,8070000,58773,坡道平面,34.72,1200000,,RPOOMLOLIIOFFDK58CA,73.9,0.0,8.06,,
苑裡鎮,房地(土地+建物),苗栗縣苑裡鎮福田里４鄰福田４６之２０號,130.14,,特定農業區,甲種建築用地,1080912,土地4建物1車位0,全,三層,透天厝,住家用,鋼筋混凝土造,1080703,204.23,4,3,3,有,無,7600000,37213,,0.0,0,,RPPNMLNLIIOFFCK38CA,191.09,0.0,13.14,,
苑裡鎮,房地(土地+建物),苗栗縣苑裡鎮中正里４鄰中正１５之２６號,83.27,住,,,1080918,土地2建物1車位0,全,四層,透天厝,住家用,鋼筋混凝土造,1070704,181.44,5,1,3,有,有,6680000,36817,,0.0,0,,RPRNMLPLIIOFFCK78CA,172.13,0.0,9.31,,
竹南鎮,房地(土地+建物)+車位,苗栗縣竹南鎮大埔里１鄰大埔街３０號十二樓之六,27.17,住,,,1080909,土地1建物1車位1,十二層,十四層,住宅大樓(11層含以上有電梯),住家用,鋼筋混凝土造,1060725,120.26,3,2,2,有,有,6250000,59037,坡道平面,34.72,1200000,,RPPOMLOLIIOFFDK68CA,55.54,0.0,4.41,,
竹南鎮,房地(土地+建物)+車位,苗栗縣竹南鎮大埔里１鄰大埔街３２號三樓之五,28.91,住,,,1080916,土地1建物1車位1,三層,十四層,住宅大樓(11層含以上有電梯),住家用,鋼筋混凝土造,1060725,125.94,3,2,2,有,有,6520000,58321,坡道平面,34.72,1200000,,RPQOMLOLIIOFFDK78CA,57.15,0.0,6.75,,
竹南鎮,房地(土地+建物)+車位,苗栗縣竹南鎮大埔里１鄰大埔街３２號六樓之五,28.91,住,,,1080916,土地1建物1車位1,六層,十四層,住宅大樓(11層含以上有電梯),住家用,鋼筋混凝土造,1060725,125.94,3,2,2,有,有,6590000,59088,坡道平面,34.72,1200000,,RPROMLOLIIOFFDK88CA,57.15,0.0,6.75,,
竹南鎮,房地(土地+建物)+車位,苗栗縣竹南鎮大埔里１鄰大埔街３２號七樓之五,28.91,住,,,1080916,土地1建物1車位1,七層,十四層,住宅大樓(11層含以上有電梯),住家用,鋼筋混凝土造,1060725,125.94,3,2,2,有,有,6580000,58978,坡道平面,34.72,1200000,,RPSOMLOLIIOFFDK98CA,57.15,0.0,6.75,,
竹南鎮,房地(土地+建物)+車位,苗栗縣竹南鎮大埔里１鄰大埔街３２號九樓之五,28.91,住,,,1080916,土地1建物1車位1,九層,十四層,住宅大樓(11層含以上有電梯),住家用,鋼筋混凝土造,1060725,125.94999999999999,3,2,2,有,有,6580000,58972,坡道平面,34.72,1200000,,RPUOMLOLIIOFFDK56CA,57.15,0.0,6.75,,
竹南鎮,房地(土地+建物)+車位,苗栗縣竹南鎮大埔里１鄰大埔街３０號三樓之五,28.91,住,,,1080916,土地1建物1車位1,三層,十四層,住宅大樓(11層含以上有電梯),住家用,鋼筋混凝土造,1060725,125.94,3,2,2,有,有,6580000,58978,坡道平面,34.72,1200000,,RPVOMLOLIIOFFDK66CA,57.15,0.0,6.75,,
竹南鎮,房地(土地+建物)+車位,苗栗縣竹南鎮大埔里１鄰大埔街３０號四樓之五,28.91,住,,,1080916,土地1建物1車位1,四層,十四層,住宅大樓(11層含以上有電梯),住家用,鋼筋混凝土造,1060725,125.94,3,2,2,有,有,6580000,58978,坡道平面,34.72,1200000,,RPWOMLOLIIOFFDK76CA,57.15,0.0,6.75,,
竹南鎮,房地(土地+建物)+車位,苗栗縣竹南鎮大埔里１鄰大埔街３０號五樓之五,28.91,住,,,1080916,土地1建物1車位1,五層,十四層,住宅大樓(11層含以上有電梯),住家用,鋼筋混凝土造,1060725,125.94,3,2,2,有,有,6580000,58978,坡道平面,34.72,1200000,,RPXOMLOLIIOFFDK86CA,57.15,0.0,6.75,,
竹南鎮,房地(土地+建物)+車位,苗栗縣竹南鎮大埔里１鄰大埔街３２號六樓之三,27.17,住,,,1080917,土地1建物1車位1,六層,十四層,住宅大樓(11層含以上有電梯),住家用,鋼筋混凝土造,1060725,120.26,3,2,2,有,有,6240000,58920,坡道平面,34.72,1200000,,RPOPMLOLIIOFFDK68CA,55.54,0.0,4.41,,
竹南鎮,房地(土地+建物)+車位,苗栗縣竹南鎮大埔里１鄰大埔街３２號七樓之三,27.17,住,,,1080918,土地1建物1車位1,七層,十四層,住宅大樓(11層含以上有電梯),住家用,鋼筋混凝土造,1060725,120.26,3,2,2,有,有,6270000,59271,坡道平面,34.72,1200000,,RPPPMLOLIIOFFDK78CA,55.54,0.0,4.41,,
竹南鎮,房地(土地+建物),苗栗縣竹南鎮中華里１６鄰博愛街３１３巷１號五樓,9.13,住,,,1080914,土地1建物1車位0,五層,二十層,住宅大樓(11層含以上有電梯),住家用,鋼筋混凝土造,0851214,128.63,3,2,2,有,有,3650000,28376,,0.0,0,,RPOOMLNLIIOFFDK48CA,83.01,0.0,12.9,,
竹南鎮,房地(土地+建物)+車位,苗栗縣竹南鎮大埔里１鄰大埔街３２號五樓之五,28.91,住,,,1080916,土地1建物1車位1,五層,十四層,住宅大樓(11層含以上有電梯),住家用,鋼筋混凝土造,1060725,125.94,3,2,2,有,有,6580000,58978,坡道平面,34.72,1200000,,RPWNMLOLIIOFFDK66CA,57.15,0.0,6.75,,
竹南鎮,房地(土地+建物),苗栗縣竹南鎮中英里１７鄰保安林２６９號,85.0,,特定農業區,甲種建築用地,1080918,土地1建物1車位0,全,四層,透天厝,住家用,鋼筋混凝土造,1070604,216.5,4,2,4,有,有,10200000,47113,,0.0,0,,RPQNMLTLIIOFFDK56CA,194.74,3.08,18.68,,
竹南鎮,房地(土地+建物)+車位,苗栗縣竹南鎮照南里２７鄰自強街５１號七樓之二,55.38,住,,,1080923,土地1建物1車位2,七層,十四層,住宅大樓(11層含以上有電梯),住家用,鋼筋混凝土造,1050325,325.4,4,2,3,有,有,18000000,61920,坡道平面,67.0,2000000,,RPQNMLSLIIOFFDK09CA,154.79,0.0,20.92,,
頭份市,房地(土地+建物)+車位,苗栗縣頭份市仁愛里４鄰銀河路３６－１號,10.75,商,,,1080923,土地1建物2車位1,八層,十層,華廈(10層含以下有電梯),住家用,鋼筋混凝土造,0871202,105.16,3,2,2,有,有,3300000,31384,坡道機械,0.0,0,,RPRNMLPKJIOFFFK09CA,73.08,0.0,8.14,,
銅鑼鄉,土地,老雞隆段1013-92地號,141746.4,,山坡地保育區,農牧用地,1080904,土地9建物0車位0,,,其他,,,,0.0,0,0,0,有,無,40000000,282,,0.0,0,,RPPNMLTLIIOFFEK56CA,0.0,0.0,0.0,,
三義鄉,房地(土地+建物),苗栗縣三義鄉勝興村３鄰二十份４４號,79.46,,鄉村區,乙種建築用地,1080922,土地1建物1車位0,全,三層,透天厝,住家用,加強磚造,0690715,113.02,3,2,2,有,無,2600000,23005,,0.0,0,買賣價格為俗稱賣清價。,RPPNMLOLIIOFFEK68CA,0.0,0.0,0.0,,
頭份市,房地(土地+建物),苗栗縣頭份市上興里１５鄰永昌街７巷１號四樓,24.95,,山坡地保育區,丙種建築用地,1080903,土地1建物1車位0,四層,七層,華廈(10層含以下有電梯),住家用,鋼筋混凝土造,0860827,93.53,3,2,2,有,無,2000000,21384,,0.0,0,,RPQNMLKMIIOFFFK58CA,72.29,0.0,7.81,,
頭份市,房地(土地+建物),苗栗縣頭份市上興里１５鄰永昌街７巷３號四樓,24.34,,山坡地保育區,丙種建築用地,1080903,土地1建物1車位0,四層,七層,華廈(10層含以下有電梯),住家用,鋼筋混凝土造,0860827,91.08,3,2,2,有,無,2100000,23057,,0.0,0,,RPRNMLKMIIOFFFK68CA,72.07,0.0,5.92,,
頭份市,車位,苗栗縣頭份市上興里１２鄰永昌街１號地下室停車位（停車位編號：２４）,0.0,,,,1080903,土地0建物0車位1,,,其他,,,,0.0,0,0,0,有,無,300000,,一樓平面,13.56,300000,,RPOOMLTLIIOFFFK66CA,0.0,0.0,0.0,,
頭份市,房地(土地+建物)+車位,苗栗縣頭份市田寮里１鄰東田街４０巷４３號二樓,25.24,工,,,1080919,土地1建物1車位1,二層,六層,華廈(10層含以下有電梯),工業用,鋼筋混凝土造,0820726,131.9,3,2,2,有,無,3300000,25019,升降平面,25.0,0,,RPQOMLTLIIOFFFK86CA,86.43,0.0,9.97,,
頭份市,房地(土地+建物),苗栗縣頭份市上埔里４鄰中正一路１５５號三樓,27.01,商,,,1080924,土地1建物1車位0,三層,十二層,住宅大樓(11層含以上有電梯),住家用,鋼筋混凝土造,1041124,135.05,3,2,2,有,有,4500000,33321,,0.0,0,,RPPNMLTLIIOFFFK66CA,84.73,0.0,5.7,,
頭份市,房地(土地+建物),苗栗縣頭份市民權里１０鄰民族路２８５號,285.65,工,,,1080907,土地1建物1車位0,全,一層,透天厝,住家用,見其他登記事項,0560601,156.35,0,0,0,無,無,15800000,101055,,0.0,0,,RPQNMLPLIIOFFFK98CA,156.35,0.0,0.0,,
頭份市,房地(土地+建物)+車位,苗栗縣頭份市東庄里２４鄰華美街１０６號九樓,30.44,住,,,1080917,土地1建物1車位1,九層,十層,華廈(10層含以下有電梯),住家用,鋼筋混凝土造,1051115,155.14,3,2,2,有,有,7400000,47699,一樓平面,0.0,0,,RPSNMLSLIIOFFFK86CA,94.01,0.0,9.76,,
三義鄉,土地,鯉魚段996地號,4176.1,,特定農業區,農牧用地,1080916,土地5建物0車位0,,,其他,,,,0.0,0,0,0,有,無,8000000,1916,,0.0,0,,RPPNMLPJJIOFFEK68CA,0.0,0.0,0.0,,
卓蘭鎮,土地,卓蘭段2706地號,1305.0,,山坡地保育區,農牧用地,1080927,土地1建物0車位0,,,其他,,,,0.0,0,0,0,有,無,380000,291,,0.0,0,,RPQNMLLKJIOFFAK18DA,0.0,0.0,0.0,,
頭份市,房地(土地+建物),苗栗縣頭份市民生里６鄰富貴街１４巷２７號３樓,29.41,住,,,1080927,土地1建物1車位0,三層,七層,華廈(10層含以下有電梯),住家用,鋼筋混凝土造,0820820,122.44,3,2,2,有,有,3250000,26544,,0.0,0,,RPTNMLOJJIOFFFK09CA,80.98,0.0,10.3,,
頭份市,房地(土地+建物),苗栗縣頭份市成功里９鄰大亨街４５之１號,143.46,住,,,1080924,土地1建物1車位0,全,三層,透天厝,住家用,鋼筋混凝土造,0910823,226.64,5,2,5,有,有,11500000,50741,,0.0,0,,RPWNMLOJJIOFFFK76CA,217.32,9.32,0.0,,
苗栗市,房地(土地+建物),苗栗縣苗栗市１９鄰蕉嶺街１７巷１弄１１號,128.14,住,,,1080909,土地2建物1車位0,全,,透天厝,住家用,加強磚造,0680413,108.78,5,2,3,有,無,6000000,55157,,0.0,0,親友、員工或其他特殊關係間之交易。；,RPSNMLSLIIOFFBK56DA,108.78,0.0,0.0,,
竹南鎮,土地,大埔段中大埔小段1072地號,1164.67,,特定農業區,農牧用地,1080910,土地1建物0車位0,,,其他,,,,0.0,0,0,0,有,無,3800000,3263,,0.0,0,親友、員工或其他特殊關係間之交易。；,RPXNMLSLIIOFFDK17CA,0.0,0.0,0.0,,
通霄鎮,土地,北梅段790地號,128.73,,山坡地保育區,丙種建築用地,1080916,土地1建物0車位0,,,其他,,,,0.0,0,0,0,有,無,950000,7380,,0.0,0,,RPPNMLLJJIOFFCK08CA,0.0,0.0,0.0,,
苗栗市,房地(土地+建物),苗栗縣苗栗市福安里１８鄰中華東街４３０號五樓,15.61,住,,,1080925,土地1建物1車位0,五層,九層,華廈(10層含以下有電梯),住家用,鋼筋混凝土造,0881123,99.01,3,2,2,有,有,2550000,25755,,0.0,0,,RPRNMLLLJIOFFBK38CA,69.89,0.0,7.54,,
公館鄉,土地,台蠶段28-6地號,60.42,住,,,1080926,土地1建物0車位0,,,其他,,,,0.0,0,0,0,有,無,2313490,38290,,0.0,0,,RPTNMLLJJIOFFBK38CA,0.0,0.0,0.0,,
苗栗市,房地(土地+建物)+車位,苗栗縣苗栗市水源里６鄰金像園５號六樓之一,18.55,住,,,1080920,土地1建物1車位1,六層,,華廈(10層含以下有電梯),住家用,鋼筋混凝土造,0810930,116.59,3,2,2,有,有,2950000,25302,升降機械,8.68,0,,RPVNMLSLIIOFFBK76CA,70.44,1.44,11.48,,
苗栗市,土地,南勢坑段下南勢坑小段866地號,1800.0,,山坡地保育區,農牧用地,1080902,土地2建物0車位0,,,其他,,,,0.0,0,0,0,有,無,2060000,1144,,0.0,0,,RPPNMLLLJIOFFBK18CA,0.0,0.0,0.0,,
大湖鄉,房地(土地+建物),苗栗縣大湖鄉重光路１０７巷１３號,111.15,住,,,1080923,土地1建物1車位0,全,三層,透天厝,住家用,鋼筋混凝土造,0831124,296.39,4,2,3,有,無,3000000,10122,,0.0,0,,RPQNMLKMIIOFFAK08CA,239.95,7.38,9.99,,
苑裡鎮,房地(土地+建物),苗栗縣苑裡鎮福田里４鄰福田４６之１７號,108.14,,特定農業區,甲種建築用地,1080912,土地4建物1車位0,全,四層,透天厝,住家用,鋼筋混凝土造,1080703,205.68,4,3,3,有,無,6800000,33061,,0.0,0,,RPQNMLRLIIOFFCK88CA,184.84,0.0,20.84,,
通霄鎮,土地,圳頭段337-2地號,902.0,,一般農業區,農牧用地,1080916,土地1建物0車位0,,,其他,,,,0.0,0,0,0,有,無,950000,1053,,0.0,0,,RPRNMLKMIIOFFCK38CA,0.0,0.0,0.0,,
竹南鎮,土地,竹南段一小段644-6地號,260.0,住,,,1080930,土地2建物0車位0,,,其他,,,,0.0,0,0,0,有,無,18090000,69577,,0.0,0,,RPUNMLOJJIOFFDK98CA,0.0,0.0,0.0,,
後龍鎮,土地,龍南段1232-24地號,1.0,住,,,1080923,土地1建物0車位0,,,其他,,,,0.0,0,0,0,有,無,70200,0,,0.0,0,畸零地或有合併使用之交易。；向政府機關承購之案件。；,RPXNMLPLIIOFFDK86CA,0.0,0.0,0.0,,
三義鄉,房地(土地+建物),苗栗縣三義鄉勝興村１５鄰二十份４１４號,80.42,,鄉村區,乙種建築用地,1080925,土地1建物1車位0,全,二層,透天厝,住家用,加強磚造,0700911,151.43,3,2,2,有,無,3500000,23113,,0.0,0,,RPPNMLKMIIOFFEK38CA,137.02,14.41,0.0,,
西湖鄉,房地(土地+建物),苗栗縣西湖鄉龍洞村８鄰張屋１１之６號,3375.0,,山坡地保育區,農牧用地,1080921,土地2建物1車位0,一層，二層，屋頂突出物,二層,農舍,農業用,加強磚造,0880928,304.19,5,3,5,有,無,8000000,,,0.0,0,含增建或未登記建物。；,RPPNMLKLJIOFFEK38CA,304.19,0.0,0.0,,
頭份市,房地(土地+建物)+車位,苗栗縣頭份市田寮里１０鄰維新路２８之３號二樓,15.84,商,,,1080921,土地4建物1車位1,二層,十五層,住宅大樓(11層含以上有電梯),住家用,鋼筋混凝土造,1050415,158.23,3,2,2,有,無,6660000,42664,坡道平面,16.66,620000,本件含竹南鎮東平段土地面積3.5平方公尺,RPTNMLSLIIOFFFK96CA,96.32,0.0,10.38,,
南庄鄉,土地,員林段613-3地號,350.0,,,,1080912,土地1建物0車位0,,,其他,,,,0.0,0,0,0,有,無,434067,1240,,0.0,0,,RPWSMLLMIIOFFFK17CA,0.0,0.0,0.0,,
頭份市,房地(土地+建物),苗栗縣頭份市頭份里２鄰中正路３１１號二樓,44.36,住,,,1080906,土地1建物1車位0,二層,五層,華廈(10層含以下有電梯),住家用,鋼筋混凝土造,1080708,129.86,3,2,2,有,無,7880000,60681,,0.0,0,,RPXOMLKMIIOFFFK76CA,85.82,0.0,8.7,,
頭份市,房地(土地+建物),苗栗縣頭份市民族里１５鄰中華路９５３巷１７號六樓,10.28,住,,,1080927,土地1建物1車位0,六層,十三層,住宅大樓(11層含以上有電梯),住家用,鋼筋混凝土造,0840331,71.22,2,2,1,有,有,2200000,30890,,0.0,0,,RPVNMLSLIIOFFFK17CA,47.36,0.0,8.03,,
銅鑼鄉,土地,九湖北段554地號,389.06,,山坡地保育區,農牧用地,1080916,土地2建物0車位0,,,其他,,,,0.0,0,0,0,有,無,618000,1588,,0.0,0,,RPPNMLRJJIOFFEK88CA,0.0,0.0,0.0,,
頭份市,房地(土地+建物)+車位,苗栗縣頭份市東庄里１９鄰富強二街３０號三樓,28.15,住,,,1080909,土地1建物1車位1,三層,十五層,住宅大樓(11層含以上有電梯),住家用,鋼筋混凝土造,1080806,162.26,3,2,2,有,有,5800000,38781,坡道平面,37.2,950000,,RPTNMLMJJIOFFFK88CA,77.1,0.0,9.09,,
頭份市,房地(土地+建物)+車位,苗栗縣頭份市東庄里１９鄰富強二街３０號八樓,28.15,住,,,1080902,土地1建物1車位1,八層,十五層,住宅大樓(11層含以上有電梯),住家用,鋼筋混凝土造,1080806,162.82999999999998,3,2,2,有,有,6000000,40243,坡道平面,36.1,900000,,RPUNMLMJJIOFFFK98CA,77.1,1.66,9.09,,
頭份市,房地(土地+建物)+車位,苗栗縣頭份市東庄里１９鄰富強二街３２號四樓,30.54,住,,,1080916,土地1建物1車位1,四層,十五層,住宅大樓(11層含以上有電梯),住家用,鋼筋混凝土造,1080806,170.64,3,2,2,有,有,6050000,38219,坡道平面,37.2,950000,,RPWNMLMJJIOFFFK56CA,80.77,1.38,10.67,,
頭份市,房地(土地+建物)+車位,苗栗縣頭份市東庄里１９鄰富強二街３８號十一樓,28.15,住,,,1080902,土地1建物1車位1,十一層,十五層,住宅大樓(11層含以上有電梯),住家用,鋼筋混凝土造,1080806,163.93,3,2,2,有,有,6180000,41269,坡道平面,37.2,950000,,RPPNMLOJJIOFFFK68CA,77.11,1.66,9.09,,
竹南鎮,房地(土地+建物)+車位,苗栗縣竹南鎮大埔里１鄰大埔一街７５號六樓之三,27.79,住,,,1080924,土地1建物1車位1,六層,九層,華廈(10層含以下有電梯),住家用,鋼筋混凝土造,1051012,155.05,3,2,2,有,有,8300000,53531,坡道平面,21.02,0,,RPWNMLTLIIOFFDK17CA,85.66,0.0,9.98,,
苑裡鎮,土地,田中段754地號,1130.0,,特定農業區,農牧用地,1080917,土地1建物0車位0,,,其他,,,,0.0,0,0,0,有,無,2400000,2124,,0.0,0,,RPTNMLLMIIOFFCK68CA,0.0,0.0,0.0,,
通霄鎮,土地,竹林段709地號,645.22,住,,,1080902,土地1建物0車位0,,,其他,,,,0.0,0,0,0,有,無,4850000,7517,,0.0,0,,RPUNMLKMIIOFFCK68CA,0.0,0.0,0.0,,
苑裡鎮,土地,田中段756地號,513.0,,特定農業區,甲種建築用地,1080917,土地1建物0車位0,,,其他,,,,0.0,0,0,0,有,無,4200000,8187,,0.0,0,,RPQNMLSKJIOFFCK98CA,0.0,0.0,0.0,,
苑裡鎮,房地(土地+建物)+車位,苗栗縣苑裡鎮西平里９鄰介壽路２００號三樓之１,33.76,住,,,1080911,土地1建物1車位1,三層,八層,華廈(10層含以下有電梯),住家用,鋼筋混凝土造,1080220,132.82,3,2,2,有,無,5700000,42915,坡道平面,0.0,0,,RPQNMLKLJIOFFCK28CA,71.89,0.0,4.23,,
通霄鎮,房地(土地+建物),苗栗縣通霄鎮通西里２鄰信義路１７５號,183.14,住,,,1080909,土地1建物1車位0,全,一層,透天厝,住家用,磚造,,60.0,2,1,1,有,無,11629835,193831,,0.0,0,,RPPNMLPLJIOFFCK68CA,60.0,0.0,0.0,,
通霄鎮,房地(土地+建物),苗栗縣通霄鎮通西里２鄰信義路１７７號,338.1,住,,,1080909,土地2建物1車位0,全,一層,透天厝,住家用,磚造,,120.0,3,2,1,有,無,21470165,178918,,0.0,0,,SPPNMLPLJIOFFCK78CA,120.0,0.0,0.0,,
苗栗市,房地(土地+建物),苗栗縣苗栗市水源里６鄰金像園８號三樓之二,21.61,住,,,1080922,土地1建物1車位0,三層,,公寓(5樓含以下無電梯),住家用,鋼筋混凝土造,0810930,126.12,3,2,2,有,無,3650000,28941,,0.0,0,,RPUNMLLMIIOFFBK68CA,77.89,0.0,11.63,,
公館鄉,房地(土地+建物),苗栗縣公館鄉玉泉村４鄰玉泉１２１號,92.35,農,,,1080911,土地1建物1車位0,全,,透天厝,住家用,鋼筋混凝土造,0820216,129.74,4,2,2,有,無,3800000,29289,,0.0,0,,RPQNMLMKJIOFFBK28CA,121.1,4.32,4.32,,
苑裡鎮,房地(土地+建物)+車位,苗栗縣苑裡鎮西平里９鄰介壽路２００號七樓之５,27.29,住,,,1080917,土地1建物1車位1,七層,八層,華廈(10層含以下有電梯),住家用,鋼筋混凝土造,1080220,111.13,2,2,1,有,無,5000000,44992,坡道平面,0.0,0,含增建或未登記建物。；,RPRNMLKLJIOFFCK38CA,57.72,0.0,4.13,,
通霄鎮,土地,五南段299地號,6921.44,,山坡地保育區,丁種建築用地,1080904,土地6建物0車位0,,,其他,,,,0.0,0,0,0,有,無,55000000,7946,,0.0,0,,RPQNMLTKJIOFFCK09CA,0.0,0.0,0.0,,
苑裡鎮,房地(土地+建物)+車位,苗栗縣苑裡鎮西平里９鄰介壽路２００號八樓之８,32.89,住,,,1080924,土地1建物1車位1,八層,八層,華廈(10層含以下有電梯),住家用,鋼筋混凝土造,1080220,130.06,3,2,2,有,無,5800000,44595,一樓平面,0.0,0,,RPUNMLKLJIOFFCK68CA,70.64,0.0,3.61,,
後龍鎮,土地,龍南段1232-15地號,5.0,住,,,1080911,土地1建物0車位0,,,其他,,,,0.0,0,0,0,有,無,351000,70200,,0.0,0,,RPTNMLLMIIOFFDK78CA,0.0,0.0,0.0,,
竹南鎮,土地,竹南段一小段1514地號,344.0,商,,,1080909,土地1建物0車位0,,,其他,,,,0.0,0,0,0,有,無,40580000,117965,,0.0,0,,RPUNMLLMIIOFFDK88CA,0.0,0.0,0.0,,
竹南鎮,房地(土地+建物)+車位,苗栗縣竹南鎮山佳里１８鄰佳北二街５８巷２號六樓,21.2,住,,,1080928,土地1建物2車位1,六層,九層,華廈(10層含以下有電梯),住家用,鋼筋混凝土造,0880126,149.68,3,2,2,有,有,4200000,28060,坡道平面,0.0,0,,RPVNMLTLIIOFFDK07CA,82.87,0.0,10.81,,
造橋鄉,房地(土地+建物),苗栗縣造橋鄉大西村８鄰尖豐路１０３號,162.36,,鄉村區,乙種建築用地,1080921,土地1建物1車位0,全,二層,透天厝,住家用,鋼筋混凝土造,0721107,265.26,6,2,3,有,無,7300000,27520,,0.0,0,,RPUOMLLLJIOFFDK98CA,265.26,0.0,0.0,,
竹南鎮,房地(土地+建物),苗栗縣竹南鎮山佳里５鄰光復路５３６號五樓之三,11.54,商,,,1080917,土地1建物1車位0,五層,十五層,住宅大樓(11層含以上有電梯),住家用,鋼筋混凝土造,1041105,93.34,3,0,3,有,有,4000000,42854,,0.0,0,,RPSNMLPKJIOFFDK98CA,55.4,0.62,8.23,,
竹南鎮,房地(土地+建物),苗栗縣竹南鎮大埔里２鄰大埔七街３２號,108.0,住,,,1080912,土地2建物1車位0,全,四層,透天厝,住家用,鋼筋混凝土造,1040720,224.66,5,2,4,有,無,13800000,61426,,0.0,0,,RPUNMLSJJIOFFDK76CA,223.73,0.0,0.93,,
頭份市,房地(土地+建物)+車位,苗栗縣頭份市上埔里６鄰沙埔２０之２號,87.38,農,,,1080927,土地2建物1車位1,全,四層,透天厝,住家用,鋼筋混凝土造,0870227,205.25,5,2,3,有,無,7380000,35956,一樓平面,0.0,0,土地及建物分次登記案件。前案土地登記收件字號：；,RPVNMLOJJIOFFFK66CA,182.49,5.51,17.25,,
銅鑼鄉,土地,竹圍段1-988地號,330.0,,山坡地保育區,丙種建築用地,1080903,土地3建物0車位0,,,其他,,,,0.0,0,0,0,有,無,14050,43,,0.0,0,國有土地移轉,RPQNMLQLJIOFFEK56DA,0.0,0.0,0.0,,
頭份市,房地(土地+建物)+車位,苗栗縣頭份市後庄里２１鄰公園七街２５號八樓,16.2,商,,,1080907,土地1建物1車位1,八層,十四層,住宅大樓(11層含以上有電梯),住家用,鋼筋混凝土造,1041211,152.59,3,2,2,有,有,8750000,57343,坡道機械,9.96,0,,RPOPMLLMIIOFFFK68CA,85.69,1.93,10.56,,
頭份市,房地(土地+建物),苗栗縣頭份市蟠桃里５鄰立德街５５號,229.88,住,,,1080907,土地2建物1車位0,全,四層,透天厝,住商用,鋼筋混凝土造,0890103,252.41,5,2,5,有,無,13000000,51504,,0.0,0,,RPQNMLLMIIOFFFK68CA,236.38,9.35,6.68,,
三義鄉,土地,三叉段358-42地號,158.0,,,,1080908,土地3建物0車位0,,,其他,,,,0.0,0,0,0,有,無,897000,5677,,0.0,0,,RPQNMLOKJIOFFEK78CA,0.0,0.0,0.0,,
頭份市,房地(土地+建物),苗栗縣頭份市蟠桃里１８鄰信一街８號３樓,9.97,住,,,1080928,土地1建物1車位0,三層,五層,套房(1房1廳1衛),住家用,見其他登記事項,0960411,34.49,1,1,1,有,無,1550000,44941,,0.0,0,,RPSNMLQJJIOFFFK56CA,25.05,0.0,3.3,,
頭份市,房地(土地+建物),苗栗縣頭份市民生里３鄰光華街３１巷７號七樓,20.8,住,,,1080926,土地1建物1車位0,七層,七層,華廈(10層含以下有電梯),住家用,鋼筋混凝土造,0820820,111.44,3,2,2,有,有,3000000,26920,,0.0,0,,RPSNMLSJJIOFFFK76CA,74.82,1.91,11.36,,
竹南鎮,房地(土地+建物),苗栗縣竹南鎮開元里３鄰平等街一段６６號四樓之二,10.21,商,,,1080910,土地1建物1車位0,四層,十五層,住宅大樓(11層含以上有電梯),住家用,鋼筋混凝土造,1030929,87.14,2,2,1,有,無,3200000,36723,,0.0,0,,RPVNMLOJJIOFFDK09CA,55.45,2.87,6.26,,
竹南鎮,房地(土地+建物),苗栗縣竹南鎮營盤里１２鄰建興街２３巷８之１號,44.01,住,,,1080922,土地1建物1車位0,二層,二層,公寓(5樓含以下無電梯),住家用,鋼筋混凝土造,0690306,110.99000000000001,3,2,1,有,無,2550000,22975,,0.0,0,,RPPNMLOJJIOFFDK48CA,99.15,0.0,0.0,,
竹南鎮,房地(土地+建物),苗栗縣竹南鎮營盤里２４鄰建國路３４９號,83.07,住,,,1080901,土地2建物1車位0,全,五層,透天厝,住商用,鋼筋混凝土造,0931002,256.48,4,2,3,有,無,10730000,41836,,0.0,0,,RPWNMLQJJIOFFDK76CA,235.75,0.0,20.73,,
竹南鎮,房地(土地+建物),苗栗縣竹南鎮港墘里１６鄰光德路８６巷１０８號,78.18,住,,,1080902,土地2建物1車位0,全,四層,透天厝,住家用,鋼筋混凝土造,1080119,180.22,4,2,4,有,無,9600000,53268,,0.0,0,,RPRNMLLMIIOFFDK58CA,170.97,0.0,9.25,,
苑裡鎮,房地(土地+建物),苗栗縣苑裡鎮福田里４鄰福田４６之１８號,115.14,,特定農業區,甲種建築用地,1080912,土地4建物1車位0,全,四層,透天厝,住家用,鋼筋混凝土造,1080703,215.58,4,3,3,有,無,7180000,33306,,0.0,0,,RPVNMLLMIIOFFCK88CA,195.54,0.0,20.04,,
苑裡鎮,房地(土地+建物),苗栗縣苑裡鎮福田里４鄰福田４６之１５號,97.14,,特定農業區,甲種建築用地,1080912,土地4建物1車位0,全,三層,透天厝,住家用,鋼筋混凝土造,1080703,167.19,3,2,3,有,無,6500000,38878,,0.0,0,,RPSNMLLMIIOFFCK58CA,149.43,0.0,17.76,,
苗栗市,土地,文發段469地號,153.22,住,,,1080903,土地1建物0車位0,,,其他,,,,0.0,0,0,0,有,無,4600000,30022,,0.0,0,,RPRNMLKLJIOFFBK28CA,0.0,0.0,0.0,,
苗栗市,房地(土地+建物)+車位,苗栗縣苗栗市福麗里１５鄰至公路５０１號四樓之一,29.58,住,,,1080901,土地1建物1車位1,四層,五層,華廈(10層含以下有電梯),住家用,鋼筋混凝土造,1080802,87.25,2,2,2,有,有,4600000,52722,一樓平面,0.0,0,,RPSNMLKLJIOFFBK38CA,53.45,0.0,3.31,,
苗栗市,房地(土地+建物),苗栗縣苗栗市綠苗里１２鄰博愛街５７號,82.0,商,,,1080922,土地1建物1車位0,全,,透天厝,住家用,加強磚造,0670329,100.72,4,2,2,有,無,3400000,33757,,0.0,0,,RPPNMLOJJIOFFBK28CA,95.99,4.73,0.0,,
苗栗市,房地(土地+建物),苗栗縣苗栗市水源里２２鄰金陽街７號,6.45,住,,,1080918,土地1建物1車位0,一層,十二層,住宅大樓(11層含以上有電梯),住家用,鋼筋混凝土造,0820701,53.900000000000006,4,2,2,有,有,1275000,23651,,0.0,0,親友、員工或其他特殊關係間之交易。；,RPRNMLLJJIOFFBK18CA,35.42,7.01,0.0,,
苗栗市,房地(土地+建物),苗栗縣苗栗市北苗里１０鄰英才路４０８號,221.82,農,,,1080923,土地2建物4車位0,四層,四層,華廈(10層含以下有電梯),住家用,鋼筋混凝土造,1080319,592.6,10,7,7,有,有,48880000,82484,,0.0,0,,RPOOMLLJJIOFFBK97CA,338.79,0.0,39.51,,
苗栗市,房地(土地+建物)+車位,苗栗縣苗栗市福麗里３３鄰忠孝１０８號二樓之一,92.96,,山坡地保育區,丙種建築用地,1080912,土地1建物1車位1,二層,五層,華廈(10層含以下有電梯),住家用,鋼筋混凝土造,1071205,137.33,3,2,2,有,有,5550000,40414,一樓平面,0.0,0,,RPSNMLPJJIOFFBK68CA,86.78,0.0,9.09,,
苗栗市,房地(土地+建物)+車位,苗栗縣苗栗市福麗里３３鄰忠孝１１２號三樓之一,92.96,,山坡地保育區,丙種建築用地,1080921,土地1建物1車位1,三層,五層,華廈(10層含以下有電梯),住家用,鋼筋混凝土造,1071205,138.0,3,2,2,有,有,6000000,43478,一樓平面,0.0,0,,RPTNMLPJJIOFFBK78CA,87.45,0.0,9.09,,
苗栗市,房地(土地+建物)+車位,苗栗縣苗栗市文山里１７鄰自治路４０８巷１６號２樓之２,38.23,住,,,1080928,土地1建物1車位1,二層,五層,華廈(10層含以下有電梯),住家用,鋼筋混凝土造,1070808,131.1,3,2,2,有,無,6800000,51869,一樓平面,0.0,0,,RPPNMLOKJIOFFBK38CA,83.53,5.22,8.22,,
苗栗市,房地(土地+建物),苗栗縣苗栗市福安里１８鄰中華東街４４２號三樓之一,17.44,住,,,1080907,土地1建物1車位0,三層,九層,華廈(10層含以下有電梯),住家用,鋼筋混凝土造,0881123,140.85,3,1,2,有,無,3600000,25559,,0.0,0,,RPPNMLMLJIOFFBK28CA,78.39,0.0,11.71,,
泰安鄉,土地,圓墩段206地號,633.0,,山坡地保育區,農牧用地,1080910,土地1建物0車位0,,,其他,,,,0.0,0,0,0,有,無,300000,474,,0.0,0,,RPPNMLLJJIOFFAK87CA,0.0,0.0,0.0,,
後龍鎮,房地(土地+建物),苗栗縣後龍鎮南龍里２４鄰重德新村１４２號,2158.0,農,,,1080907,土地2建物1車位0,一層，二層，三層，四層，屋頂突出物,四層,農舍,農業用,鋼筋混凝土造,0900820,690.57,24,1,24,有,無,17800000,,,0.0,0,,RPRNMLNJJIOFFDK58CA,686.42,4.15,0.0,,
公館鄉,土地,五谷岡段566-38地號,18.0,工,,,1080923,土地1建物0車位0,,,其他,,,,0.0,0,0,0,有,無,405000,22500,,0.0,0,向政府機關承購之案件。；,RPQNMLPJJIOFFBK58DA,0.0,0.0,0.0,,
頭份市,房地(土地+建物)+車位,苗栗縣頭份市東庄里１９鄰富強一街７號十四樓,29.34,住,,,1080923,土地1建物1車位1,十四層,十五層,住宅大樓(11層含以上有電梯),住家用,鋼筋混凝土造,1070629,169.04,3,2,2,有,有,5850000,37235,坡道平面,36.1,900000,,RPPNMLMJJIOFFFK48CA,80.77,1.38,10.67,,
頭份市,房地(土地+建物)+車位,苗栗縣頭份市東庄里１９鄰富強一街２５號十五樓,28.15,住,,,1080924,土地1建物1車位1,十五層,十五層,住宅大樓(11層含以上有電梯),住家用,鋼筋混凝土造,1070629,163.20999999999998,3,2,2,有,有,5880000,39514,坡道平面,37.18,900000,,RPRNMLMJJIOFFFK68CA,77.02,1.66,9.09,,
頭份市,房地(土地+建物),苗栗縣頭份市後庄里４鄰信義路６８５巷１５弄５號六樓,20.5,住,,,1080926,土地3建物1車位0,六層,七層,華廈(10層含以下有電梯),住家用,見其他登記事項,0970918,78.19,2,1,2,有,無,3300000,42205,,0.0,0,,RPRNMLNKJIOFFFK88CA,59.99,0.0,0.0,,
頭份市,房地(土地+建物),苗栗縣頭份市中興里４鄰自立街３１巷５３號六樓,15.75,商,,,1080916,土地3建物1車位0,六層,六層,華廈(10層含以下有電梯),辦公用,見其他登記事項,1000728,58.77,2,1,1,有,有,3400000,57853,,0.0,0,,RPUNMLLKJIOFFFK98CA,36.3,1.2,3.19,,
頭份市,土地,中央段916地號,1919.73,,,,1080918,土地1建物0車位0,,,其他,,,,0.0,0,0,0,有,無,40649000,21174,,0.0,0,,RPPNMLRLJIOFFFK56CA,0.0,0.0,0.0,,
竹南鎮,房地(土地+建物),苗栗縣竹南鎮照南里２３鄰立達街１２８巷３號,69.49,住,,,1080930,土地2建物1車位0,全,四層,透天厝,住家用,鋼筋混凝土造,0980202,220.58,3,3,4,有,無,10600000,48055,,0.0,0,,RPOOMLQJJIOFFDK68CA,178.35,19.16,23.07,,
竹南鎮,房地(土地+建物)+車位,苗栗縣竹南鎮照南里１０鄰三泰街２０號五樓,24.84,住,,,1080908,土地1建物1車位1,五層,六層,華廈(10層含以下有電梯),住家用,鋼筋混凝土造,0820330,127.06,3,2,2,有,無,3200000,25185,坡道機械,20.24,0,,RPRNMLMKJIOFFDK58CA,72.03,15.03,0.0,,
竹南鎮,房地(土地+建物),苗栗縣竹南鎮大埔里２２鄰五福街６５巷４弄２０號,100.71,,山坡地保育區,丙種建築用地,1080915,土地1建物1車位0,全,四層,透天厝,住家用,鋼筋混凝土造,0830607,194.45,4,2,3,有,無,5450000,28028,,0.0,0,,RPQNMLOJJIOFFDK58CA,168.52,10.57,15.36,,
竹南鎮,房地(土地+建物)+車位,苗栗縣竹南鎮大埔里１鄰大埔一街９１號九樓之一,47.4,住,,,1080920,土地1建物1車位1,九層,九層,華廈(10層含以下有電梯),住家用,鋼筋混凝土造,1051012,154.95,3,2,2,有,有,8600000,55502,坡道平面,21.02,0,,RPVNMLPJJIOFFDK56CA,86.25,0.0,9.33,,
大湖鄉,土地,南湖段1330-190地號,2736.0,,山坡地保育區,農牧用地,1080927,土地1建物0車位0,,,其他,,,,0.0,0,0,0,有,無,3200000,1170,,0.0,0,,RPPNMLPJJIOFFAK28CA,0.0,0.0,0.0,,
苗栗市,房地(土地+建物),苗栗縣苗栗市中山路４７號二樓,18.85,都市：其他:住商,,,1080930,土地2建物1車位0,二層,,華廈(10層含以下有電梯),住商用,鋼筋混凝土造,0730730,120.68,2,1,1,有,無,1400000,11601,,0.0,0,親友、員工或其他特殊關係間之交易。；,RPOOMLOJJIOFFBK28CA,113.31,0.0,7.37,,
苗栗市,房地(土地+建物),苗栗縣苗栗市文聖里１３鄰文發路５５８巷１９號,632.0,,特定農業區,農牧用地,1080923,土地1建物1車位0,全,一層,透天厝,農業用,加強磚造,1020408,67.02,2,1,1,有,無,4000000,59684,,0.0,0,親友、員工或其他特殊關係間之交易。；,RPSNMLQJJIOFFBK78CA,67.02,0.0,0.0,,
苗栗市,土地,巨蛋段447地號,140.16,住,,,1080903,土地1建物0車位0,,,其他,,,,0.0,0,0,0,有,無,8000000,57078,,0.0,0,二親等內親屬特殊關係之交易,RPPNMLQJJIOFFBK48CA,0.0,0.0,0.0,,
後龍鎮,土地,龍南段1232-16地號,5.0,住,,,1080930,土地1建物0車位0,,,其他,,,,0.0,0,0,0,有,無,351000,70200,,0.0,0,,RPTNMLPJJIOFFDK98CA,0.0,0.0,0.0,,
通霄鎮,土地,雲天段1325地號,3226.11,,一般農業區,農牧用地,1080925,土地1建物0車位0,,,其他,,,,0.0,0,0,0,有,無,7807186,2420,,0.0,0,,RPQNMLQJJIOFFCK68CA,0.0,0.0,0.0,,
苑裡鎮,房地(土地+建物),苗栗縣苑裡鎮苑港里２鄰苑港１０之６７號,1636.0,,特定農業區,農牧用地,1080927,土地3建物1車位0,一層，二層，三層,三層,農舍,農業用,鋼筋混凝土造,1050413,306.47,5,3,4,有,無,19000000,,,0.0,0,,RPQNMLMJKIOFFCK38CA,303.54,0.0,2.93,,
頭份市,房地(土地+建物),苗栗縣頭份市新華里１４鄰中正一路２４８巷２１號,96.62,住,,,1080925,土地1建物1車位0,全,二層,透天厝,住家用,加強磚造,0761219,132.2,4,2,3,有,無,5250000,39713,,0.0,0,,RPQNMLRJJIOFFFK09CA,124.84,0.0,7.36,,
銅鑼鄉,房地(土地+建物),苗栗縣銅鑼鄉雙峰路文園巷７９號,139.08,,山坡地保育區,丙種建築用地,1080928,土地1建物1車位0,全,三層,透天厝,住家用,見其他登記事項,1050527,183.17,5,1,3,有,無,7000000,38216,,0.0,0,,RPQNMLTLJIOFFEK76CA,175.31,0.0,7.86,,
頭份市,房地(土地+建物)+車位,苗栗縣頭份市後庄里７鄰公北三路１１８號三樓,16.38,商,,,1080922,土地2建物1車位1,三層,十五層,住宅大樓(11層含以上有電梯),住家用,鋼筋混凝土造,1080114,186.76,4,2,2,有,無,9500000,52214,坡道平面,27.8,1200000,,RPWNMLQJJIOFFFK96CA,94.2,3.67,8.94,,
頭份市,房地(土地+建物)+車位,苗栗縣頭份市上埔里４鄰中正一路１４７號十二樓,32.88,商,,,1080906,土地1建物1車位1,十二層,十二層,住宅大樓(11層含以上有電梯),住家用,鋼筋混凝土造,1041124,192.57,3,2,2,有,有,5600000,27689,坡道平面,26.44,1000000,地政士僅受託買賣案件登記，並未代理撰擬不動產買賣契約書，本成交資訊係由不動產經紀業提供成交案件實際資訊供地政士申報登錄。親友、員工或其他特殊關係間之交易。；,RPUOMLQLJIOFFFK07CA,88.97,0.0,21.96,,
頭份市,土地,民族段914-18地號,10.44,住,,,1080925,土地1建物0車位0,,,其他,,,,0.0,0,0,0,有,無,480240,46000,,0.0,0,,RPXNMLTJKIOFFFK47CA,0.0,0.0,0.0,,
苑裡鎮,房地(土地+建物),苗栗縣苑裡鎮福田里４鄰福田４６之２２號,137.14,,特定農業區,甲種建築用地,1080912,土地4建物1車位0,全,四層,透天厝,住家用,鋼筋混凝土造,1080703,224.72,4,3,3,有,無,7750000,34487,,0.0,0,,RPRNMLQJJIOFFCK78CA,211.58,0.0,13.14,,
苑裡鎮,房地(土地+建物)+車位,苗栗縣苑裡鎮西平里９鄰介壽路２００號五樓之３,26.07,住,,,1080925,土地1建物1車位1,五層,八層,華廈(10層含以下有電梯),住家用,鋼筋混凝土造,1080220,106.57,2,2,1,有,無,4700000,44102,坡道平面,0.0,0,,RPPNMLKLJIOFFCK18CA,54.72,0.0,4.06,,
通霄鎮,土地,福興段661-1地號,3283.49,,山坡地保育區,農牧用地,1080924,土地7建物0車位0,,,其他,,,,0.0,0,0,0,有,無,8000000,2436,,0.0,0,,RPPNMLNKJIOFFCK38CA,0.0,0.0,0.0,,
竹南鎮,房地(土地+建物),苗栗縣竹南鎮中華里１７鄰大同街４１巷３之１號四樓,28.52,住,,,1080916,土地1建物1車位0,四層,八層,華廈(10層含以下有電梯),住家用,鋼筋混凝土造,0840720,153.37,4,2,2,有,有,3800000,24777,,0.0,0,賣方同意免除債務194萬7943元整親友、員工或其他特殊關係間之交易。；,RPTNMLPJKIOFFDK09CA,111.21,0.0,13.28,,
竹南鎮,房地(土地+建物),苗栗縣竹南鎮龍山里５鄰龍山路二段４１６巷２２弄２８號,74.66,住,,,1080929,土地2建物1車位0,全,四層,透天厝,住家用,鋼筋混凝土造,0950124,178.5,4,2,5,有,無,7500000,42017,,0.0,0,,RPQNMLPJJIOFFDK68CA,169.39,4.5,4.61,,
苗栗市,房地(土地+建物),苗栗縣苗栗市高苗里２８鄰松園４４６號,94.0,,山坡地保育區,丙種建築用地,1080930,土地1建物1車位0,全,,透天厝,住家用,鋼筋混凝土造,0830705,121.15,5,2,3,有,無,4980000,41106,,0.0,0,,RPTNMLLLJIOFFBK58CA,106.53,7.31,7.31,,
苗栗市,房地(土地+建物),苗栗縣苗栗市高苗里３４鄰中龍岡１０３號,925.06,,山坡地保育區,丙種建築用地,1080926,土地4建物1車位0,全,四層,透天厝,住家用,鋼筋混凝土造,0910802,560.4,6,2,4,有,無,25500000,45503,,0.0,0,,RPQNMLRJJIOFFBK68CA,515.56,0.0,44.84,,
竹南鎮,房地(土地+建物)+車位,苗栗縣竹南鎮大埔里２鄰大埔十街４６巷１號四樓之一,36.88,住,,,1080901,土地1建物1車位1,四層,九層,華廈(10層含以下有電梯),住家用,鋼筋混凝土造,1060825,162.72,3,1,2,有,有,6230000,41992,坡道平面,33.41,800000,此交易內含機車位1個，且價款已含入交易總價； 與（頭份市信義段移轉面積2.70㎡）併同辦理,RPRNMLSJJIOFFDK09CA,78.22,0.0,7.86,,
竹南鎮,土地,新生段1045地號,0.95,住,,,1080930,土地1建物0車位0,,,其他,,,,0.0,0,0,0,有,無,48700,0,,0.0,0,持分買賣畸零地或有合併使用之交易。；有民情風俗因素之交易。；瑕疵物件之交易。；,RPQOMLSJJIOFFDK09CA,0.0,0.0,0.0,,
頭份市,土地,信義段291-1地號,700.17,住,,,1080927,土地10建物0車位0,,,其他,,,,0.0,0,0,0,有,無,24000000,34277,,0.0,0,,RPSNMLOKJIOFFFK09CA,0.0,0.0,0.0,,
三灣鄉,土地,灣中段285-2地號,6.14,住,,,1080909,土地4建物0車位0,,,其他,,,,0.0,0,0,0,有,無,144413,23520,,0.0,0,向政府機關承購之案件。；,RPRNMLMKJIOFFFK88DA,0.0,0.0,0.0,,
三義鄉,土地,聖王段140-10地號,747.8,,山坡地保育區,丙種建築用地,1080923,土地2建物0車位0,,,其他,,,,0.0,0,0,0,有,無,7800000,10431,,0.0,0,,RPPNMLQLJIOFFEK98CA,0.0,0.0,0.0,,
西湖鄉,土地,二湖段1279-6地號,13057.65,,山坡地保育區,農牧用地,1080916,土地5建物0車位0,,,其他,,,,0.0,0,0,0,有,無,10446116,800,,0.0,0,,RPSNMLQJJIOFFEK09CA,0.0,0.0,0.0,,
頭份市,房地(土地+建物),苗栗縣頭份市中興里１３鄰建國路二段３００巷１８號十樓,20.21,住,,,1080928,土地2建物1車位0,十層,十四層,住宅大樓(11層含以上有電梯),住家用,見其他登記事項,0950503,137.86,3,2,2,有,無,6000000,43519,,0.0,0,,RPUNMLNKJIOFFFK56CA,81.47,0.0,6.75,,
頭份市,房地(土地+建物)+車位,苗栗縣頭份市東庄里１９鄰富強一街２９號十五樓,28.15,住,,,1080927,土地1建物1車位1,十五層,十五層,住宅大樓(11層含以上有電梯),住家用,鋼筋混凝土造,1070629,162.19,3,2,2,有,有,5550000,37275,坡道平面,36.1,850000,,RPQOMLQKJIOFFFK56CA,77.09,1.66,9.09,,
南庄鄉,土地,南興段341地號,2847.09,,特定農業區,農牧用地,1080916,土地1建物0車位0,,,其他,,,,0.0,0,0,0,有,無,6200000,2178,,0.0,0,,RPWNMLTJKIOFFFK37CA,0.0,0.0,0.0,,
竹南鎮,房地(土地+建物),苗栗縣竹南鎮聖福里２３鄰環市路三段３４１巷３弄７號,166.29,工,,,1080919,土地3建物1車位0,全,三層,透天厝,辦公用,鋼筋混凝土造,0960402,222.62,4,3,4,有,無,13560000,60911,,0.0,0,,RPPOMLLKJIOFFDK38CA,204.49,1.03,17.1,,
竹南鎮,房地(土地+建物),苗栗縣竹南鎮大埔里１鄰大埔街１４９號,97.7,住,,,1080924,土地3建物1車位0,全,四層,透天厝,住商用,鋼筋混凝土造,1061229,263.65,4,2,3,有,無,13000000,49308,,0.0,0,,RPUNMLLKJIOFFDK78CA,248.33,0.0,15.32,,
竹南鎮,房地(土地+建物)+車位,苗栗縣竹南鎮大埔里８鄰大埔一街１０６號六樓,16.48,商,,,1080930,土地1建物1車位1,六層,十四層,住宅大樓(11層含以上有電梯),住家用,鋼筋混凝土造,1051130,162.20999999999998,3,2,2,有,有,5880000,36249,坡道平面,0.0,800000,,RPVNMLPKJIOFFDK66CA,86.23,4.23,9.56,,
大湖鄉,土地,義和段546地號,38.68,,山坡地保育區,丙種建築用地,1080913,土地1建物0車位0,,,其他,,,,0.0,0,0,0,有,無,125000,3232,,0.0,0,,RPPNMLLKJIOFFAK97CA,0.0,0.0,0.0,,
苗栗市,房地(土地+建物),苗栗縣苗栗市玉清里１４鄰育英街南苑５號,263.97,,鄉村區,乙種建築用地,1080908,土地1建物1車位0,全,一層,透天厝,住家用,磚造,0561230,87.0,3,2,1,有,無,12988888,149298,,0.0,0,,RPPOMLMJKIOFFBK28CA,87.0,0.0,0.0,,
苗栗市,房地(土地+建物),苗栗縣苗栗市文山里１８鄰自治路４９８號,308.34,住,,,1080926,土地4建物1車位0,全,,透天厝,住家用,鋼筋混凝土造,0800518,204.56,5,2,3,有,無,21110000,103197,,0.0,0,,RPPNMLMKJIOFFBK18CA,196.3,4.13,4.13,,
竹南鎮,土地,大埔段中大埔小段460-4地號,621.33,,特定農業區,農牧用地,1080905,土地2建物0車位0,,,其他,,,,0.0,0,0,0,有,無,3383010,5445,,0.0,0,,RPPOMLSJJIOFFDK98CA,0.0,0.0,0.0,,
竹南鎮,房地(土地+建物)+車位,苗栗縣竹南鎮照南里２７鄰自強街５１號六樓之二,55.38,住,,,1080929,土地1建物1車位2,六層,十四層,住宅大樓(11層含以上有電梯),住家用,鋼筋混凝土造,1050325,325.4,4,2,3,有,有,18750000,64822,坡道平面,67.0,2000000,,RPQNMLOKJIOFFDK68CA,154.79,0.0,20.92,,
竹南鎮,房地(土地+建物),苗栗縣竹南鎮海口里３鄰育才路６２巷２號五樓之二,37.39,住,,,1080929,土地3建物1車位0,五層,五層,華廈(10層含以下有電梯),住家用,鋼筋混凝土造,1050401,117.08,3,2,2,有,無,4600000,39289,,0.0,0,,RPPNMLPLJIOFFDK78CA,74.51,0.0,6.07,,
竹南鎮,房地(土地+建物)+車位,苗栗縣竹南鎮大埔里８鄰大埔一街１０６號八樓,17.07,商,,,1080930,土地1建物1車位1,八層,十四層,住宅大樓(11層含以上有電梯),住家用,鋼筋混凝土造,1051130,161.4,3,2,2,有,有,6100000,37794,坡道平面,0.0,850000,,RPUNMLPKJIOFFDK56CA,85.61,4.23,9.58,,
竹南鎮,房地(土地+建物),苗栗縣竹南鎮天文里１鄰龍山路二段３２巷１６號,88.07,住,,,1080922,土地3建物1車位0,全,四層,透天厝,住家用,鋼筋混凝土造,0980105,200.2,3,3,4,有,無,9200000,45954,,0.0,0,,RPUNMLTKJIOFFDK96CA,182.0,12.12,6.08,,
頭份市,房地(土地+建物),苗栗縣頭份市上興里１２鄰永愛街６４巷３２號,81.26,,山坡地保育區,丙種建築用地,1080922,土地2建物1車位0,全,三層,透天厝,住家用,鋼筋混凝土造,0860827,141.71,3,2,3,有,有,4350000,30696,,0.0,0,,RPPNMLNKJIOFFFK68CA,118.54,23.17,0.0,,
三灣鄉,土地,大河底段178地號,5771.0,,山坡地保育區,林業用地,1080923,土地2建物0車位0,,,其他,,,,0.0,0,0,0,有,無,3200000,554,,0.0,0,土地及建物分次登記案件。前案土地登記收件字號：；,RPTNMLLKJIOFFFK88CA,0.0,0.0,0.0,,
後龍鎮,土地,水尾子段2139地號,1106.0,,特定農業區,農牧用地,1080801,土地1建物0車位0,,,其他,,,,0.0,0,0,0,有,無,1800000,1627,,0.0,0,親友、員工或其他特殊關係間之交易。；,RPUNMLNKQHOFFDK96CA,0.0,0.0,0.0,,
頭份市,房地(土地+建物),苗栗縣頭份市建國里建國路６６號３F７,18.64,住,,,1080802,土地1建物1車位0,三層,八層,華廈(10層含以下有電梯),住家用,鋼筋混凝土造,0881028,122.6,3,2,2,有,無,3850000,31403,,0.0,0,親友、員工或其他特殊關係間之交易。；,RPTNMLKLQHOFFFK96DA,78.81,4.77,9.19,,
後龍鎮,土地,龍城段8地號,711.53,,山坡地保育區,特定目的事業用地,1080801,土地1建物0車位0,,,其他,,,,0.0,0,0,0,有,無,12808888,18002,,0.0,0,向政府機關承購之案件。；,RPXNMLPJRHOFFDK47CA,0.0,0.0,0.0,,
苑裡鎮,土地,文山段139地號,134.95,住,,,1080802,土地1建物0車位0,,,其他,,,,0.0,0,0,0,有,無,6200000,45943,,0.0,0,含增建或未登記建物。；,RPQNMLKLQHOFFCK88CA,0.0,0.0,0.0,,
頭屋鄉,土地,二岡坪段天花湖小段590-15地號,66859.57,,山坡地保育區,農牧用地,1080801,土地7建物0車位0,,,其他,,,,0.0,0,0,0,有,無,11530000,172,,0.0,0,土地增值稅100377元由買受人繳納交易總價出賣人實得,RPTNMLTKQHOFFBK27CA,0.0,0.0,0.0,,
苗栗市,房地(土地+建物),苗栗縣苗栗市綠苗里１７鄰博愛街１０９號四樓,21.33,住,,,1080802,土地1建物1車位0,四層,十層,華廈(10層含以下有電梯),住家用,鋼筋混凝土造,0830601,127.76,3,2,2,有,有,3000000,23482,,0.0,0,總價含車位親友、員工或其他特殊關係間之交易。；,RPRNMLLLQHOFFBK98CA,84.88,0.0,9.71,,
竹南鎮,土地,海口段港子墘小段173地號,11.08,農,,,1080804,土地1建物0車位0,,,其他,,,,0.0,0,0,0,有,無,100500,9070,,0.0,0,,RPROMLLLQHOFFDK66CA,0.0,0.0,0.0,,
竹南鎮,土地,新山佳段1709地號,150.71,都市：其他:道路用地,,,1080802,土地5建物0車位0,,,其他,,,,0.0,0,0,0,有,無,1211118,8036,,0.0,0,包含公共設施保留地之交易。；,RPVNMLKLQHOFFDK86CA,0.0,0.0,0.0,,
三灣鄉,土地,三灣段36-32地號,63.0,住,,,1080812,土地1建物0車位0,,,其他,,,,0.0,0,0,0,有,無,40000,635,,0.0,0,,RPTNMLQLQHOFFFK47CA,0.0,0.0,0.0,,
頭份市,房地(土地+建物),苗栗縣頭份市東庄里２２鄰上庄路４６巷２號,70.41,住,,,1080808,土地2建物1車位0,全,五層,透天厝,住家用,鋼筋混凝土造,0831213,141.56,3,2,2,有,無,5500000,38853,,0.0,0,,RPOOMLLLQHOFFFK56CA,133.43,3.2,4.93,,
公館鄉,土地,尖山段1585-1地號,17.0,,特定農業區,農牧用地,1080801,土地1建物0車位0,,,其他,,,,0.0,0,0,0,有,無,102000,6000,,0.0,0,向政府機關承購之案件。；,RPRNMLKLQHOFFBK88CA,0.0,0.0,0.0,,
泰安鄉,土地,南洗水段857地號,270.0,,山坡地保育區,丙種建築用地,1080801,土地1建物0車位0,,,其他,,,,0.0,0,0,0,有,無,216899,803,,0.0,0,,RPSNMLQLQHOFFAK86CA,0.0,0.0,0.0,,
苗栗市,房地(土地+建物),苗栗縣苗栗市恭敬里８鄰中正路１０９０號二樓之十一,5.93,住,,,1080807,土地3建物1車位0,二層,十層,套房(1房1廳1衛),住家用,鋼筋混凝土造,0960716,46.1,1,0,1,有,有,1400000,30369,,0.0,0,,RPRNMLOJRHOFFBK56CA,27.37,0.0,4.14,,
公館鄉,土地,五谷岡段768-39地號,14.0,工,,,1080801,土地2建物0車位0,,,其他,,,,0.0,0,0,0,有,無,350000,25000,,0.0,0,,RPQNMLLLQHOFFBK88CA,0.0,0.0,0.0,,
苗栗市,房地(土地+建物)+車位,苗栗縣苗栗市文山里８鄰文發路１４８巷２號二樓之三,42.43,住,,,1080805,土地5建物1車位1,二層,八層,華廈(10層含以下有電梯),住家用,鋼筋混凝土造,1041124,146.13,3,2,2,有,有,5500000,37638,其他,0.0,0,,RPPPMLSKRHOFFBK07CA,88.39,0.0,7.17,,
竹南鎮,房地(土地+建物),苗栗縣竹南鎮大埔里２２鄰五福街６５巷４弄２０號,100.71,,山坡地保育區,丙種建築用地,1080802,土地1建物1車位0,全,四層,透天厝,住家用,鋼筋混凝土造,0830607,194.45,5,2,3,有,無,5000000,25714,,0.0,0,,RPSNMLSLQHOFFDK37CA,168.52,10.57,15.36,,
竹南鎮,土地,中正段687地號,98.8,都市：其他:道路用地,,,1080812,土地1建物0車位0,,,其他,,,,0.0,0,0,0,有,無,180000,1822,,0.0,0,包含公共設施保留地之交易。；,RPPNMLQLQHOFFDK86CA,0.0,0.0,0.0,,
三義鄉,土地,聖王段7-17地號,2581.59,,山坡地保育區,暫未編定,1080805,土地3建物0車位0,,,其他,,,,0.0,0,0,0,有,無,4000000,1549,,0.0,0,,RPWNMLLLQHOFFEK17CA,0.0,0.0,0.0,,
頭份市,土地,水源段218地號,3090.04,,山坡地保育區,林業用地,1080805,土地1建物0車位0,,,其他,,,,0.0,0,0,0,有,無,1380000,447,,0.0,0,受債權債務影響或債務抵償之交易。；,RPQNMLQJRHOFFFK07CA,0.0,0.0,0.0,,
頭份市,房地(土地+建物),苗栗縣頭份市自強里１３鄰中華路１０９１號六樓之一,4.77,商,,,1080806,土地3建物1車位0,六層,七層,套房(1房1廳1衛),住家用,鋼筋混凝土造,0771219,28.11,1,1,1,有,無,680000,24191,,0.0,0,,RPTPMLKLRHOFFFK17CA,21.46,0.0,0.0,,
苗栗市,房地(土地+建物),苗栗縣苗栗市維祥里１鄰維祥街３９號,79.44,,鄉村區,乙種建築用地,1080812,土地1建物1車位0,全,三層,透天厝,住家用,加強磚造,,194.79,3,3,2,有,無,6000000,30802,,0.0,0,,RPSNMLRKRHOFFBK17DA,194.79,0.0,0.0,,
三灣鄉,土地,內灣段33地號,1064.0,,特定農業區,農牧用地,1080802,土地1建物0車位0,,,其他,,,,0.0,0,0,0,有,無,4800000,4511,,0.0,0,,RPSNMLMJRHOFFFK86CA,0.0,0.0,0.0,,
頭份市,土地,尖下段1622地號,87.98,,特定農業區,甲種建築用地,1080808,土地1建物0車位0,,,其他,,,,0.0,0,0,0,有,無,260000,2955,,0.0,0,親友、員工或其他特殊關係間之交易。；,RPRNMLMLQHOFFFK86CA,0.0,0.0,0.0,,
頭份市,房地(土地+建物),苗栗縣頭份市民族里７鄰中華路９５１號地下一樓之一,2.49,住,,,1080804,土地2建物1車位0,地下層,十三層,住宅大樓(11層含以上有電梯),商業用,鋼筋混凝土造,0840331,18.240000000000002,0,0,0,無,無,570000,31250,,0.0,0,單獨車位交易。；,RPPNMLQLQHOFFFK07CA,0.0,0.0,0.0,,
苗栗市,土地,南勢坑段下南勢坑小段799-1地號,536.4,,山坡地保育區,農牧用地,1080807,土地3建物0車位0,,,其他,,,,0.0,0,0,0,有,無,200000,373,,0.0,0,親友、員工或其他特殊關係間之交易。；,RPTNMLNLQHOFFBK76CA,0.0,0.0,0.0,,
苗栗市,房地(土地+建物),苗栗縣苗栗市上苗里１３鄰中正路１６１號九樓,12.63,商,,,1080804,土地1建物1車位0,九層,,華廈(10層含以下有電梯),住家用,鋼筋混凝土造,0830915,107.21,3,2,2,有,有,3750000,34978,,0.0,0,,RPTNMLRLQHOFFBK17CA,87.56,0.0,3.16,,
公館鄉,土地,尖山段2133地號,593.0,,特定農業區,農牧用地,1080811,土地1建物0車位0,,,其他,,,,0.0,0,0,0,有,無,3200000,5396,,0.0,0,,RPSNMLKMQHOFFBK09CA,0.0,0.0,0.0,,
苗栗市,土地,水流娘段180地號,449.0,,,,1080809,土地1建物0車位0,,,其他,,,,0.0,0,0,0,有,無,5800000,12918,,0.0,0,包含公共設施保留地之交易。；,RPUNMLNLQHOFFBK86CA,0.0,0.0,0.0,,
苗栗市,土地,南勢坑段上南勢坑小段808-1地號,152.6,,山坡地保育區,丙種建築用地,1080809,土地1建物0車位0,,,其他,,,,0.0,0,0,0,有,無,1384800,9075,,0.0,0,,RPPNMLNLQHOFFBK98CA,0.0,0.0,0.0,,
獅潭鄉,土地,獅潭段和興小段295-147地號,3070.0,,山坡地保育區,丙種建築用地,1080801,土地6建物0車位0,,,其他,,,,0.0,0,0,0,有,無,3900000,1270,,0.0,0,買賣價為賣清，土地增值稅83737元由買方繳納,RPTNMLSKRHOFFAK17CA,0.0,0.0,0.0,,
頭屋鄉,土地,枋寮坑段75-6地號,1029.0,,山坡地保育區,農牧用地,1080806,土地2建物0車位0,,,其他,,,,0.0,0,0,0,有,無,450000,437,,0.0,0,親友、員工或其他特殊關係間之交易。；,RPRNMLKMQHOFFBK09DA,0.0,0.0,0.0,,
頭份市,房地(土地+建物),苗栗縣頭份市合興里１１鄰信東路二段３０１號,115.73,住,,,1080803,土地1建物1車位0,全,三層,透天厝,住家用,鋼筋混凝土造,1060330,184.89,4,2,4,有,無,13800000,74639,,0.0,0,,RPQNMLMJRHOFFFK66CA,160.44,0.0,24.45,,
竹南鎮,房地(土地+建物)+車位,苗栗縣竹南鎮大厝里１１鄰大業街１０８號十樓之一,36.97,住,,,1080812,土地1建物1車位1,十層,十四層,住宅大樓(11層含以上有電梯),住家用,鋼筋混凝土造,1050812,183.39,3,2,2,有,無,9500000,51802,一樓平面,0.0,0,,RPTNMLRKIIOFFDK56CA,96.98,0.0,8.34,,
造橋鄉,房地(土地+建物),苗栗縣造橋鄉談文村５鄰育英一街６號一樓之一,20.11,,山坡地保育區,丙種建築用地,1080816,土地1建物1車位0,一層,三層,套房(1房1廳1衛),住家用,鋼筋混凝土造,0920331,29.02,0,0,0,無,有,420000,14473,,0.0,0,,RPVNMLNLQHOFFDK17CA,19.25,2.63,0.0,,
苗栗市,房地(土地+建物),苗栗縣苗栗市忠孝路２４號８樓之１３,23.74,住,,,1080804,土地1建物1車位0,八層,,華廈(10層含以下有電梯),住家用,鋼筋混凝土造,0790215,93.7,0,1,1,有,無,960000,10245,,0.0,0,,RPRNMLKLRHOFFBK98CA,79.28,0.0,0.0,,
苗栗市,房地(土地+建物)+車位,苗栗縣苗栗市文山里１７鄰自治路４０８巷９３號九樓之一,33.02,住,,,1080805,土地1建物1車位1,九層,十層,華廈(10層含以下有電梯),住家用,鋼筋混凝土造,1080318,179.44,4,2,2,有,有,7580000,42243,坡道平面,21.97,0,,RPOPMLSKRHOFFBK96CA,95.89,0.0,11.8,,
苗栗市,房地(土地+建物),苗栗縣苗栗市新庄街３９巷３０弄５號,45.0,,鄉村區,乙種建築用地,1080802,土地1建物1車位0,全,三層,透天厝,住家用,鋼筋混凝土造,0671218,91.72,3,1,2,有,無,1500000,16354,,0.0,0,親友、員工或其他特殊關係間之交易。；,RPWNMLNLQHOFFBK07CA,91.72,0.0,0.0,,
苗栗市,房地(土地+建物)+車位,苗栗縣苗栗市福麗里２７鄰名門１０號三樓,53.82,住,,,1080807,土地2建物1車位1,三層，四層，夾層,,公寓(5樓含以下無電梯),住家用,鋼筋混凝土造,0820715,178.81,5,2,2,有,無,5300000,29640,一樓平面,0.0,0,,RPRNMLRLQHOFFBK96CA,118.63,0.0,11.7,,
苗栗市,土地,芒埔段684-25地號,128.0,,鄉村區,乙種建築用地,1080807,土地1建物0車位0,,,其他,,,,0.0,0,0,0,有,無,1920000,15000,,0.0,0,二親等之間的買賣.親友、員工或其他特殊關係間之交易。；,RPPNMLTLQHOFFBK96CA,0.0,0.0,0.0,,
苗栗市,房地(土地+建物),苗栗縣苗栗市恭敬里８鄰中正路１０９０號五樓之十,6.52,住,,,1080813,土地3建物1車位0,五層,十層,套房(1房1廳1衛),住家用,鋼筋混凝土造,0960716,50.18,1,1,1,有,有,1270000,25309,,0.0,0,,RPPNMLNJRHOFFBK88CA,29.73,0.0,4.7,,
頭屋鄉,土地,明德段459-5地號,165.3,,,,1080801,土地6建物0車位0,,,其他,,,,0.0,0,0,0,有,無,2520000,15245,,0.0,0,,RPTOMLMKRHOFFBK76CA,0.0,0.0,0.0,,
頭份市,房地(土地+建物),苗栗縣頭份市興隆里１７鄰興三街１２巷１５號,101.42,,鄉村區,乙種建築用地,1080812,土地1建物1車位0,全,三層,透天厝,住家用,鋼筋混凝土造,1031031,163.68,5,2,4,有,無,6900000,42155,,0.0,0,,RPXNMLQLQHOFFFK87CA,157.06,0.0,6.62,,
苗栗市,房地(土地+建物),苗栗縣苗栗市水源里陽明６８號,140.0,,鄉村區,乙種建築用地,1080806,土地1建物1車位0,全,二層,透天厝,住家用,加強磚造,0691218,68.01,4,2,3,有,無,2400000,35289,,0.0,0,親友、員工或其他特殊關係間之交易。；,RPSNMLOLRHOFFBK96DA,68.01,0.0,0.0,,
後龍鎮,土地,新興段735地號,43.47,,鄉村區,乙種建築用地,1080809,土地4建物0車位0,,,其他,,,,0.0,0,0,0,有,無,399237,9184,,0.0,0,親友、員工或其他特殊關係間之交易。；含增建或未登記建物。；,RPSNMLTLQHOFFDK47CA,0.0,0.0,0.0,,
竹南鎮,房地(土地+建物)+車位,苗栗縣竹南鎮大埔里１鄰大埔一街７５號六樓之一,47.4,住,,,1080801,土地1建物1車位1,六層,九層,華廈(10層含以下有電梯),住家用,鋼筋混凝土造,1051012,155.05,3,2,2,有,有,8350000,53854,坡道平面,21.02,0,,RPOOMLRLQHOFFDK96CA,85.66,0.0,9.98,,
造橋鄉,房地(土地+建物),苗栗縣造橋鄉談文村５鄰育英街３６號二樓之二十,14.58,,山坡地保育區,丙種建築用地,1080818,土地1建物1車位0,二層,三層,套房(1房1廳1衛),住家用,鋼筋混凝土造,0930623,20.41,1,1,1,有,有,310000,15189,,0.0,0,,RPUNMLSLQHOFFDK57CA,13.57,0.51,1.71,,
竹南鎮,房地(土地+建物),苗栗縣竹南鎮大埔里２鄰大埔七街１４２號,87.25,住,,,1080809,土地1建物1車位0,全,五層,透天厝,住商用,鋼筋混凝土造,1041211,252.43,8,0,9,有,有,10300000,40803,,0.0,0,,RPVNMLTLQHOFFDK77CA,252.43,0.0,0.0,,
通霄鎮,房地(土地+建物),苗栗縣通霄鎮平元里１２鄰平新一路１３０巷１號,117.88,住,,,1080809,土地5建物1車位0,全,三層,透天厝,住家用,鋼筋混凝土造,1080111,190.56,4,2,5,有,無,8350000,43818,,0.0,0,,RPQNMLSLQHOFFCK07CA,190.56,0.0,0.0,,
苑裡鎮,土地,社柑段1010地號,1648.93,,特定農業區,農牧用地,1080801,土地1建物0車位0,,,其他,,,,0.0,0,0,0,有,無,5900000,3578,,0.0,0,,RPQNMLKMQHOFFCK98CA,0.0,0.0,0.0,,
苗栗市,房地(土地+建物),苗栗縣苗栗市新苗里４鄰南光１２號二樓,22.83,住,,,1080806,土地2建物1車位0,二層,二層,華廈(10層含以下有電梯),住家用,加強磚造,,55.14,3,2,2,有,無,3200000,58034,,0.0,0,親友、員工或其他特殊關係間之交易。；,RPQNMLKMQHOFFBK88CA,55.14,0.0,0.0,,
苗栗市,土地,文新段81地號,2344.0,,特定農業區,農牧用地,1080816,土地1建物0車位0,,,其他,,,,0.0,0,0,0,有,無,10635900,4538,,0.0,0,,RPPNMLKMQHOFFBK78CA,0.0,0.0,0.0,,
苑裡鎮,土地,泰田段1574-1地號,1353.0,,特定農業區,農牧用地,1080806,土地1建物0車位0,,,其他,,,,0.0,0,0,0,有,無,6957800,5142,,0.0,0,,RPSNMLTJRHOFFCK27CA,0.0,0.0,0.0,,
竹南鎮,房地(土地+建物),苗栗縣竹南鎮中華里１６鄰博愛街３１３巷６號十八樓,9.1,住,,,1080801,土地1建物1車位0,十八層,二十層,住宅大樓(11層含以上有電梯),住家用,鋼筋混凝土造,0851214,121.74,3,2,2,有,有,4000000,32857,,0.0,0,親友、員工或其他特殊關係間之交易。；,RPVNMLNJRHOFFDK07CA,82.82,3.73,7.05,,
竹南鎮,房地(土地+建物),苗栗縣竹南鎮新南里１２鄰維新路２６２巷７號,112.41,住,,,1080806,土地2建物1車位0,全,三層,透天厝,其他,鋼筋混凝土造,0950719,184.84,4,2,3,有,無,9800000,53019,,0.0,0,,RPQNMLTLQHOFFDK27CA,175.29,3.23,6.32,,
南庄鄉,土地,田尾段474-1地號,310.33,,山坡地保育區,農牧用地,1080813,土地1建物0車位0,,,其他,,,,0.0,0,0,0,有,無,469300,1512,,0.0,0,農路,RPSNMLPLRHOFFFK37CA,0.0,0.0,0.0,,
後龍鎮,土地,過港段102地號,1074.67,,山坡地保育區,農牧用地,1080810,土地1建物0車位0,,,其他,,,,0.0,0,0,0,有,無,1625430,1512,,0.0,0,土地增值稅由買方繳納含稅金共1668599元,RPQNMLMJRHOFFDK56DA,0.0,0.0,0.0,,
三灣鄉,土地,南下林坪段877地號,604.94,,山坡地保育區,農牧用地,1080803,土地3建物0車位0,,,其他,,,,0.0,0,0,0,有,無,708889,1172,,0.0,0,,RPTNMLTLQHOFFFK77CA,0.0,0.0,0.0,,
頭份市,房地(土地+建物),苗栗縣頭份市自強里１６鄰自強路華泰巷１０號三樓,26.61,住,,,1080804,土地3建物1車位0,三層,五層,公寓(5樓含以下無電梯),住家用,鋼筋混凝土造,0860306,81.46000000000001,2,2,1,有,無,1900000,23324,,0.0,0,,RPUNMLTLQHOFFFK87CA,63.8,0.0,9.71,,
銅鑼鄉,土地,雙峰段340地號,327.22,,山坡地保育區,農牧用地,1080812,土地3建物0車位0,,,其他,,,,0.0,0,0,0,有,無,650000,1986,,0.0,0,買方負擔土地增值稅＄196038元整,RPQNMLKMQHOFFEK56CA,0.0,0.0,0.0,,
頭份市,房地(土地+建物)+車位,苗栗縣頭份市成功里８鄰山下街１１３巷２２號三樓,43.88,住,,,1080808,土地1建物1車位1,三層,七層,華廈(10層含以下有電梯),住家用,鋼筋混凝土造,1030512,172.92000000000002,3,2,2,有,有,6350000,36722,坡道平面,0.0,0,,RPPNMLNJRHOFFFK66CA,84.81,0.0,7.98,,
頭份市,房地(土地+建物)+車位,苗栗縣頭份市後庄里２１鄰公北二路８５號四樓,14.11,商,,,1080805,土地1建物1車位1,四層,十四層,住宅大樓(11層含以上有電梯),住家用,鋼筋混凝土造,1050613,148.09,3,2,2,有,有,8000000,54021,坡道機械,0.0,0,,RPRNMLRKRHOFFFK37CA,85.32,2.48,8.81,,
竹南鎮,房地(土地+建物)+車位,苗栗縣竹南鎮新南里１１鄰立華街６６號九樓,32.92,住,,,1080810,土地1建物1車位1,九層,十一層,住宅大樓(11層含以上有電梯),其他,鋼筋混凝土造,1080311,128.9,3,2,2,有,有,6300000,48875,坡道平面,0.0,0,,RPTNMLMJRHOFFDK76CA,66.25,0.0,6.29,,
苑裡鎮,土地,苑港段618地號,32.33,,特定農業區,農牧用地,1080809,土地1建物0車位0,,,其他,,,,0.0,0,0,0,有,無,77000,2382,,0.0,0,,RPPNMLKMQHOFFCK88CA,0.0,0.0,0.0,,
公館鄉,土地,北河段431-69地號,2000.0,,山坡地保育區,林業用地,1080805,土地1建物0車位0,,,其他,,,,0.0,0,0,0,有,無,180000,90,,0.0,0,,RPUNMLPLRHOFFBK17CA,0.0,0.0,0.0,,
苗栗市,土地,苗栗段86-46地號,6.0,商,,,1080806,土地2建物0車位0,,,其他,,,,0.0,0,0,0,有,無,495000,82500,,0.0,0,,RPQNMLNJRHOFFBK98CA,0.0,0.0,0.0,,
苗栗市,房地(土地+建物)+車位,苗栗縣苗栗市高苗里１０鄰大同路１２１號五樓,44.67,住,,,1080810,土地1建物1車位1,五層,,華廈(10層含以下有電梯),住家用,鋼筋混凝土造,0800630,213.17,4,2,2,有,無,5600000,26270,坡道平面,29.82,0,,RPTNMLTJRHOFFBK27CA,189.64,0.0,17.52,,
通霄鎮,房地(土地+建物),苗栗縣通霄鎮通灣里１９鄰中山路１５８巷４６之１號,103.84,住,,,1080819,土地1建物1車位0,全,二層,透天厝,住家用,鋼筋混凝土造,,80.78,3,1,2,有,無,3000000,37138,,0.0,0,,RPRNMLKMQHOFFCK09CA,80.78,0.0,0.0,,
竹南鎮,土地,天聲段180地號,206.0,都市：其他:道路用地,,,1080819,土地1建物0車位0,,,其他,,,,0.0,0,0,0,有,有,2015442,9784,,0.0,0,包含公共設施保留地之交易。；,RPPNMLMKRHOFFDK09CA,0.0,0.0,0.0,,
竹南鎮,房地(土地+建物),苗栗縣竹南鎮大厝里１１鄰大業街８８巷３７號,74.59,住,,,1080807,土地2建物1車位0,全,四層,透天厝,住家用,鋼筋混凝土造,1070719,168.48,4,2,4,有,無,11360000,67426,,0.0,0,新成屋尚未成立管委會,RPRNMLLJRHOFFDK09CA,155.83,0.0,12.65,,
三灣鄉,土地,灣中段924-2地號,17.63,工,,,1080808,土地1建物0車位0,,,其他,,,,0.0,0,0,0,有,無,295479,16760,,0.0,0,向政府機關承購之案件。；,RPPNMLMJRHOFFFK56CA,0.0,0.0,0.0,,
頭份市,房地(土地+建物)+車位,苗栗縣頭份市東庄里１９鄰富強一街２５號十四樓,28.15,住,,,1080809,土地1建物1車位1,十四層,十五層,住宅大樓(11層含以上有電梯),住家用,鋼筋混凝土造,1070629,163.20999999999998,3,2,2,有,有,5900000,39673,坡道平面,37.18,900000,,RPQNMLOJRHOFFFK86CA,77.02,1.66,9.09,,
頭份市,土地,新興段1000地號,2861.57,,特定農業區,農牧用地,1080805,土地1建物0車位0,,,其他,,,,0.0,0,0,0,有,無,5350000,1870,,0.0,0,受債權債務影響或債務抵償之交易。；,RPWOMLPJRHOFFFK67CA,0.0,0.0,0.0,,
頭份市,房地(土地+建物),苗栗縣頭份市文化里１鄰信義路４４３巷２１弄１８號,116.41,住,,,1080804,土地2建物1車位0,全,五層,透天厝,住家用,見其他登記事項,0980729,350.92,5,3,3,有,無,14800000,42175,,0.0,0,,RPVNMLTJRHOFFFK87CA,299.09,13.38,38.45,,
頭份市,土地,八德段133地號,35.0,住,,,1080820,土地1建物0車位0,,,其他,,,,0.0,0,0,0,有,無,800000,22857,,0.0,0,土地增值稅買、賣雙方平均負擔。親友、員工或其他特殊關係間之交易。；,RPVNMLMKRHOFFFK27CA,0.0,0.0,0.0,,
南庄鄉,土地,北獅里興段獅頭驛小段119-9地號,400.0,,山坡地保育區,特定目的事業用地,1080806,土地1建物0車位0,,,其他,,,,0.0,0,0,0,有,無,968000,2420,,0.0,0,台電電塔,RPPOMLTKRHOFFFK47CA,0.0,0.0,0.0,,
竹南鎮,房地(土地+建物)+車位,苗栗縣竹南鎮竹南里１５鄰民族街６３號十七樓之三,11.17,商,,,1080809,土地1建物1車位1,十七層,十八層,住宅大樓(11層含以上有電梯),住家用,鋼筋混凝土造,0871111,189.6,3,2,2,有,有,6700000,35338,坡道平面,23.69,0,,RPRNMLTJRHOFFDK27CA,103.6,17.05,14.85,,
後龍鎮,土地,苦苓腳段166-23地號,422.59,,一般農業區,農牧用地,1080815,土地13建物0車位0,,,其他,,,,0.0,0,0,0,有,無,468598,1109,,0.0,0,,RPPOMLRKRHOFFDK07CA,0.0,0.0,0.0,,
苑裡鎮,房地(土地+建物),苗栗縣苑裡鎮泰田里４鄰泰田６４之２６號,93.46,,特定農業區,甲種建築用地,1080819,土地2建物1車位0,全,三層,透天厝,住家用,鋼筋混凝土造,1080130,171.95,4,2,3,有,無,7300000,42454,,0.0,0,,RPRNMLNJRHOFFCK56CA,159.91,0.0,12.04,,
苑裡鎮,土地,田心段1150地號,1222.0,,特定農業區,甲種建築用地,1080805,土地1建物0車位0,,,其他,,,,0.0,0,0,0,有,無,22550540,18454,,0.0,0,,RPQNMLMJRHOFFCK98CA,0.0,0.0,0.0,,
苑裡鎮,房地(土地+建物),苗栗縣苑裡鎮山柑里１０鄰山柑１１０之１０號五樓之２,49.36,,特定農業區,甲種建築用地,1080813,土地1建物1車位0,五層,七層,華廈(10層含以下有電梯),住家用,鋼筋混凝土造,1050226,153.18,4,2,2,有,有,5388000,35174,,0.0,0,兄弟間買賣,RPPNMLNLRHOFFCK56CA,119.03,0.0,13.16,,
苑裡鎮,土地,社柑段2179地號,47.71,,特定農業區,農牧用地,1080813,土地1建物0車位0,,,其他,,,,0.0,0,0,0,有,有,130000,2725,,0.0,0,兄弟間買賣,SPPNMLNLRHOFFCK66CA,0.0,0.0,0.0,,
獅潭鄉,土地,竹木段35-1地號,93.61,,,,1080802,土地2建物0車位0,,,其他,,,,0.0,0,0,0,有,無,424700,4537,,0.0,0,畸零地或有合併使用之交易。；,RPQNMLPLRHOFFAK66CA,0.0,0.0,0.0,,
苗栗市,房地(土地+建物),苗栗縣苗栗市建功里３２鄰自治路１６５號七樓之十一,5.42,商,,,1080823,土地2建物1車位0,七層,,套房(1房1廳1衛),住商用,鋼筋混凝土造,0820310,49.28,1,1,1,有,有,1400000,28409,,0.0,0,,RPSNMLQJRHOFFBK86CA,31.47,0.0,5.98,,
苗栗市,房地(土地+建物),苗栗縣苗栗市西勢美北１２５之８號,31.25,住,,,1080807,土地3建物1車位0,四層,四層,公寓(5樓含以下無電梯),住家用,鋼筋混凝土造,0680125,73.44,2,1,1,有,無,660000,8987,,0.0,0,,RPTNMLOJRHOFFBK76CA,73.44,0.0,0.0,,
獅潭鄉,土地,桂竹林段99-27地號,921.2,,山坡地保育區,農牧用地,1080819,土地3建物0車位0,,,其他,,,,0.0,0,0,0,有,無,1152180,1251,,0.0,0,含增建或未登記建物。；,RPPNMLMKRHOFFAK78CA,0.0,0.0,0.0,,
苗栗市,房地(土地+建物),苗栗縣苗栗市福安里２鄰中華路４３６巷２５號六樓,15.61,住,,,1080803,土地2建物1車位0,六層,,華廈(10層含以下有電梯),住家用,鋼筋混凝土造,0820603,88.97,2,2,1,有,有,2150000,24165,,0.0,0,,RPSPMLSKRHOFFBK37CA,62.65,0.0,6.17,,
竹南鎮,土地,竹南段三小段1019地號,45.0,都市：其他:道路用地,,,1080819,土地2建物0車位0,,,其他,,,,0.0,0,0,0,有,無,480000,10667,,0.0,0,道路用地包含公共設施保留地之交易。；,RPPOMLMKRHOFFDK56CA,0.0,0.0,0.0,,
竹南鎮,土地,中正段137地號,0.97,都市：其他:道路用地,,,1080823,土地1建物0車位0,,,其他,,,,0.0,0,0,0,有,無,5000,0,,0.0,0,道路用地包含公共設施保留地之交易。；,RPQOMLMKRHOFFDK66CA,0.0,0.0,0.0,,
通霄鎮,土地,新埔段38地號,81.5,,一般農業區,農牧用地,1080807,土地1建物0車位0,,,其他,,,,0.0,0,0,0,有,無,89900,1103,,0.0,0,瑕疵物件之交易。；,RPSNMLQJRHOFFCK07DA,0.0,0.0,0.0,,
三義鄉,土地,五穀段1052地號,72.25,住,,,1080822,土地1建物0車位0,,,其他,,,,0.0,0,0,0,有,無,1650000,22837,,0.0,0,權利人共2人親友、員工或其他特殊關係間之交易。；,RPPNMLMKRHOFFEK66DA,0.0,0.0,0.0,,
頭份市,房地(土地+建物)+車位,苗栗縣頭份市蟠桃里１６鄰中央路５０１號二樓,25.7,住,,,1080814,土地1建物1車位1,二層,十四層,住宅大樓(11層含以上有電梯),住家用,鋼筋混凝土造,1060425,159.18,3,2,2,有,有,7600000,55119,坡道平面,39.44,1000000,,RPPNMLSKRHOFFFK27CA,80.36,0.0,5.78,,
頭份市,房地(土地+建物)+車位,苗栗縣頭份市仁愛里４鄰仁愛路３號八樓,4.98,商,,,1080811,土地1建物2車位1,八層,十層,套房(1房1廳1衛),住家用,鋼筋混凝土造,0871202,49.449999999999996,1,1,1,有,有,1250000,25283,升降機械,0.0,0,,RPSPMLKKRHOFFFK96CA,31.75,0.0,4.8,,
頭份市,房地(土地+建物),苗栗縣頭份市和平里９鄰中華路８７６巷４號,93.0,住,,,1080805,土地2建物1車位0,全,二層,透天厝,住家用,見其他登記事項,0631113,135.39,2,2,2,有,無,4700000,34715,,0.0,0,親友、員工或其他特殊關係間之交易。；,RPUNMLPJRHOFFFK37CA,120.38,7.33,7.68,,
三灣鄉,土地,大坪林段679地號,4018.0,,山坡地保育區,農牧用地,1080801,土地3建物0車位0,,,其他,,,,0.0,0,0,0,有,無,2700000,672,,0.0,0,,RPRNMLOJRHOFFFK96CA,0.0,0.0,0.0,,
頭份市,房地(土地+建物),苗栗縣頭份市中興里５鄰中興路４３６巷３８號,237.27,住,,,1080812,土地2建物1車位0,全,五層,透天厝,住家用,鋼筋混凝土造,1050422,685.85,20,0,20,有,無,21780000,31756,,0.0,0,,RPSNMLOJRHOFFFK07CA,643.92,0.0,41.93,,
銅鑼鄉,房地(土地+建物),苗栗縣銅鑼鄉中平村２７鄰中興一街８之１８號五樓,18.36,,工業區,丁種建築用地,1080814,土地1建物1車位0,五層,五層,華廈(10層含以下有電梯),住家用,鋼筋混凝土造,0860528,72.17,2,2,1,有,無,1620000,22447,,0.0,0,,RPPNMLQJRHOFFEK86CA,54.58,0.0,6.96,,
頭份市,房地(土地+建物),苗栗縣頭份市文化里４鄰世祥街１３巷１弄２號,166.24,住,,,1080810,土地1建物1車位0,全,二層,透天厝,住家用,加強磚造,0770504,167.37,4,1,2,有,無,6500000,38836,,0.0,0,,RPPNMLQJRHOFFFK96CA,151.78,9.42,6.17,,
頭份市,房地(土地+建物),苗栗縣頭份市東庄里１８鄰東民一街９號,160.0,工,,,1080802,土地1建物1車位0,一層，二層，三層，走廊,三層,店面(店鋪),商辦用,見其他登記事項,0991206,288.44,3,3,4,有,無,21000000,72805,,0.0,0,,RPSNMLQJRHOFFFK27CA,273.9,10.28,4.26,,
頭份市,土地,自強段1760地號,31.56,都市：其他:道路用地,,,1080819,土地1建物0車位0,,,其他,,,,0.0,0,0,0,有,無,342426,10850,,0.0,0,包含公共設施保留地之交易。；,RPPNMLMKRHOFFFK66CA,0.0,0.0,0.0,,
三義鄉,房地(土地+建物),苗栗縣三義鄉?湖村１５鄰?湖７８號,97.77,住,,,1080801,土地1建物1車位0,全,四層,透天厝,住家用,鋼筋混凝土造,0970930,244.48,5,2,5,有,無,7200000,29450,,0.0,0,,RPPNMLPJRHOFFEK86DA,213.36,14.73,16.39,,
造橋鄉,房地(土地+建物),苗栗縣造橋鄉談文村５鄰育英八街１０１號一樓之八,19.65,,山坡地保育區,丙種建築用地,1080823,土地1建物1車位0,一層,三層,套房(1房1廳1衛),住家用,鋼筋混凝土造,0900629,28.55,1,0,1,有,有,450000,15762,,0.0,0,,RPOOMLPJRHOFFDK66CA,18.4,2.72,0.0,,
後龍鎮,土地,過港段103地號,1364.5,,山坡地保育區,農牧用地,1080817,土地2建物0車位0,,,其他,,,,0.0,0,0,0,有,無,2889320,2117,,0.0,0,山邊媽祖宮籌備委員會承購之土地，暫以代表人之名義登記，土地增值稅由買方繳納。,RPVNMLLKRHOFFDK96CA,0.0,0.0,0.0,,
竹南鎮,房地(土地+建物)+車位,苗栗縣竹南鎮大埔里２鄰大埔十街４６巷３號六樓之三,36.88,住,,,1080804,土地1建物1車位1,六層,十層,華廈(10層含以下有電梯),住家用,鋼筋混凝土造,1060825,162.95999999999998,3,1,2,有,有,6450000,43616,坡道平面,33.41,800000,此交易內含機車位1個，且價款已含入交易總價； 與（頭份市信義段移轉面積2.70㎡）併同辦理,RPQNMLKKRHOFFDK98CA,77.74,0.0,8.54,,
竹南鎮,房地(土地+建物)+車位,苗栗縣竹南鎮大埔里２鄰大埔十街４６巷３號九樓之一,36.88,住,,,1080810,土地1建物1車位1,九層,十層,華廈(10層含以下有電梯),住家用,鋼筋混凝土造,1060825,162.95999999999998,3,1,2,有,有,6550000,44388,坡道平面,33.41,800000,此交易內含機車位1個，且價款已含入交易總價； 與（頭份市信義段移轉面積2.70㎡）併同辦理,RPRNMLKKRHOFFDK09CA,77.74,0.0,8.54,,
通霄鎮,房地(土地+建物),苗栗縣通霄鎮平安里１３鄰中正路２４９號九樓,14.52,住,,,1080823,土地1建物1車位0,九層,十三層,住宅大樓(11層含以上有電梯),住家用,鋼筋混凝土造,0850701,119.69,4,2,2,有,無,2000000,16710,,0.0,0,,RPTNMLOJRHOFFCK86CA,96.49,1.9,8.98,,
苗栗市,房地(土地+建物)+車位,苗栗縣苗栗市福安里１鄰中華東街１６６巷１弄８號五樓,44.29,住,,,1080803,土地1建物1車位1,五層,五層,華廈(10層含以下有電梯),住家用,鋼筋混凝土造,1060315,133.32,3,2,2,有,有,6150000,46130,一樓平面,0.0,0,,RPWNMLRKRHOFFBK47CA,87.44,0.0,7.1,,
苗栗市,土地,南勢坑段上南勢坑小段808-3地號,106.2,,山坡地保育區,丙種建築用地,1080822,土地1建物0車位0,,,其他,,,,0.0,0,0,0,有,無,963900,9076,,0.0,0,,RPSNMLMKRHOFFBK56CA,0.0,0.0,0.0,,
苗栗市,土地,南勢坑段上南勢坑小段808-4地號,1.8,,山坡地保育區,丙種建築用地,1080822,土地1建物0車位0,,,其他,,,,0.0,0,0,0,有,無,16200,9000,,0.0,0,,RPTNMLMKRHOFFBK66CA,0.0,0.0,0.0,,
苗栗市,房地(土地+建物)+車位,苗栗縣苗栗市維新里１９鄰新東街３７３號五樓之二,39.81,,鄉村區,乙種建築用地,1080805,土地1建物1車位1,五層,五層,華廈(10層含以下有電梯),住家用,鋼筋混凝土造,1080119,130.36,3,2,2,有,有,6080000,46640,一樓平面,0.0,0,,RPUNMLTJRHOFFBK37CA,84.31,0.0,9.31,,
竹南鎮,房地(土地+建物),苗栗縣竹南鎮營盤里１０鄰建中街１６號,97.41,住,,,1080806,土地3建物1車位0,全,五層,透天厝,住家用,鋼筋混凝土造,1070704,285.85,3,2,5,有,無,16900000,59122,,0.0,0,,RPTNMLQKRHOFFDK27CA,236.2,0.0,16.31,,
竹南鎮,房地(土地+建物),苗栗縣竹南鎮山佳里２９鄰龍山路三段２００巷５弄１２號二樓,10.0,住,,,1080821,土地3建物1車位0,二層,五層,套房(1房1廳1衛),住家用,鋼筋混凝土造,0950830,33.67,0,0,0,無,無,1540000,45738,,0.0,0,,RPTNMLRJRHOFFDK27CA,20.22,0.0,2.1,,
竹南鎮,房地(土地+建物)+車位,苗栗縣竹南鎮大埔里１鄰大埔街３０號六樓之一,37.0,住,,,1080814,土地1建物1車位1,六層,十四層,住宅大樓(11層含以上有電梯),住家用,鋼筋混凝土造,1060725,151.61,3,2,2,有,有,8080000,58859,坡道平面,34.72,1200000,,RPTNMLTJRHOFFDK47CA,73.9,0.0,8.06,,
苗栗市,房地(土地+建物),苗栗縣苗栗市玉苗里１０鄰光復路１６８巷６號４樓,30.08,住,,,1080816,土地2建物1車位0,四層,,公寓(5樓含以下無電梯),住家用,鋼筋混凝土造,0710715,94.13,3,2,1,有,無,1600000,16998,,0.0,0,,RPXNMLLKRHOFFBK07DA,71.94,0.0,7.84,,
頭份市,房地(土地+建物),苗栗縣頭份市東庄里１９鄰和平路３０８號七樓,27.63,住,,,1080803,土地1建物1車位0,七層,十四層,住宅大樓(11層含以上有電梯),住家用,鋼筋混凝土造,1070419,152.95,3,2,2,有,無,7300000,47728,,0.0,0,,RPPNMLNKRHOFFFK76CA,78.74,1.84,8.54,,
西湖鄉,房地(土地+建物),苗栗縣西湖鄉金獅村９鄰茶亭６之８號,838.0,,山坡地保育區,農牧用地,1080802,土地1建物1車位0,一層，二層,二層,農舍,農業用,見其他登記事項,1050317,160.88,3,2,2,有,無,6000000,,,0.0,0,,RPQNMLLKRHOFFEK56CA,149.33,11.55,0.0,,
西湖鄉,土地,新五湖段405地號,2438.0,,特定農業區,農牧用地,1080805,土地3建物0車位0,,,其他,,,,0.0,0,0,0,有,無,4130000,1694,,0.0,0,不動產之共有人數為２人,RPPNMLNLRHOFFEK76CA,0.0,0.0,0.0,,
頭份市,土地,正興段28地號,281.03,農,,,1080809,土地1建物0車位0,,,其他,,,,0.0,0,0,0,有,無,3580000,12739,,0.0,0,,RPQNMLNKRHOFFFK86CA,0.0,0.0,0.0,,
頭份市,房地(土地+建物)+車位,苗栗縣頭份市忠孝里１２鄰忠孝一路６９巷１弄２號二樓,30.15,住,,,1080816,土地2建物3車位1,二層,十二層,住宅大樓(11層含以上有電梯),住家用,見其他登記事項,1011212,170.4,3,2,2,有,有,6500000,38146,坡道平面,30.9,0,,RPUPMLKLRHOFFFK27CA,79.14,1.26,8.65,,
造橋鄉,房地(土地+建物),苗栗縣造橋鄉談文村５鄰育英二街７號一樓之八,20.11,,山坡地保育區,丙種建築用地,1080826,土地1建物1車位0,一層,三層,套房(1房1廳1衛),住家用,鋼筋混凝土造,0920331,29.02,1,1,1,有,無,350000,12061,,0.0,0,,RPQNMLLKRHOFFDK09CA,19.25,2.63,0.0,,
造橋鄉,房地(土地+建物),苗栗縣造橋鄉大西村１３鄰龍門街６０號,74.21,,鄉村區,乙種建築用地,1080820,土地1建物1車位0,全,三層,透天厝,住商用,鋼筋混凝土造,0870820,160.93,4,1,3,有,無,3750000,23302,,0.0,0,,RPWNMLQJRHOFFDK47CA,145.18,15.75,0.0,,
造橋鄉,房地(土地+建物),苗栗縣造橋鄉大西村１３鄰龍門街６２號,75.25,,鄉村區,乙種建築用地,1080820,土地1建物1車位0,全,三層,透天厝,住商用,鋼筋混凝土造,0870820,163.21,4,1,3,有,無,3750000,22977,,0.0,0,,RPXNMLQJRHOFFDK57CA,147.24,15.97,0.0,,
竹南鎮,土地,新博愛段1189地號,414.66,住,,,1080801,土地1建物0車位0,,,其他,,,,0.0,0,0,0,有,無,25850000,62340,,0.0,0,,RPQOMLQJRHOFFDK96CA,0.0,0.0,0.0,,
竹南鎮,房地(土地+建物)+車位,苗栗縣竹南鎮苗栗縣竹南鎮大埔里８鄰大埔一街１１０號４樓,19.97,商,,,1080805,土地1建物1車位1,四層,十四層,住宅大樓(11層含以上有電梯),住家用,鋼筋混凝土造,1051130,195.51,3,2,2,有,有,6800000,34781,坡道平面,0.0,950000,,RPOOMLRKRHOFFDK96CA,101.84,4.95,10.45,,
獅潭鄉,土地,新豐段6地號,19960.39,,山坡地保育區,林業用地,1080812,土地4建物0車位0,,,其他,,,,0.0,0,0,0,有,無,4200000,210,,0.0,0,親友、員工或其他特殊關係間之交易。；,RPPNMLTJRHOFFAK76CA,0.0,0.0,0.0,,
苑裡鎮,房地(土地+建物),苗栗縣苑裡鎮山腳里１７鄰錦山２５之１號,323.96,,特定農業區,甲種建築用地,1080821,土地1建物1車位0,全,二層,透天厝,住家用,加強磚造,,226.6,6,3,2,有,無,300000,1324,,0.0,0,祖孫間買賣,RPQNMLNLRHOFFCK66CA,226.6,0.0,0.0,,
苑裡鎮,土地,中正段1039地號,51.44,住,,,1080813,土地1建物0車位0,,,其他,,,,0.0,0,0,0,有,無,544600,10587,,0.0,0,親友、員工或其他特殊關係間之交易。；,RPSNMLKKRHOFFCK09CA,0.0,0.0,0.0,,
大湖鄉,土地,南湖段1327-81地號,4276.0,,山坡地保育區,農牧用地,1080814,土地7建物0車位0,,,其他,,,,0.0,0,0,0,有,無,1100000,257,,0.0,0,親友、員工或其他特殊關係間之交易。；,RPQNMLKKRHOFFAK68CA,0.0,0.0,0.0,,
苗栗市,房地(土地+建物)+車位,苗栗縣苗栗市福麗里２８鄰名門街８０之２號二樓之一,29.69,住,,,1080802,土地1建物1車位1,二層,七層,華廈(10層含以下有電梯),住家用,鋼筋混凝土造,1071210,145.09,3,2,2,有,有,6600000,53990,坡道平面,35.81,700000,,RPSNMLLKRHOFFBK09CA,80.87,0.0,6.83,,
公館鄉,土地,麻齊寮段505-6地號,42.0,農,,,1080822,土地1建物0車位0,,,其他,,,,0.0,0,0,0,有,無,500000,11905,,0.0,0,,RPRNMLQKRHOFFBK86CA,0.0,0.0,0.0,,
苗栗市,房地(土地+建物),苗栗縣苗栗市源林街６８號８樓,24.5,住,,,1080802,土地1建物1車位0,八層,十層,華廈(10層含以下有電梯),住家用,鋼筋混凝土造,0831130,132.32,3,2,2,有,無,3000000,22672,,0.0,0,,RPPNMLTKRHOFFBK96CA,81.54,0.0,9.0,,
苗栗市,土地,文發段1760-1地號,182.68,住,,,1080804,土地10建物0車位0,,,其他,,,,0.0,0,0,0,有,無,6000000,32844,,0.0,0,,RPQNMLTKRHOFFBK07CA,0.0,0.0,0.0,,
公館鄉,房地(土地+建物),苗栗縣公館鄉玉泉村８鄰玉泉１９７之２號,1184.0,農,,,1080822,土地1建物1車位0,一層，二層，三層，屋頂突出物,三層,農舍,農業用,鋼筋混凝土造,0860416,299.61,4,2,3,有,無,10230000,,,0.0,0,,RPQNMLNLRHOFFBK56CA,278.6,0.0,21.01,,
苗栗市,房地(土地+建物),苗栗縣苗栗市福麗里３７鄰北安街１５０號五樓之三,4.67,商,,,1080823,土地1建物1車位0,五層,十二層,住宅大樓(11層含以上有電梯),住家用,鋼筋混凝土造,0860220,63.62,1,1,1,有,有,2860000,44954,,0.0,0,,RPWNMLOLRHOFFBK27CA,42.4,0.0,6.01,,
南庄鄉,土地,庄東段401地號,226.45,住,,,1080830,土地1建物0車位0,,,其他,,,,0.0,0,0,0,有,無,5557250,24541,,0.0,0,,RPSNMLLKRHOFFFK86CA,0.0,0.0,0.0,,
南庄鄉,土地,庄東段401-1地號,188.47,住,,,1080830,土地1建物0車位0,,,其他,,,,0.0,0,0,0,有,無,4730750,25101,,0.0,0,,RPTNMLLKRHOFFFK96CA,0.0,0.0,0.0,,
頭份市,房地(土地+建物)+車位,苗栗縣頭份市東庄里１９鄰富強一街２９號十四樓,28.15,住,,,1080812,土地1建物1車位1,十四層,十五層,住宅大樓(11層含以上有電梯),住家用,鋼筋混凝土造,1070629,162.19,3,2,2,有,有,5900000,39255,坡道平面,36.09,950000,,RPXNMLKKRHOFFFK27CA,77.09,1.66,9.09,,
頭份市,房地(土地+建物)+車位,苗栗縣頭份市土牛里８鄰中正路４９６號４樓,72.61,農,,,1080802,土地3建物1車位1,四層,五層,華廈(10層含以下有電梯),住家用,鋼筋混凝土造,1050429,115.47,3,2,2,有,有,5900000,51096,一樓平面,0.0,0,,RPPNMLLKRHOFFFK56CA,82.42,0.7,7.16,,
西湖鄉,房地(土地+建物),苗栗縣西湖鄉金獅村９鄰茶亭６之６號,760.0,,山坡地保育區,農牧用地,1080802,土地1建物1車位0,一層，二層,二層,農舍,農業用,鋼筋混凝土造,1011018,146.75,3,2,2,有,無,7000000,,,0.0,0,,RPPNMLLKRHOFFEK09CA,146.75,0.0,0.0,,
頭份市,房地(土地+建物),苗栗縣頭份市興隆里２０鄰花園東路１６號,240.89,,山坡地保育區,丙種建築用地,1080805,土地1建物1車位0,全,三層,透天厝,住家用,見其他登記事項,0991215,323.47,5,2,4,有,無,11500000,35552,,0.0,0,,RPSQMLKLRHOFFFK17CA,270.4,29.42,21.54,,
頭份市,房地(土地+建物),苗栗縣頭份市中興里９鄰中央路３３８號十二樓,34.31,住,,,1080807,土地1建物1車位0,十二層,十四層,住宅大樓(11層含以上有電梯),住家用,鋼筋混凝土造,1051111,203.61,3,2,3,有,無,10970000,53878,,0.0,0,,RPWNMLPLRHOFFFK77CA,109.71,0.0,12.77,,
頭份市,房地(土地+建物),苗栗縣頭份市中興里９鄰中央路３４０號十二樓,34.34,住,,,1080807,土地1建物1車位0,十二層,十四層,住宅大樓(11層含以上有電梯),住家用,鋼筋混凝土造,1051111,203.76,3,2,3,有,無,11000000,53985,,0.0,0,,SPWNMLPLRHOFFFK87CA,109.78,0.0,12.77,,
泰安鄉,土地,士林段893-1地號,462.0,,山坡地保育區,農牧用地,1080821,土地1建物0車位0,,,其他,,,,0.0,0,0,0,有,無,106260,230,,0.0,0,,RPPNMLQKRHOFFAK66DA,0.0,0.0,0.0,,
竹南鎮,土地,慈裕段427地號,73.06,住,,,1080828,土地2建物0車位0,,,其他,,,,0.0,0,0,0,有,無,1700000,23269,,0.0,0,買方負擔土地增值稅40303元,RPQNMLMKRHOFFDK56CA,0.0,0.0,0.0,,
竹南鎮,房地(土地+建物)+車位,苗栗縣竹南鎮中華里１６鄰南榮街６號五樓,21.89,住,,,1080818,土地1建物1車位1,五層,七層,華廈(10層含以下有電梯),住家用,鋼筋混凝土造,0820618,135.05,3,2,2,有,有,3400000,25176,坡道機械,0.0,0,,RPVNMLKKRHOFFDK86CA,88.06,0.0,11.79,,
苗栗市,房地(土地+建物),苗栗縣苗栗市青苗里８鄰至公路５３之６號,41.08,住,,,1080828,土地2建物1車位0,一層,五層,華廈(10層含以下有電梯),住家用,鋼筋混凝土造,1060405,94.46,2,2,2,有,無,6160000,65213,,0.0,0,受債權債務影響或債務抵償之交易。；,RPVNMLMJIIOFFBK58CA,59.23,0.0,0.0,,
苗栗市,房地(土地+建物),苗栗縣苗栗市青苗里８鄰至公路５３之６號二樓,30.02,住,,,1080828,土地2建物1車位0,二層,五層,華廈(10層含以下有電梯),住家用,鋼筋混凝土造,1060405,111.44,2,2,2,有,無,5960000,53482,,0.0,0,受債權債務影響或債務抵償之交易。；,SPVNMLMJIIOFFBK68CA,79.18,0.0,11.06,,
苗栗市,房地(土地+建物),苗栗縣苗栗市青苗里８鄰至公路５３之６號三樓,30.02,住,,,1080828,土地2建物1車位0,三層,五層,華廈(10層含以下有電梯),住家用,鋼筋混凝土造,1060405,111.44,2,2,2,有,無,5980000,53661,,0.0,0,受債權債務影響或債務抵償之交易。；,TPVNMLMJIIOFFBK78CA,79.18,0.0,11.06,,
苗栗市,房地(土地+建物),苗栗縣苗栗市青苗里８鄰至公路５３之６號五樓,26.86,住,,,1080828,土地2建物1車位0,五層,五層,華廈(10層含以下有電梯),住家用,鋼筋混凝土造,1060405,76.51,0,0,0,無,無,4800000,62737,,0.0,0,受債權債務影響或債務抵償之交易。；,UPVNMLMJIIOFFBK88CA,49.44,0.0,5.87,,
苗栗市,房地(土地+建物),苗栗縣苗栗市青苗里８鄰至公路５３之６號四樓,30.02,住,,,1080828,土地2建物1車位0,四層,五層,華廈(10層含以下有電梯),住家用,鋼筋混凝土造,1060405,111.44,2,2,2,有,無,5980000,53661,,0.0,0,受債權債務影響或債務抵償之交易。；,VPVNMLMJIIOFFBK98CA,79.18,0.0,11.06,,
苗栗市,房地(土地+建物)+車位,苗栗縣苗栗市福麗里３３鄰忠孝１０９號二樓之一,92.96,,山坡地保育區,丙種建築用地,1080812,土地1建物1車位1,二層,五層,華廈(10層含以下有電梯),住家用,鋼筋混凝土造,1071205,137.45,3,2,2,有,有,6000000,43652,一樓平面,0.0,0,,RPVNMLLKRHOFFBK76CA,86.83,0.0,9.16,,
苗栗市,房地(土地+建物),苗栗縣苗栗市文聖里４鄰金滿９９號,144.82,住,,,1080831,土地2建物1車位0,全,三層,透天厝,住家用,鋼筋混凝土造,0950210,161.53,3,2,3,有,無,6560000,40612,,0.0,0,,RPWNMLLKRHOFFBK86CA,161.53,0.0,0.0,,
苑裡鎮,房地(土地+建物),苗栗縣苑裡鎮客庄里２鄰中正路６２號,94.71,住,,,1080826,土地2建物1車位0,全,三層,透天厝,住家用,鋼筋混凝土造,1070613,199.48,5,3,3,有,無,10400000,52136,,0.0,0,,RPPNMLMKRHOFFCK98CA,187.96,0.0,11.52,,
公館鄉,土地,義民段599地號,2006.78,,特定農業區,農牧用地,1080808,土地1建物0車位0,,,其他,,,,0.0,0,0,0,有,無,6000000,2990,,0.0,0,價金含地上鐵皮建物〈漏註記〉,RPSNMLMLJIOFFBK58CA,0.0,0.0,0.0,,
公館鄉,土地,麻齊寮段510地號,1785.0,農,,,1080822,土地3建物0車位0,,,其他,,,,0.0,0,0,0,有,無,7300000,4090,,0.0,0,,RPTNMLQKRHOFFBK07CA,0.0,0.0,0.0,,
公館鄉,房地(土地+建物),苗栗縣公館鄉館東村１５鄰信東街３巷７號,91.71,住,,,1080813,土地1建物1車位0,全,二層,透天厝,住家用,鋼筋混凝土造,0680522,117.84,3,2,2,有,無,4980000,42261,,0.0,0,,RPRNMLRKRHOFFBK96CA,112.51,0.0,5.33,,
頭屋鄉,土地,象山段3地號,411.77,,山坡地保育區,農牧用地,1080805,土地2建物0車位0,,,其他,,,,0.0,0,0,0,有,無,561000,1362,,0.0,0,,RPPNMLQJIIOFFBK38CA,0.0,0.0,0.0,,
獅潭鄉,土地,桂竹林段86-408地號,3035.14,,山坡地保育區,林業用地,1080828,土地1建物0車位0,,,其他,,,,0.0,0,0,0,有,無,480000,158,,0.0,0,,RPVNMLSKRHOFFAK37CA,0.0,0.0,0.0,,
後龍鎮,土地,龍椅段1061-1地號,45.43,農,,,1080809,土地1建物0車位0,,,其他,,,,0.0,0,0,0,有,無,380703,8380,,0.0,0,向政府機關承購之案件。；,RPPNMLLKRHOFFDK98CA,0.0,0.0,0.0,,
後龍鎮,土地,龍富段519地號,470.41,住,,,1080809,土地1建物0車位0,,,其他,,,,0.0,0,0,0,有,無,18500000,39327,,0.0,0,,RPUNMLMKRHOFFDK96CA,0.0,0.0,0.0,,
竹南鎮,房地(土地+建物)+車位,苗栗縣竹南鎮維新路２７５號十一樓,21.08,住,,,1080820,土地1建物1車位1,十一層,十三層,住宅大樓(11層含以上有電梯),住家用,鋼筋混凝土造,1061220,140.95999999999998,2,2,1,有,有,5680000,40295,坡道平面,40.74,0,,RPXNMLTKRHOFFDK97CA,66.39,0.0,4.08,,
竹南鎮,土地,后厝段468地號,80.2,住,,,1080805,土地1建物0車位0,,,其他,,,,0.0,0,0,0,有,無,2000000,24938,,0.0,0,增值稅506152元由買方負擔。親友、員工或其他特殊關係間之交易。；,RPPNMLRKRHOFFDK96CA,0.0,0.0,0.0,,
通霄鎮,土地,白東段982地號,48.82,,山坡地保育區,農牧用地,1080820,土地1建物0車位0,,,其他,,,,0.0,0,0,0,有,無,40000,819,,0.0,0,親友、員工或其他特殊關係間之交易。；,RPPNMLKLRHOFFCK98DA,0.0,0.0,0.0,,
頭份市,土地,中華段34-19地號,3.3,住,,,1080809,土地1建物0車位0,,,其他,,,,0.0,0,0,0,有,無,145860,44200,,0.0,0,向臺灣苗栗農田水利會承購之交易.,RPUNMLNLRHOFFFK37CA,0.0,0.0,0.0,,
頭份市,土地,中華段34-4地號,7.39,住,,,1080809,土地1建物0車位0,,,其他,,,,0.0,0,0,0,有,無,326638,44200,,0.0,0,向臺灣苗栗農田水利會承購之交易.,RPVNMLNLRHOFFFK47CA,0.0,0.0,0.0,,
頭份市,土地,中華段34-3地號,7.74,住,,,1080809,土地1建物0車位0,,,其他,,,,0.0,0,0,0,有,無,342108,44200,,0.0,0,向臺灣苗栗農田水利會承購之交易.,RPWNMLNLRHOFFFK57CA,0.0,0.0,0.0,,
頭份市,房地(土地+建物),苗栗縣頭份市仁愛里１１鄰銀河路９２號九樓之１,9.61,住,,,1080807,土地1建物1車位0,九層,十層,華廈(10層含以下有電梯),住家用,鋼筋混凝土造,0821021,105.13,3,2,2,有,無,3200000,30439,,0.0,0,,RPVOMLKLRHOFFFK27CA,85.66,0.0,6.25,,
頭份市,房地(土地+建物)+車位,苗栗縣頭份市土牛里６鄰中正路４６３巷９弄３８號五樓,41.22,住,,,1080817,土地1建物1車位1,五層,五層,華廈(10層含以下有電梯),住家用,鋼筋混凝土造,1040709,115.09,2,2,2,有,有,4600000,39969,一樓平面,12.95,0,,RPOOMLRKRHOFFFK17CA,75.7,0.0,4.84,,
南庄鄉,土地,北獅里興段獅頭驛小段119-7地號,16702.0,,山坡地保育區,林業用地,1080825,土地1建物0車位0,,,其他,,,,0.0,0,0,0,有,無,3350000,201,,0.0,0,,RPRNMLLKRHOFFFK76CA,0.0,0.0,0.0,,
頭份市,房地(土地+建物),苗栗縣頭份市田寮里１０鄰自強路二段５６０號,80.05,住,,,1080804,土地2建物1車位0,全,四層,透天厝,住商用,鋼筋混凝土造,1051121,203.73,5,2,3,有,無,14350000,70436,,0.0,0,,RPRNMLTKRHOFFFK57CA,190.95,0.67,12.11,,
南庄鄉,土地,北獅里興段獅頭驛小段214-8地號,258.0,,山坡地保育區,丙種建築用地,1080823,土地2建物0車位0,,,其他,,,,0.0,0,0,0,有,無,4500000,17442,,0.0,0,含增建或未登記建物。；,RPWNMLMKRHOFFFK37CA,0.0,0.0,0.0,,
頭份市,房地(土地+建物)+車位,苗栗縣頭份市後庄里３鄰信義路７１７巷１號五樓,34.79,住,,,1080823,土地2建物1車位1,五層,五層,華廈(10層含以下有電梯),住家用,鋼筋混凝土造,1060125,119.61,3,2,2,有,無,6800000,56851,一樓平面,0.0,0,,RPXNMLQKRHOFFFK87CA,75.41,0.0,7.2,,
頭份市,房地(土地+建物)+車位,苗栗縣頭份市後庄里３鄰信義路７１７巷３號三樓,34.62,住,,,1080821,土地2建物1車位1,三層,五層,華廈(10層含以下有電梯),住家用,鋼筋混凝土造,1060125,119.07,3,2,2,有,無,5600000,47031,一樓平面,0.0,0,,RPOOMLQKRHOFFFK07CA,74.46,0.0,7.78,,
頭份市,房地(土地+建物),苗栗縣頭份市信義里１１鄰中華路９２２號八樓之二,12.39,商,,,1080821,土地1建物1車位0,八層,十一層,住宅大樓(11層含以上有電梯),住商用,鋼筋混凝土造,0821221,135.15,3,2,1,有,無,5390000,39882,,0.0,0,,RPVQMLKLRHOFFFK47CA,88.73,0.0,6.25,,
頭份市,房地(土地+建物),苗栗縣頭份市成功里１７鄰節約街９０號六樓,13.55,住,,,1080811,土地1建物1車位0,六層,九層,華廈(10層含以下有電梯),住家用,鋼筋混凝土造,0850214,102.27,3,2,2,有,無,3850000,37645,,0.0,0,,RPPNMLNLRHOFFFK86CA,74.54,0.0,5.99,,
竹南鎮,房地(土地+建物),苗栗縣竹南鎮新南里２２鄰新南街１２６號,107.73,住,,,1080826,土地3建物1車位0,全,三層,透天厝,住家用,鋼筋混凝土造,0950124,221.47,3,1,1,有,無,10000000,45153,,0.0,0,,RPQNMLTKRHOFFDK27CA,211.57,0.2,9.7,,
後龍鎮,土地,苦苓腳段1864-4地號,112.6,,特定農業區,甲種建築用地,1080817,土地6建物0車位0,,,其他,,,,0.0,0,0,0,有,無,1100000,9769,,0.0,0,親友、員工或其他特殊關係間之交易。；,RPPNMLQKRHOFFDK86CA,0.0,0.0,0.0,,
竹南鎮,房地(土地+建物),苗栗縣竹南鎮大厝里７鄰開元路６５號五樓之十二,30.56,住,,,1080818,土地1建物1車位0,五層,六層,華廈(10層含以下有電梯),住家用,鋼筋混凝土造,1020613,144.84,3,2,3,有,無,5650000,39009,,0.0,0,,RPWNMLTKRHOFFDK87CA,84.38,0.0,7.43,,
大湖鄉,土地,興榮段296-66地號,15999.0,,山坡地保育區,農牧用地,1080821,土地3建物0車位0,,,其他,,,,0.0,0,0,0,有,無,6500000,406,,0.0,0,,RPSNMLPLRHOFFAK86CA,0.0,0.0,0.0,,
苗栗市,房地(土地+建物)+車位,苗栗縣苗栗市文山里９鄰文和街３０號五樓,37.72,商,,,1080814,土地1建物1車位1,五層,五層,華廈(10層含以下有電梯),住家用,鋼筋混凝土造,1071113,139.74,3,2,2,有,有,6750000,48304,一樓平面,0.0,0,,RPUNMLOJIIOFFBK68CA,93.72,0.0,5.18,,
苗栗市,房地(土地+建物),苗栗縣苗栗市高苗里６鄰日新街４９號三樓之十八,3.95,商,,,1080828,土地1建物1車位0,三層,,套房(1房1廳1衛),辦公用,鋼筋混凝土造,0810510,45.17,1,1,1,有,無,738000,16338,,0.0,0,,RPUNMLNLRHOFFBK96CA,22.21,0.0,5.07,,
苗栗市,房地(土地+建物),苗栗縣苗栗市水源里６鄰林森街３６號,66.0,住,,,1080813,土地1建物1車位0,全,,透天厝,住商用,鋼筋混凝土造,0870410,169.67,4,2,4,有,無,5800000,34184,,0.0,0,,RPUNMLRKRHOFFBK27CA,155.84,4.29,9.54,,
苗栗市,房地(土地+建物),苗栗縣苗栗市恭敬里８鄰中正路１０９０號十樓之二十七,4.3,商,,,1080828,土地3建物1車位0,十層,十層,套房(1房1廳1衛),住家用,鋼筋混凝土造,0960716,33.67,1,1,1,有,有,1050000,31185,,0.0,0,,RPPNMLRKRHOFFBK76CA,18.02,0.0,4.05,,
苑裡鎮,房地(土地+建物)+車位,苗栗縣苑裡鎮社苓里１２鄰安福街１１５號四樓之２,51.45,,特定農業區,甲種建築用地,1080810,土地1建物1車位1,四層,七層,華廈(10層含以下有電梯),住家用,鋼筋混凝土造,1070628,139.66,3,2,2,有,無,4800000,34369,一樓平面,0.0,0,,RPQNMLTJIIOFFCK88CA,88.98,0.0,11.84,,
苑裡鎮,房地(土地+建物),苗栗縣苑裡鎮苑北里１６鄰成功路７巷１１號,125.27,商,,,1080811,土地1建物1車位0,全,三層,透天厝,住商用,鋼筋混凝土造,,194.88,7,3,3,有,無,5980000,30686,,0.0,0,含增建或未登記建物。；,RPSNMLRKRHOFFCK17CA,194.88,0.0,0.0,,
苗栗市,土地,文山段386-1地號,526.0,,工業區,林業用地,1080830,土地2建物0車位0,,,其他,,,,0.0,0,0,0,有,無,14000000,26616,,0.0,0,,RPTNMLPJIIOFFBK68CA,0.0,0.0,0.0,,
苗栗市,土地,巨蛋段390地號,47.32,住,,,1080827,土地1建物0車位0,,,其他,,,,0.0,0,0,0,有,無,1430000,30220,,0.0,0,,RPVNMLOJIIOFFBK78CA,0.0,0.0,0.0,,
卓蘭鎮,土地,酸柑湖段786地號,2846.53,,山坡地保育區,農牧用地,1080806,土地1建物0車位0,,,其他,,,,0.0,0,0,0,有,無,12500000,4391,,0.0,0,,RPUNMLSKRHOFFAK27CA,0.0,0.0,0.0,,
造橋鄉,土地,新潭內段436地號,1190.5,,山坡地保育區,農牧用地,1080810,土地1建物0車位0,,,其他,,,,0.0,0,0,0,有,無,1900000,1596,,0.0,0,,RPWNMLRKRHOFFDK67CA,0.0,0.0,0.0,,
竹南鎮,房地(土地+建物),苗栗縣竹南鎮龍鳳里１２鄰龍安街３７巷２號,114.93,住,,,1080804,土地1建物1車位0,全,四層,透天厝,住家用,鋼筋混凝土造,1050801,248.26,4,2,4,有,無,13300000,53573,,0.0,0,,RPSNMLRKRHOFFDK27CA,220.86,0.0,27.4,,
竹南鎮,房地(土地+建物),苗栗縣竹南鎮山佳里１８鄰佳北二街６０號八樓,19.24,住,,,1080813,土地1建物1車位0,八層,九層,華廈(10層含以下有電梯),住家用,鋼筋混凝土造,0880126,104.63,3,2,2,有,無,3800000,36318,,0.0,0,,RPRNMLOLRHOFFDK96CA,74.44,0.0,10.53,,
後龍鎮,土地,龍西段447地號,1009.0,農,,,1080829,土地1建物0車位0,,,其他,,,,0.0,0,0,0,有,無,3300000,3271,,0.0,0,,RPRNMLNLRHOFFDK86CA,0.0,0.0,0.0,,
西湖鄉,土地,四湖段156地號,2536.0,,特定農業區,農牧用地,1080830,土地1建物0車位0,,,其他,,,,0.0,0,0,0,有,無,2300000,907,,0.0,0,,RPPNMLTKRHOFFEK27CA,0.0,0.0,0.0,,
銅鑼鄉,土地,九湖北段523-3地號,23.77,,山坡地保育區,暫未編定,1080820,土地1建物0車位0,,,其他,,,,0.0,0,0,0,有,無,35655,1500,,0.0,0,向政府機關承購之案件。；,RPPNMLOKIIOFFEK58CA,0.0,0.0,0.0,,
西湖鄉,土地,二湖段771-16地號,138.0,,特定農業區,交通用地,1080829,土地1建物0車位0,,,其他,,,,0.0,0,0,0,有,無,130000,942,,0.0,0,親友、員工或其他特殊關係間之交易。；,RPPNMLPJIIOFFEK68DA,0.0,0.0,0.0,,
西湖鄉,土地,三湖段674地號,552.28,,山坡地保育區,農牧用地,1080821,土地2建物0車位0,,,其他,,,,0.0,0,0,0,有,無,341658,619,,0.0,0,,RPRNMLKLRHOFFEK66CA,0.0,0.0,0.0,,
三義鄉,土地,西湖段1136-2地號,7.44,,山坡地保育區,丙種建築用地,1080822,土地1建物0車位0,,,其他,,,,0.0,0,0,0,有,無,123355,16580,,0.0,0,向政府機關承購之案件。；,RPPNMLLLRHOFFEK56CA,0.0,0.0,0.0,,
三義鄉,土地,聖王段1177-2地號,2319.65,,特定農業區,農牧用地,1080807,土地2建物0車位0,,,其他,,,,0.0,0,0,0,有,無,4771492,2057,,0.0,0,,RPPNMLPLRHOFFEK96CA,0.0,0.0,0.0,,
頭份市,房地(土地+建物),苗栗縣頭份市後庄里１３鄰信中路７７巷２號,164.44,住,,,1080806,土地2建物1車位0,全,四層,透天厝,住家用,鋼筋混凝土造,0931028,258.56,5,2,5,有,無,7500000,29007,,0.0,0,,RPXNMLRKRHOFFFK97CA,245.33,7.77,5.46,,
竹南鎮,房地(土地+建物)+車位,苗栗縣竹南鎮山佳里４鄰光復路５１６號五樓,19.13,住,,,1080805,土地1建物1車位1,五層,七層,華廈(10層含以下有電梯),住家用,鋼筋混凝土造,0821118,113.1,3,2,2,有,有,3600000,31830,坡道機械,0.0,0,,RPVNMLQLRHOFFDK57CA,72.79,0.0,9.56,,
竹南鎮,房地(土地+建物),苗栗縣竹南鎮龍鳳里５鄰龍山路一段２７０巷３２號,75.98,住,,,1080805,土地2建物1車位0,全,五層,透天厝,住家用,鋼筋混凝土造,0841019,277.65,4,2,3,有,無,5400000,19449,,0.0,0,親友、員工或其他特殊關係間之交易。；,RPTNMLRKRHOFFDK37CA,214.54,34.96,0.0,,
竹南鎮,房地(土地+建物),苗栗縣竹南鎮新南里２１鄰南平路７６號,91.43,住,,,1080815,土地2建物1車位0,全,四層,透天厝,住商用,鋼筋混凝土造,0941123,215.78,4,2,3,有,無,8100000,37538,,0.0,0,,RPRNMLRKRHOFFDK17CA,192.47,7.77,15.54,,
大湖鄉,土地,大寮段444-3地號,14.94,住,,,1080820,土地1建物0車位0,,,其他,,,,0.0,0,0,0,有,無,160000,10710,,0.0,0,法院和解其他稅賦都由買方支付,RPRNMLPLRHOFFAK76CA,0.0,0.0,0.0,,
苗栗市,房地(土地+建物),苗栗縣苗栗市北苗里８鄰自治路５６７巷２９號,93.72,住,,,1080821,土地1建物1車位0,全,三層,透天厝,住家用,鋼筋混凝土造,1030103,207.48,4,2,3,有,無,13000000,62657,,0.0,0,,RPWNMLOJIIOFFBK88CA,190.4,0.0,17.08,,
頭屋鄉,土地,茄苳段58地號,531.23,,山坡地保育區,暫未編定,1080812,土地1建物0車位0,,,其他,,,,0.0,0,0,0,有,無,1636188,3080,,0.0,0,向政府機關承購之案件。；,RPPNMLKLRHOFFBK78CA,0.0,0.0,0.0,,
苗栗市,房地(土地+建物),苗栗縣苗栗市高苗里３５鄰北龍岡１８９號,212.76,,山坡地保育區,丙種建築用地,1080817,土地9建物1車位0,全,四層,透天厝,住家用,鋼筋混凝土造,1011120,267.31,4,2,4,有,有,9850000,36849,,0.0,0,,RPWNMLRJIIOFFBK56CA,231.21,19.25,16.85,,
苑裡鎮,土地,慈護段693地號,22.31,,鄉村區,乙種建築用地,1080829,土地1建物0車位0,,,其他,,,,0.0,0,0,0,有,無,202500,9077,,0.0,0,,RPQNMLSKRHOFFCK07CA,0.0,0.0,0.0,,
苑裡鎮,房地(土地+建物)+車位,苗栗縣苑裡鎮西平里９鄰介壽路２００號四樓之１,33.76,住,,,1080823,土地1建物1車位1,四層,八層,華廈(10層含以下有電梯),住家用,鋼筋混凝土造,1080220,132.82,3,1,2,有,無,6060000,45626,坡道平面,0.0,0,,RPTNMLPLRHOFFCK17CA,71.89,0.0,4.23,,
苗栗市,土地,建功段1334地號,89.05,住,,,1080817,土地1建物0車位0,,,其他,,,,0.0,0,0,0,有,無,3900000,43796,,0.0,0,,RPOOMLMJIIOFFBK97CA,0.0,0.0,0.0,,
苗栗市,土地,南勢坑段下南勢坑小段635-61地號,646.0,,山坡地保育區,農牧用地,1080816,土地1建物0車位0,,,其他,,,,0.0,0,0,0,有,無,3480000,5387,,0.0,0,,RPRNMLOLRHOFFBK76CA,0.0,0.0,0.0,,
大湖鄉,房地(土地+建物),苗栗縣大湖鄉民族路７０號,90.97,住,,,1080819,土地1建物1車位0,全,三層,透天厝,住商用,加強磚造,0710227,180.24,3,1,2,有,無,6800000,37727,,0.0,0,,RPPNMLTJIIOFFAK58CA,180.24,0.0,0.0,,
竹南鎮,房地(土地+建物),苗栗縣竹南鎮中英里１７鄰保安林２６７號,89.0,,特定農業區,甲種建築用地,1080810,土地1建物1車位0,全,四層,透天厝,住家用,鋼筋混凝土造,1070604,216.5,4,2,3,有,無,10500000,48499,,0.0,0,,RPSNMLNLRHOFFDK96CA,194.74,3.08,18.68,,
竹南鎮,房地(土地+建物)+車位,苗栗縣竹南鎮大厝里１１鄰大業街１１０號十樓之二,53.66,住,,,1080802,土地1建物1車位3,十層,十四層,住宅大樓(11層含以上有電梯),住家用,鋼筋混凝土造,1050812,309.97,4,2,2,有,有,16250000,60625,坡道平面,96.36,3300000,,RPVSMLMJIIOFFDK66CA,131.17,0.0,17.54,,
竹南鎮,房地(土地+建物)+車位,苗栗縣竹南鎮大厝里１１鄰大業街１１０號十樓之一,54.81,住,,,1080802,土地1建物1車位3,十層,十四層,住宅大樓(11層含以上有電梯),住家用,鋼筋混凝土造,1050812,326.76,4,2,2,有,有,16350000,60625,坡道平面,113.15,3400000,,RPWSMLMJIIOFFDK76CA,131.17,0.0,17.54,,
竹南鎮,房地(土地+建物),苗栗縣竹南鎮龍山里５鄰龍山路二段４１６巷２０號,82.21,住,,,1080815,土地3建物1車位0,全,,透天厝,住商用,鋼筋混凝土造,0900718,185.76,4,2,3,有,無,6680000,35960,,0.0,0,,RPQOMLNJIIOFFDK48CA,157.28,6.51,13.02,,
頭份市,房地(土地+建物)+車位,苗栗縣頭份市文化里１６鄰八德二路２３３巷３２號十樓,36.76,住,,,1080810,土地1建物1車位1,十層,十二層,住宅大樓(11層含以上有電梯),住家用,鋼筋混凝土造,1060518,188.31,3,2,2,有,有,7850000,41687,坡道平面,29.0,0,交易內含機車位1個,RPOOMLTKRHOFFFK37CA,96.21,0.0,11.84,,
南庄鄉,土地,蓬萊段48-97地號,4750.0,,山坡地保育區,農牧用地,1080808,土地1建物0車位0,,,其他,,,,0.0,0,0,0,有,無,800000,168,,0.0,0,急買急賣。；,RPPNMLOLRHOFFFK96CA,0.0,0.0,0.0,,
頭份市,房地(土地+建物)+車位,苗栗縣頭份市文化里１６鄰八德二路２３３巷３２號十二樓,36.76,住,,,1080818,土地1建物1車位1,十二層,十二層,住宅大樓(11層含以上有電梯),住家用,鋼筋混凝土造,1060518,188.31,3,2,2,有,有,7900000,41952,坡道平面,29.0,0,交易內含機車位1個,RPWNMLTKRHOFFFK08CA,96.21,0.0,11.84,,
苑裡鎮,土地,苑坑段655地號,165.9,,特定農業區,甲種建築用地,1080828,土地1建物0車位0,,,其他,,,,0.0,0,0,0,有,無,600000,3617,,0.0,0,,RPPNMLRLRHOFFCK07DA,0.0,0.0,0.0,,
頭屋鄉,房地(土地+建物),苗栗縣頭屋鄉頭屋村２０鄰中華街２３１號,420.04,住,,,1080802,土地2建物1車位0,全,三層,透天厝,住家用,鋼筋混凝土造,0880311,198.27,5,2,2,有,無,7155540,36090,,0.0,0,本案件係二等親自用住宅買賣親友、員工或其他特殊關係間之交易。；,RPPNMLTLRHOFFBK17DA,198.27,0.0,0.0,,
頭份市,房地(土地+建物),苗栗縣頭份市田寮里２２鄰蘆竹路２８０巷７弄１號,98.49,工,,,1080815,土地1建物1車位0,全,二層,透天厝,辦公用,鋼筋混凝土造,0761006,117.5,3,2,2,有,無,5600000,47660,,0.0,0,,RPQNMLPJKIOFFFK98CA,112.62,0.0,4.88,,
後龍鎮,土地,龍城段1518地號,3361.44,,山坡地保育區,農牧用地,1080819,土地4建物0車位0,,,其他,,,,0.0,0,0,0,有,無,2500000,744,,0.0,0,,RPSNMLOKIIOFFDK88DA,0.0,0.0,0.0,,
西湖鄉,土地,二湖段816地號,641.0,,山坡地保育區,丙種建築用地,1080824,土地1建物0車位0,,,其他,,,,0.0,0,0,0,有,無,5623000,8772,,0.0,0,,RPQNMLKLRHOFFEK56CA,0.0,0.0,0.0,,
三灣鄉,土地,中山段1116-1地號,1369.96,都市：工,,,1080823,土地10建物0車位0,,,其他,,,,0.0,0,0,0,有,無,3250000,2372,,0.0,0,含增建或未登記建物。；急買急賣。；,RPQNMLOLRHOFFFK07CA,0.0,0.0,0.0,,
南庄鄉,土地,田尾段474-1地號,77.58,,山坡地保育區,農牧用地,1080813,土地1建物0車位0,,,其他,,,,0.0,0,0,0,有,無,117300,1512,,0.0,0,,RPRNMLPLRHOFFFK27CA,0.0,0.0,0.0,,
南庄鄉,土地,蓬萊段1-10地號,2818.0,,山坡地保育區,農牧用地,1080808,土地4建物0車位0,,,其他,,,,0.0,0,0,0,有,無,2810000,997,,0.0,0,,RPXNMLLJIIOFFFK09CA,0.0,0.0,0.0,,
南庄鄉,土地,蓬萊段48-164地號,881.0,,山坡地保育區,林業用地,1080808,土地1建物0車位0,,,其他,,,,0.0,0,0,0,有,無,2190000,2486,,0.0,0,,SPXNMLLJIIOFFFK56CA,0.0,0.0,0.0,,
竹南鎮,房地(土地+建物)+車位,苗栗縣竹南鎮中華里１５鄰萬大街３６號七樓,26.42,住,,,1080817,土地1建物1車位1,七層,七層,華廈(10層含以下有電梯),住家用,鋼筋混凝土造,0830315,144.35,3,2,2,有,無,4850000,33599,升降機械,0.0,0,,RPUNMLNLRHOFFDK17CA,91.3,0.0,13.44,,
竹南鎮,房地(土地+建物)+車位,苗栗縣竹南鎮中華里１鄰中正路２４６巷６弄１０號五樓之二,23.99,住,,,1080803,土地1建物1車位1,五層,七層,華廈(10層含以下有電梯),住家用,鋼筋混凝土造,0850702,126.06,3,2,2,有,有,3960000,31414,坡道平面,0.0,0,,RPRNMLKLRHOFFDK56CA,72.58,0.0,9.5,,
竹南鎮,土地,竹興段674地號,132.02,住,,,1080812,土地1建物0車位0,,,其他,,,,0.0,0,0,0,有,無,2178330,16500,,0.0,0,二親等間買賣,RPTNMLKLRHOFFDK76CA,0.0,0.0,0.0,,
竹南鎮,土地,龍鳳西段140地號,215.11,住,,,1080830,土地2建物0車位0,,,其他,,,,0.0,0,0,0,有,無,9058154,42109,,0.0,0,,RPPOMLQLRHOFFDK07CA,0.0,0.0,0.0,,
泰安鄉,土地,南洗水段591地號,1000.75,,山坡地保育區,農牧用地,1080824,土地1建物0車位0,,,其他,,,,0.0,0,0,0,有,無,200000,200,,0.0,0,,RPPNMLPLRHOFFAK56CA,0.0,0.0,0.0,,
苗栗市,房地(土地+建物),苗栗縣苗栗市綠苗里２０鄰大同路５３號四樓,11.6,住,,,1080806,土地1建物1車位0,四層,,華廈(10層含以下有電梯),住家用,鋼筋混凝土造,0861007,97.49,3,2,2,有,無,2500000,25644,,0.0,0,,RPUNMLOLRHOFFBK07CA,65.43,3.6,7.69,,
苑裡鎮,房地(土地+建物)+車位,苗栗縣苑裡鎮西平里９鄰介壽路２００號七樓之６,27.29,住,,,1080820,土地1建物1車位1,七層,八層,華廈(10層含以下有電梯),住家用,鋼筋混凝土造,1080220,111.13,2,1,1,有,無,4850000,43643,坡道平面,0.0,0,,RPRNMLPLRHOFFCK96CA,57.72,0.0,4.13,,
苑裡鎮,房地(土地+建物)+車位,苗栗縣苑裡鎮西平里９鄰介壽路２００號四樓之７,26.07,住,,,1080823,土地1建物1車位1,四層,八層,華廈(10層含以下有電梯),住家用,鋼筋混凝土造,1080220,106.57,2,1,1,有,無,5160000,48419,坡道平面,0.0,0,,RPSNMLPLRHOFFCK07CA,54.72,0.0,4.06,,
苑裡鎮,土地,苑坑段1065地號,318.5,,特定農業區,農牧用地,1080821,土地1建物0車位0,,,其他,,,,0.0,0,0,0,有,無,642333,2017,,0.0,0,訂有三七五條例承租人表示優先承受。親友、員工或其他特殊關係間之交易。；,RPWNMLMJIIOFFCK78CA,0.0,0.0,0.0,,
苗栗市,房地(土地+建物),苗栗縣苗栗市文聖里７鄰文發路２２２號,117.53,住,,,1080823,土地1建物1車位0,全,三層,透天厝,住家用,鋼筋混凝土造,1080422,221.09,5,2,4,有,無,12350000,55860,,0.0,0,,RPXNMLRJIIOFFBK66CA,211.2,0.0,9.89,,
通霄鎮,房地(土地+建物),苗栗縣通霄鎮平元里１鄰新生路２０１號,75.95,,山坡地保育區,丙種建築用地,1080812,土地1建物1車位0,全,四層,透天厝,住家用,加強磚造,0691215,119.3,5,2,3,有,無,3500000,29338,,0.0,0,含增建或未登記建物。；,RPOOMLMJIIOFFCK08CA,119.3,0.0,0.0,,
苗栗市,房地(土地+建物),苗栗縣苗栗市三山１４號,77.0,,山坡地保育區,丙種建築用地,1080831,土地1建物1車位0,全,二層,透天厝,住家用,加強磚造,0690710,112.0,4,1,2,有,無,1800000,16071,,0.0,0,,RPVNMLOLRHOFFBK17CA,112.0,0.0,0.0,,
苗栗市,房地(土地+建物)+車位,苗栗縣苗栗市水源里６鄰金像園６號四樓之一,17.9,住,,,1080803,土地1建物1車位1,四層,,華廈(10層含以下有電梯),住家用,鋼筋混凝土造,0810930,112.54,3,2,2,有,有,4200000,37323,升降機械,8.69,0,,RPQNMLOLRHOFFBK66CA,82.64,0.0,5.14,,
苗栗市,房地(土地+建物)+車位,苗栗縣苗栗市福麗里３３鄰忠孝１１１號四樓之二,92.96,,山坡地保育區,丙種建築用地,1080819,土地1建物1車位1,四層,五層,華廈(10層含以下有電梯),住家用,鋼筋混凝土造,1071205,137.45,3,2,2,有,有,6000000,43652,一樓平面,0.0,0,,RPTNMLPLRHOFFBK07CA,86.83,0.0,9.16,,
後龍鎮,房地(土地+建物),苗栗縣後龍鎮校椅里４鄰圪仔路４０之３號,109.0,農,,,1080831,土地1建物1車位0,全,二層,透天厝,住家用,加強磚造,,91.8,0,0,0,無,無,1800000,19608,,0.0,0,,RPTNMLNLRHOFFDK07CA,91.8,0.0,0.0,,
竹南鎮,房地(土地+建物)+車位,苗栗縣竹南鎮照南里２７鄰自強街５１號八樓之三,50.36,住,,,1080806,土地1建物1車位2,八層,十四層,住宅大樓(11層含以上有電梯),住家用,鋼筋混凝土造,1050325,298.71000000000004,4,2,3,有,有,17200000,65599,坡道平面,67.0,2000000,,RPTNMLPLRHOFFDK27CA,136.99,0.0,20.54,,
頭份市,房地(土地+建物),苗栗縣頭份市田寮里８鄰永貞路一段２４８號,143.35,住,,,1080804,土地1建物1車位0,全,二層,透天厝,住家用,加強磚造,0821230,171.12,4,2,3,有,無,9880000,57737,,0.0,0,,RPUNMLQLRHOFFFK67CA,171.12,0.0,0.0,,
頭份市,房地(土地+建物),苗栗縣頭份市忠孝里９鄰長泰街１３巷８號,111.0,住,,,1080815,土地1建物1車位0,全,二層,透天厝,住家用,見其他登記事項,0670202,109.62,4,2,3,有,無,7000000,63857,,0.0,0,,RPWNMLQLRHOFFFK87CA,109.62,0.0,0.0,,
頭份市,房地(土地+建物),苗栗縣頭份市民權里４鄰銀河路２５０巷８號,80.57,住,,,1080803,土地1建物1車位0,全,四層,透天厝,住家用,鋼筋混凝土造,1071030,189.84,3,3,3,有,無,10400000,54783,,0.0,0,,RPQNMLNLRHOFFFK96CA,169.37,8.1,12.37,,
頭份市,房地(土地+建物)+車位,苗栗縣頭份市蟠桃里３鄰上庄路８９號二樓,24.2,住,,,1080818,土地2建物1車位1,二層,六層,華廈(10層含以下有電梯),住家用,鋼筋混凝土造,1060724,88.33,3,2,2,有,有,6900000,78116,升降機械,0.0,0,,RPVNMLSJIIOFFFK96CA,69.99,0.0,9.82,,
頭份市,房地(土地+建物),苗栗縣頭份市後庄里１７鄰信義路６９０巷２弄４５衖７號,100.45,住,,,1080811,土地2建物1車位0,全,三層,透天厝,住家用,見其他登記事項,0950213,174.23,3,2,3,有,無,8800000,50508,,0.0,0,,RPSOMLKLRHOFFFK96CA,157.91,6.26,10.06,,
頭份市,房地(土地+建物),苗栗縣頭份市後庄里２２鄰天祥街６５巷１５號,105.82,住,,,1080831,土地4建物1車位0,全,三層,透天厝,住家用,鋼筋混凝土造,0921114,182.68,4,2,3,有,有,8685000,47542,,0.0,0,,RPUNMLNJIIOFFFK98CA,158.24,19.14,5.3,,
頭份市,房地(土地+建物)+車位,苗栗縣頭份市山下里６鄰山下街３３０巷１９號七樓　,36.17,住,,,1080819,土地1建物1車位1,七層,七層,華廈(10層含以下有電梯),住家用,見其他登記事項,1000706,141.71,3,2,2,有,有,5800000,40929,坡道機械,0.0,0,,RPUNMLOLRHOFFFK47CA,85.35,1.56,10.07,,
頭份市,房地(土地+建物),苗栗縣頭份市興隆里２０鄰花園東路７０號,105.23,,山坡地保育區,丙種建築用地,1080827,土地1建物1車位0,全,三層,透天厝,住家用,見其他登記事項,0950803,225.05,4,2,3,有,有,6860000,30482,,0.0,0,,RPPNMLQLRHOFFFK17CA,192.97,0.0,16.28,,
南庄鄉,土地,四灣段120-87地號,1116.0,,山坡地保育區,農牧用地,1080829,土地2建物0車位0,,,其他,,,,0.0,0,0,0,有,無,2800000,2509,,0.0,0,,RPXNMLPLRHOFFFK87CA,0.0,0.0,0.0,,
頭份市,房地(土地+建物),苗栗縣頭份市合興里１鄰中央路５４５巷２２弄２６號,124.73,住,,,1080824,土地1建物1車位0,全,四層,透天厝,住家用,見其他登記事項,0960215,262.39,4,3,3,有,無,13000000,49545,,0.0,0,,RPUNMLMJIIOFFFK88CA,228.66,14.74,18.99,,
頭份市,土地,觀音段710地號,769.81,,山坡地保育區,農牧用地,1080828,土地1建物0車位0,,,其他,,,,0.0,0,0,0,有,無,2550000,3313,,0.0,0,,RPVNMLKMRHOFFFK27CA,0.0,0.0,0.0,,
造橋鄉,房地(土地+建物),苗栗縣造橋鄉豐湖村１０鄰上彎２７號,1512.34,,山坡地保育區,丁種建築用地,1080807,土地1建物1車位0,一層，二層,二層,工廠,辦公用,見其他登記事項,0680317,811.55,2,2,2,有,無,21000000,,,0.0,0,本案印花稅.登記規費.房屋契稅.土地增值稅及代書費全部由買方負擔.,RPPPMLNJKIOFFDK68CA,803.6,7.95,0.0,,
竹南鎮,房地(土地+建物)+車位,苗栗縣竹南鎮大埔里１鄰大埔街３２號八樓之二,37.0,住,,,1080821,土地1建物1車位1,八層,十四層,住宅大樓(11層含以上有電梯),住家用,鋼筋混凝土造,1060725,151.61,3,2,2,有,有,8050000,58602,坡道平面,34.72,1200000,,RPSNMLOLRHOFFDK07CA,73.9,0.0,8.06,,
造橋鄉,房地(土地+建物),苗栗縣造橋鄉談文村５鄰學府路９０號二樓之二,13.49,,山坡地保育區,丙種建築用地,1080829,土地1建物1車位0,二層,四層,套房(1房1廳1衛),住家用,鋼筋混凝土造,0910418,29.340000000000003,1,1,1,有,有,450000,15337,,0.0,0,,RPUNMLOLRHOFFDK27CA,18.48,0.0,2.44,,
苑裡鎮,房地(土地+建物),苗栗縣苑裡鎮西平里９鄰介壽路２００號四樓之６,27.29,住,,,1080808,土地1建物1車位0,四層,八層,華廈(10層含以下有電梯),住家用,鋼筋混凝土造,1080220,93.32,2,1,1,有,無,3960000,42435,,0.0,0,,RPQNMLPLRHOFFCK86CA,57.72,0.0,4.13,,
公館鄉,房地(土地+建物),苗栗縣公館鄉中義村８鄰中義１８６之８號三樓,117.84,,特定農業區,甲種建築用地,1080814,土地2建物1車位0,三層,五層,華廈(10層含以下有電梯),住家用,鋼筋混凝土造,1080131,140.7,3,2,2,有,無,6380000,45345,,0.0,0,,RPRNMLPKIIOFFBK58CA,101.97,0.0,14.37,,
苗栗市,房地(土地+建物),苗栗縣苗栗市建功里２５鄰民族路６６巷６號六樓之五,11.72,住,,,1080819,土地1建物1車位0,六層，夾層,十層,華廈(10層含以下有電梯),住家用,鋼筋混凝土造,0870618,81.00999999999999,2,1,1,有,無,3300000,40736,,0.0,0,親友、員工或其他特殊關係間之交易。；,RPVNMLPLIIOFFBK09CA,57.47,0.0,5.14,,
苑裡鎮,土地,文山段263-1地號,117.21,住,,,1080805,土地1建物0車位0,,,其他,,,,0.0,0,0,0,有,無,4110000,35065,,0.0,0,向政府機關承購之案件。,RPRNMLRLRHOFFCK17CA,0.0,0.0,0.0,,
苗栗市,房地(土地+建物),苗栗縣苗栗市中正路３３３巷３２號,119.0,住,,,1080830,土地2建物1車位0,全,,透天厝,住家用,加強磚造,0740604,126.94,3,1,2,有,無,4020000,31669,,0.0,0,,RPPNMLPLRHOFFBK66CA,111.94,7.5,7.5,,
大湖鄉,土地,大湖段707-3地號,10783.0,,山坡地保育區,農牧用地,1080831,土地2建物0車位0,,,其他,,,,0.0,0,0,0,有,無,2350000,218,,0.0,0,,RPQNMLQLRHOFFAK76CA,0.0,0.0,0.0,,
大湖鄉,土地,大湖段707-7地號,305.0,,山坡地保育區,丙種建築用地,1080831,土地1建物0車位0,,,其他,,,,0.0,0,0,0,有,無,2000000,6557,,0.0,0,,RPRNMLQLRHOFFAK86CA,0.0,0.0,0.0,,
獅潭鄉,土地,獅潭段新店小段163-33地號,11886.0,,山坡地保育區,林業用地,1080802,土地7建物0車位0,,,其他,,,,0.0,0,0,0,有,無,3000000,252,,0.0,0,,RPPNMLLJIIOFFAK77CA,0.0,0.0,0.0,,
竹南鎮,土地,廣源段46-4地號,388.31,,特定農業區,水利用地,1080801,土地2建物0車位0,,,其他,,,,0.0,0,0,0,有,無,9008792,23200,,0.0,0,水利署第二河川局協議價購案,RPUNMLQLRHOFFDK47CA,0.0,0.0,0.0,,
竹南鎮,土地,廣源段126-1地號,7.67,,特定農業區,水利用地,1080801,土地1建物0車位0,,,其他,,,,0.0,0,0,0,有,無,32981,4300,,0.0,0,水利署第二河川局協議價購案,RPWNMLQLRHOFFDK67CA,0.0,0.0,0.0,,
竹南鎮,土地,廣源段132-1地號,62.87,,特定農業區,水利用地,1080801,土地3建物0車位0,,,其他,,,,0.0,0,0,0,有,無,445949,7093,,0.0,0,經濟部水利署第二河川局協議價購案,RPQOMLQLRHOFFDK17CA,0.0,0.0,0.0,,
竹南鎮,土地,廣源段133-1地號,70.75,,特定農業區,農牧用地,1080801,土地1建物0車位0,,,其他,,,,0.0,0,0,0,有,無,304224,4300,,0.0,0,水利署第二河川局協議價構案,RPSOMLQLRHOFFDK37CA,0.0,0.0,0.0,,
竹南鎮,土地,廣源段857-1地號,1.24,,特定農業區,水利用地,1080801,土地1建物0車位0,,,其他,,,,0.0,0,0,0,有,無,5332,4300,,0.0,0,水利署第二河川局協議價購案,RPTOMLQLRHOFFDK47CA,0.0,0.0,0.0,,
竹南鎮,土地,廣源段901-1地號,0.16,,特定農業區,水利用地,1080801,土地1建物0車位0,,,其他,,,,0.0,0,0,0,有,無,688,0,,0.0,0,水利署第二河川局協議價購案,RPWOMLQLRHOFFDK77CA,0.0,0.0,0.0,,
竹南鎮,土地,廣源段922-2地號,1.9,,特定農業區,水利用地,1080801,土地1建物0車位0,,,其他,,,,0.0,0,0,0,有,無,8170,4300,,0.0,0,水利署第二河川局協議價購案,RPXOMLQLRHOFFDK87CA,0.0,0.0,0.0,,
竹南鎮,土地,廣源段922-4地號,4.57,,特定農業區,水利用地,1080801,土地2建物0車位0,,,其他,,,,0.0,0,0,0,有,無,19651,4300,,0.0,0,水利署第二河川局協議價購案,RPOPMLQLRHOFFDK07CA,0.0,0.0,0.0,,
竹南鎮,土地,廣源段939-1地號,1.78,,特定農業區,水利用地,1080801,土地1建物0車位0,,,其他,,,,0.0,0,0,0,有,無,7654,4300,,0.0,0,水利署第二河川局協議價購案,RPPPMLQLRHOFFDK17CA,0.0,0.0,0.0,,
竹南鎮,土地,廣源段1025-2地號,2.56,,特定農業區,水利用地,1080801,土地3建物0車位0,,,其他,,,,0.0,0,0,0,有,無,11008,4300,,0.0,0,水利署第二河川局協議價購案,RPQPMLQLRHOFFDK27CA,0.0,0.0,0.0,,
通霄鎮,土地,通西段149-1地號,86.14,商,,,1080827,土地2建物0車位0,,,其他,,,,0.0,0,0,0,有,無,7021100,81508,,0.0,0,向政府機關承購之案件。；,RPSNMLOKIIOFFCK68CA,0.0,0.0,0.0,,
頭份市,房地(土地+建物),苗栗縣頭份市建國里１２鄰中興路６２０號五樓之三　,12.78,住,,,1080822,土地2建物1車位0,五層,七層,華廈(10層含以下有電梯),住家用,鋼筋混凝土造,0830713,76.84,2,0,2,有,有,2700000,35138,,0.0,0,,RPTOMLRLRHOFFFK77CA,60.56,0.0,3.64,,
頭份市,土地,自強段1983地號,16.6,住,,,1080820,土地1建物0車位0,,,其他,,,,0.0,0,0,0,有,無,1723080,103800,,0.0,0,,RPTNMLLJIIOFFFK68CA,0.0,0.0,0.0,,
西湖鄉,土地,新高埔段1054地號,533.5,,特定農業區,農牧用地,1080828,土地1建物0車位0,,,其他,,,,0.0,0,0,0,有,無,693550,1300,,0.0,0,親友、員工或其他特殊關係間之交易。；,RPRNMLTJIIOFFEK66DA,0.0,0.0,0.0,,
銅鑼鄉,土地,樟樹西段878地號,1133.34,,特定農業區,農牧用地,1080811,土地9建物0車位0,,,其他,,,,0.0,0,0,0,有,無,4456790,3932,,0.0,0,親友、員工或其他特殊關係間之交易。；,RPQNMLQLRHOFFEK27DA,0.0,0.0,0.0,,
頭份市,房地(土地+建物),苗栗縣頭份市合興里１鄰中央路５４５巷２２弄１２號三樓之三,10.45,住,,,1080817,土地2建物1車位0,三層,五層,華廈(10層含以下有電梯),住家用,見其他登記事項,0951020,33.35,2,1,1,有,無,2000000,59970,,0.0,0,,RPQNMLKMRHOFFFK76CA,22.22,0.0,2.05,,
頭份市,房地(土地+建物),苗栗縣頭份市蘆竹里８鄰蘆竹９０之１號,84.5,工,,,1080823,土地1建物1車位0,全,二層,透天厝,住工用,加強磚造,0781121,100.29,3,2,3,有,無,1500000,14957,,0.0,0,,RPPNMLTLRHOFFFK47CA,100.3,0.0,0.0,,
頭份市,房地(土地+建物)+車位,苗栗縣頭份市新華里３鄰中正一路５０９之１號七樓,37.02,,鄉村區,乙種建築用地,1080803,土地1建物1車位1,七層,九層,華廈(10層含以下有電梯),住家用,鋼筋混凝土造,1071206,168.60000000000002,3,2,2,有,有,5880000,34875,坡道平面,0.0,950000,,RPPNMLRLRHOFFFK27CA,89.41,0.0,8.93,,
頭份市,房地(土地+建物),苗栗縣頭份市上埔里４鄰中正一路１８１巷４６號,90.47,住,,,1080822,土地1建物1車位0,全,三層,透天厝,住家用,鋼筋混凝土造,0800514,186.17,4,2,2,有,無,5360000,28791,,0.0,0,,RPTNMLKMRHOFFFK07CA,154.35,31.82,0.0,,
竹南鎮,房地(土地+建物)+車位,苗栗縣竹南鎮大埔里２鄰科專七路１９５號三樓之二,26.13,住,,,1080810,土地1建物1車位1,三層,十二層,住宅大樓(11層含以上有電梯),住家用,見其他登記事項,1050414,99.58,2,2,1,有,有,5150000,51717,升降平面,16.85,0,,RPQNMLRLRHOFFDK17CA,51.01,0.0,5.75,,
竹南鎮,房地(土地+建物),苗栗縣竹南鎮頂埔里４鄰頂大埔６５號,179.21,住,,,1080807,土地1建物1車位0,全,一層,透天厝,住家用,加強磚造,0670201,60.91,4,2,2,有,無,3800000,62387,,0.0,0,含增建或未登記建物。；,RPQNMLQLRHOFFDK07CA,60.91,0.0,0.0,,
泰安鄉,土地,跋阿諾乎段125地號,159.78,,鄉村區,乙種建築用地,1080812,土地1建物0車位0,,,其他,,,,0.0,0,0,0,有,無,700000,4381,,0.0,0,,RPPNMLOKIIOFFAK18CA,0.0,0.0,0.0,,
苑裡鎮,房地(土地+建物),苗栗縣苑裡鎮苑東里１５鄰興隆２０之５１號,90.96,,鄉村區,乙種建築用地,1080815,土地1建物1車位0,全,二層,透天厝,住家用,鋼筋混凝土造,,138.58,4,2,2,有,無,1900000,13710,,0.0,0,親友、員工或其他特殊關係間之交易。；,RPSNMLQLRHOFFCK17CA,138.58,0.0,0.0,,
苑裡鎮,土地,上館段675地號,617.23,,特定農業區,甲種建築用地,1080830,土地2建物0車位0,,,其他,,,,0.0,0,0,0,有,無,9380000,15197,,0.0,0,,RPPNMLQLRHOFFCK86CA,0.0,0.0,0.0,,
苑裡鎮,土地,房南段528地號,3422.0,,特定農業區,農牧用地,1080817,土地1建物0車位0,,,其他,,,,0.0,0,0,0,有,無,10351550,3025,,0.0,0,,RPUNMLNJIIOFFCK68CA,0.0,0.0,0.0,,
通霄鎮,土地,楓樹窩段417-2地號,12339.0,,山坡地保育區,林業用地,1080807,土地6建物0車位0,,,其他,,,,0.0,0,0,0,有,無,8800000,713,,0.0,0,,RPUNMLOKIIOFFCK88CA,0.0,0.0,0.0,,
苗栗市,房地(土地+建物),苗栗縣苗栗市清華里２７鄰為民街３８２之２號十樓,14.1,住,,,1080829,土地2建物1車位0,十層,十二層,住宅大樓(11層含以上有電梯),住家用,鋼筋混凝土造,0840115,119.94999999999999,3,1,2,有,無,3000000,25010,,0.0,0,,RPTNMLOJIIOFFBK58CA,87.08,0.0,6.91,,
大湖鄉,土地,興榮段96-914地號,4279.0,,山坡地保育區,農牧用地,1080827,土地1建物0車位0,,,其他,,,,0.0,0,0,0,有,無,5820000,1360,,0.0,0,,RPQNMLOKIIOFFAK28CA,0.0,0.0,0.0,,
竹南鎮,房地(土地+建物)+車位,苗栗縣竹南鎮營盤里１７鄰建國路３１３巷１０號三樓,26.53,住,,,1080829,土地1建物1車位1,三層,五層,華廈(10層含以下有電梯),住家用,鋼筋混凝土造,1020703,86.9,2,2,1,有,有,3910000,44994,一樓平面,0.0,0,,RPVOMLQLRHOFFDK67CA,56.28,2.36,2.95,,
竹南鎮,房地(土地+建物)+車位,苗栗縣竹南鎮大埔里２鄰科專三路３１號五樓之一,44.53,住,,,1080805,土地1建物1車位1,五層,十層,華廈(10層含以下有電梯),住家用,鋼筋混凝土造,1050422,160.89000000000001,4,2,2,有,有,8830000,54882,一樓平面,26.44,0,,RPQNMLRKIIOFFDK88CA,90.58,0.0,7.79,,
頭份市,房地(土地+建物),苗栗縣頭份市文化里１０鄰文化街３２巷７５弄２９號,65.98,住,,,1080831,土地1建物1車位0,全,五層,透天厝,住家用,見其他登記事項,1000921,142.73000000000002,3,2,2,有,無,6350000,44490,,0.0,0,,RPUNMLPJIIOFFFK56CA,92.1,0.0,7.13,,
頭份市,房地(土地+建物),苗栗縣頭份市下興里２鄰新興街６０巷１３號,120.28,,山坡地保育區,丙種建築用地,1080819,土地3建物1車位0,全,四層,透天厝,住家用,鋼筋混凝土造,0841130,174.05,4,3,3,有,無,5200000,29876,,0.0,0,,RPVNMLRLRHOFFFK87CA,154.59,7.43,7.84,,
頭份市,房地(土地+建物)+車位,苗栗縣頭份市後庄里７鄰公北三路１２８號十三樓,15.77,商,,,1080825,土地2建物1車位1,十三層,十五層,住宅大樓(11層含以上有電梯),住家用,鋼筋混凝土造,1080114,178.87,3,2,2,有,無,9600000,55603,坡道平面,27.8,1200000,,RPOOMLRLRHOFFFK27CA,84.46,2.15,14.5,,
後龍鎮,土地,龍東段185地號,878.0,住,,,1080816,土地3建物0車位0,,,其他,,,,0.0,0,0,0,有,無,28000000,31891,,0.0,0,,RPTNMLOKIIOFFDK88CA,0.0,0.0,0.0,,
竹南鎮,房地(土地+建物),苗栗縣竹南鎮崎頂里１鄰天祥街二段５４７巷３９弄６號,112.77,,一般農業區,甲種建築用地,1080822,土地1建物1車位0,全,三層,透天厝,住家用,鋼筋混凝土造,1070619,180.16,3,2,4,有,無,7850000,43572,,0.0,0,,RPQNMLPLIIOFFDK78CA,172.84,0.0,7.32,,
苗栗市,土地,文新段487地號,252.0,,特定農業區,甲種建築用地,1080819,土地1建物0車位0,,,其他,,,,0.0,0,0,0,有,無,1839600,7300,,0.0,0,親友、員工或其他特殊關係間之交易。；,RPPNMLLJIIOFFBK87CA,0.0,0.0,0.0,,
苗栗市,房地(土地+建物),苗栗縣苗栗市建功里１６鄰府東路７巷１０號三樓,33.65,住,,,1080831,土地11建物1車位0,三層,,公寓(5樓含以下無電梯),住家用,鋼筋混凝土造,0691230,81.9,3,2,2,有,無,3520000,42979,,0.0,0,,RPPNMLOLIIOFFBK38CA,81.9,0.0,0.0,,
苗栗市,房地(土地+建物),苗栗縣苗栗市福星里９鄰國華路２７６號,93.16,住,,,1080816,土地1建物1車位0,一層，二層，三層，四層,四層,店面(店鋪),住家用,鋼筋混凝土造,1080531,234.71,4,3,4,有,無,16360000,69703,,0.0,0,,RPPNMLMJIIOFFBK97CA,213.13,0.0,21.58,,
苗栗市,房地(土地+建物),苗栗縣苗栗市福星里９鄰國華路２７６之１號,107.71,住,,,1080816,土地2建物1車位0,一層，二層，三層，四層，屋頂突出物,四層,店面(店鋪),住家用,鋼筋混凝土造,1080531,278.66,4,3,4,有,無,18500000,66389,,0.0,0,,RPQNMLMJIIOFFBK08CA,263.46,0.0,15.2,,
竹南鎮,房地(土地+建物),苗栗縣竹南鎮仁愛路２１１５巷２弄１９號,87.98,,鄉村區,乙種建築用地,1080816,土地1建物1車位0,全,二層,透天厝,住家用,加強磚造,0700306,102.1,4,2,2,有,無,2000000,19589,,0.0,0,,RPSNMLLJIIOFFDK38CA,102.1,0.0,0.0,,
竹南鎮,房地(土地+建物)+車位,苗栗縣竹南鎮照南里１０鄰三泰街２４號一樓,25.04,住,,,1080824,土地1建物2車位1,一層,六層,華廈(10層含以下有電梯),住家用,鋼筋混凝土造,0820330,128.75,3,2,2,有,有,3960000,30760,坡道平面,0.0,0,,RPUNMLLJIIOFFDK58CA,80.9,13.89,0.0,,
竹南鎮,房地(土地+建物)+車位,苗栗縣竹南鎮新南里１１鄰立華街６２號三樓,32.85,住,,,1080830,土地1建物1車位1,三層,十一層,住宅大樓(11層含以上有電梯),其他,鋼筋混凝土造,1080311,116.77000000000001,3,2,2,有,有,6300000,53952,坡道機械,0.0,0,,RPRNMLKMRHOFFDK66CA,66.25,0.0,6.14,,
銅鑼鄉,土地,竹圍段1-173地號,1987.0,,山坡地保育區,農牧用地,1080818,土地1建物0車位0,,,其他,,,,0.0,0,0,0,有,無,2500000,1258,,0.0,0,,RPPNMLMKIIOFFEK38CA,0.0,0.0,0.0,,
頭份市,房地(土地+建物),苗栗縣頭份市文化里２鄰信義路４４８號,92.7,住,,,1080819,土地1建物1車位0,全,三層,透天厝,住商用,鋼筋混凝土造,0690701,198.66,6,1,3,有,無,9300000,46814,,0.0,0,,RPTNMLRJIIOFFFK66CA,198.66,0.0,0.0,,
頭份市,房地(土地+建物),苗栗縣頭份市後庄里１０鄰信義路５５０巷４７號,90.28,住,,,1080820,土地1建物1車位0,全,三層,透天厝,住家用,鋼筋混凝土造,0911002,172.15,4,2,3,有,無,7800000,45309,,0.0,0,,RPVNMLLJIIOFFFK88CA,156.27,15.88,0.0,,
頭份市,房地(土地+建物)+車位,苗栗縣頭份市仁愛里４鄰仁愛路７－１號七樓,9.16,住,,,1080826,土地1建物2車位1,七層,十層,華廈(10層含以下有電梯),住家用,鋼筋混凝土造,0871202,80.54,3,2,2,有,有,3000000,37249,坡道機械,0.0,0,,RPUNMLLJIIOFFFK78CA,64.35,0.0,5.41,,
三灣鄉,土地,雙石段803地號,2968.76,,山坡地保育區,農牧用地,1080828,土地2建物0車位0,,,其他,,,,0.0,0,0,0,有,無,6300000,2122,,0.0,0,,RPTNMLMJIIOFFFK78CA,0.0,0.0,0.0,,
頭份市,房地(土地+建物),苗栗縣頭份市斗煥里１８鄰國校新村６３號,110.97,,鄉村區,乙種建築用地,1080822,土地1建物1車位0,全,二層,透天厝,住家用,鋼筋混凝土造,0740910,102.96,3,2,2,有,無,3250000,31566,,0.0,0,,RPOOMLNJIIOFFFK48CA,89.66,3.35,9.95,,
三義鄉,房地(土地+建物),苗栗縣三義鄉２７鄰水美３５２號,72.64,,鄉村區,乙種建築用地,1080830,土地1建物1車位0,全,二層,透天厝,住家用,鋼筋混凝土造,0750320,104.5,4,3,2,有,無,10680000,102201,,0.0,0,含增建或未登記建物。；,RPQNMLOJIIOFFEK58CA,95.5,9.0,0.0,,
竹南鎮,房地(土地+建物)+車位,苗栗縣竹南鎮大厝里１１鄰大業街１１０號三樓之五,49.16,住,,,1080825,土地1建物1車位1,三層,十四層,住宅大樓(11層含以上有電梯),住家用,鋼筋混凝土造,1050812,240.15,4,2,2,有,有,12100000,52877,坡道平面,32.12,1100000,,RPXSMLMJIIOFFDK86CA,131.17,0.0,13.66,,
苗栗市,房地(土地+建物),苗栗縣苗栗市健福街３８巷３號,135.91,住,,,1080816,土地2建物1車位0,全,三層,透天厝,住家用,鋼筋混凝土造,1001108,194.37,4,2,3,有,無,8990000,46252,,0.0,0,,RPXNMLMJIIOFFBK78CA,182.4,1.0,10.97,,
卓蘭鎮,土地,水廠段533地號,2373.87,農,,,1080820,土地1建物0車位0,,,其他,,,,0.0,0,0,0,有,無,4890000,2060,,0.0,0,,RPPNMLKMIIOFFAK97CA,0.0,0.0,0.0,,
苗栗市,房地(土地+建物),苗栗縣苗栗市高苗里３２鄰北龍岡１２２號,192.24,,山坡地保育區,丙種建築用地,1080821,土地9建物1車位0,全,四層,透天厝,住家用,鋼筋混凝土造,0960831,206.13,5,2,3,有,無,8800000,42692,,0.0,0,,RPUNMLPKIIOFFBK88CA,184.49,2.97,18.67,,
苗栗市,土地,維祥段維祥小段709地號,292.0,,特定農業區,農牧用地,1080820,土地1建物0車位0,,,其他,,,,0.0,0,0,0,有,無,3320000,11370,,0.0,0,,RPQNMLPLIIOFFBK58CA,0.0,0.0,0.0,,
公館鄉,房地(土地+建物),苗栗縣公館鄉館東村３鄰和東街２６之２號,136.67,住,,,1080825,土地2建物1車位0,全,三層,透天厝,住家用,鋼筋混凝土造,1080813,216.41,5,1,4,有,無,11500000,53140,,0.0,0,,RPSNMLPLIIOFFBK78CA,199.99,0.0,16.42,,
苗栗市,土地,聯大段2248地號,800.0,,山坡地保育區,丙種建築用地,1080812,土地2建物0車位0,,,其他,,,,0.0,0,0,0,有,無,10000000,12500,,0.0,0,親友、員工或其他特殊關係間之交易。；,RPQNMLSLIIOFFBK88CA,0.0,0.0,0.0,,
苑裡鎮,土地,南山段1051地號,3634.46,,特定農業區,農牧用地,1080815,土地6建物0車位0,,,其他,,,,0.0,0,0,0,有,無,8030000,2209,,0.0,0,,RPSOMLMJIIOFFCK48CA,0.0,0.0,0.0,,
苗栗市,房地(土地+建物)+車位,苗栗縣苗栗市文山里１７鄰自治路４０８巷４５號五樓之二,55.83,住,,,1080830,土地2建物1車位1,五層，屋頂突出物，夾層,五層,華廈(10層含以下有電梯),住家用,鋼筋混凝土造,1071003,162.22,4,2,3,有,有,12880000,79398,一樓平面,0.0,0,含增建或未登記建物。；,RPOOMLNJIIOFFBK08CA,106.6,0.0,14.74,,
公館鄉,土地,麻齊寮段508地號,116.0,農,,,1080822,土地1建物0車位0,,,其他,,,,0.0,0,0,0,有,無,770000,6638,,0.0,0,,RPTNMLNJIIOFFBK48CA,0.0,0.0,0.0,,
苗栗市,房地(土地+建物),苗栗縣苗栗市福安里２２鄰新村１５３號,80.43,住,,,1080805,土地1建物1車位0,全,三層,透天厝,住家用,鋼筋混凝土造,1080403,169.96,6,2,4,有,無,10000000,58837,,0.0,0,,RPPOMLOJIIOFFBK28CA,154.27,0.0,15.69,,
銅鑼鄉,土地,樟樹西段887地號,921.06,,特定農業區,農牧用地,1080822,土地1建物0車位0,,,其他,,,,0.0,0,0,0,有,無,1900000,2063,,0.0,0,,RPPNMLMJIIOFFEK28CA,0.0,0.0,0.0,,
頭份市,房地(土地+建物),苗栗縣頭份市土牛里６鄰７０之１號,130.27,住,,,1080831,土地1建物1車位0,全,二層,透天厝,住家用,見其他登記事項,0620120,81.6,3,2,1,有,無,4250000,52083,,0.0,0,,RPTNMLSJIIOFFFK76CA,81.6,0.0,0.0,,
頭份市,土地,和平段1144地號,32.81,商,,,1080808,土地1建物0車位0,,,其他,,,,0.0,0,0,0,有,無,500000,15239,,0.0,0,,RPWNMLTJIIOFFFK17CA,0.0,0.0,0.0,,
南庄鄉,土地,員林段334-11地號,740.0,,一般農業區,農牧用地,1080807,土地1建物0車位0,,,其他,,,,0.0,0,0,0,有,無,530000,716,,0.0,0,,RPRNMLNJIIOFFFK68CA,0.0,0.0,0.0,,
頭份市,房地(土地+建物),苗栗縣頭份市田寮里１鄰東田街４０巷１５號,91.0,住,,,1080826,土地1建物1車位0,全,三層,透天厝,辦公用,鋼筋混凝土造,0800117,173.48,4,2,3,有,無,6300000,36315,,0.0,0,,RPUNMLSJIIOFFFK86CA,161.27,12.21,0.0,,
竹南鎮,房地(土地+建物)+車位,苗栗縣竹南鎮新南里１１鄰民華街２號三樓,31.96,住,,,1080801,土地1建物1車位1,三層,十四層,住宅大樓(11層含以上有電梯),住家用,鋼筋混凝土造,1070827,185.9,3,2,2,有,有,8600000,51051,坡道平面,34.09,850000,,RPRNMLTJIIOFFDK09CA,96.32,0.0,9.55,,
大湖鄉,土地,大湖段762-354地號,16262.67,,山坡地保育區,林業用地,1080814,土地3建物0車位0,,,其他,,,,0.0,0,0,0,有,無,2000000,123,,0.0,0,,RPPNMLOJIIOFFAK08CA,0.0,0.0,0.0,,
苑裡鎮,房地(土地+建物),苗栗縣苑裡鎮玉田里６鄰玉田８５之１號,1187.67,,特定農業區,農牧用地,1080814,土地1建物1車位0,全,二層,透天厝,農業用,加強磚造,0890406,168.64,7,1,2,有,無,3100000,18382,,0.0,0,親友、員工或其他特殊關係間之交易。；,RPPNMLPJIIOFFCK38CA,165.06,3.58,0.0,,
卓蘭鎮,土地,大坪林段15-719地號,2003.33,,山坡地保育區,農牧用地,1080830,土地1建物0車位0,,,其他,,,,0.0,0,0,0,有,無,700000,349,,0.0,0,,RPPNMLPJIIOFFAK18CA,0.0,0.0,0.0,,
竹南鎮,房地(土地+建物)+車位,苗栗縣竹南鎮三泰街２０號４樓,24.84,住,,,1080826,土地1建物1車位1,四層,六層,華廈(10層含以下有電梯),住家用,鋼筋混凝土造,0820330,127.28,3,2,2,有,有,3100000,24358,升降機械,0.0,0,,RPUNMLLLIIOFFDK78CA,72.03,15.03,0.0,,
竹南鎮,房地(土地+建物),苗栗縣竹南鎮大埔里２鄰科專六路２８１號,97.22,住,,,1080831,土地1建物1車位0,全,四層,透天厝,住商用,鋼筋混凝土造,1071219,271.86,4,4,4,有,有,13600000,50026,,0.0,0,,RPTNMLRJIIOFFDK09CA,229.71,19.17,22.98,,
頭份市,土地,信義段1171地號,667.35,住,,,1080822,土地1建物0車位0,,,其他,,,,0.0,0,0,0,有,無,141900000,212632,,0.0,0,與頭竹南鎮大同段土地面積2264.55㎡合併計價,RPPNMLRJIIOFFFK88CA,0.0,0.0,0.0,,
銅鑼鄉,土地,七十份段中平小段36-1地號,2922.82,,工業區,丁種建築用地,1080816,土地4建物0車位0,,,其他,,,,0.0,0,0,0,有,無,75152750,25712,,0.0,0,,RPPNMLSKIIOFFEK98CA,0.0,0.0,0.0,,
三義鄉,房地(土地+建物),苗栗縣三義鄉廣盛村９鄰中正路１７０之５號,101.8,住,,,1080826,土地2建物1車位0,全,三層,透天厝,住家用,鋼筋混凝土造,0821124,169.02,5,2,3,有,無,6000000,35499,,0.0,0,有一筆土地是道路親友、員工或其他特殊關係間之交易。；急買急賣。；,RPPNMLMLIIOFFEK48CA,169.02,0.0,0.0,,
頭份市,房地(土地+建物)+車位,苗栗縣頭份市仁愛里４鄰銀河路３６－３號十樓,8.37,商,,,1080831,土地1建物2車位1,,十層,華廈(10層含以下有電梯),住家用,鋼筋混凝土造,0871202,84.06,3,2,2,有,無,2600000,30934,坡道機械,4.54,0,,RPUNMLKMIIOFFFK98CA,51.79,0.0,13.06,,
頭份市,房地(土地+建物)+車位,苗栗縣頭份市山下里８鄰翠亨路１６０號十樓,26.5,住,,,1080825,土地1建物1車位1,,十四層,住宅大樓(11層含以上有電梯),住家用,鋼筋混凝土造,1080416,176.94,3,2,2,有,有,7630000,44765,坡道平面,26.6,900000,交易內含機車位2個,RPQOMLSJIIOFFFK56CA,87.28,0.0,8.98,,
竹南鎮,房地(土地+建物),苗栗縣竹南鎮大厝里２３鄰國昌街２１５巷６０號,151.86,工,,,1080823,土地6建物1車位0,全,三層,透天厝,商辦用,鋼筋混凝土造,0970604,178.11,4,3,4,有,無,8200000,46039,,0.0,0,,RPSNMLSJIIOFFDK09CA,158.66,14.27,5.18,,
後龍鎮,土地,龍西段763地號,356.0,,特定農業區,農牧用地,1080829,土地1建物0車位0,,,其他,,,,0.0,0,0,0,有,無,646140,1815,,0.0,0,親友、員工或其他特殊關係間之交易。；,RPPNMLSJIIOFFDK78CA,0.0,0.0,0.0,,
竹南鎮,房地(土地+建物),苗栗縣竹南鎮大埔里２鄰科專六路２８９號,97.26,住,,,1080803,土地1建物1車位0,全,四層,透天厝,住商用,鋼筋混凝土造,1071219,271.86,4,4,4,有,有,13580000,49952,,0.0,0,,RPVNMLRJIIOFFDK66CA,229.71,19.17,22.98,,
苑裡鎮,房地(土地+建物),苗栗縣苑裡鎮南勢里１０鄰１２９之１號,630.82,,特定農業區,農牧用地,1080823,土地2建物1車位0,全,一層,透天厝,住家用,見其他登記事項,0610115,67.51,7,2,2,有,無,5300000,78507,,0.0,0,,RPVNMLTJIIOFFCK76CA,67.51,0.0,0.0,,
苑裡鎮,土地,社柑段870地號,613.0,,特定農業區,甲種建築用地,1080807,土地1建物0車位0,,,其他,,,,0.0,0,0,0,有,無,12980275,21175,,0.0,0,,RPSNMLTJIIOFFCK09CA,0.0,0.0,0.0,,
造橋鄉,土地,淡文湖段249-52地號,83.0,,特定農業區,甲種建築用地,1080831,土地1建物0車位0,,,其他,,,,0.0,0,0,0,有,無,224100,2700,,0.0,0,增值稅13110元由買方繳納.本案土地為都市計劃外特定農業區.使用地類別:甲種建築用地,RPSNMLMJJIOFFDK58CA,0.0,0.0,0.0,,
造橋鄉,土地,淡文湖段249-77地號,25.0,,特定農業區,甲種建築用地,1080831,土地1建物0車位0,,,其他,,,,0.0,0,0,0,有,無,67500,2700,,0.0,0,,RPVNMLMJJIOFFDK88CA,0.0,0.0,0.0,,
造橋鄉,土地,淡文湖段249-78地號,26.0,,特定農業區,甲種建築用地,1080831,土地1建物0車位0,,,其他,,,,0.0,0,0,0,有,無,70200,2700,,0.0,0,,RPWNMLMJJIOFFDK98CA,0.0,0.0,0.0,,
竹南鎮,房地(土地+建物)+車位,苗栗縣竹南鎮新南里３鄰維新路３６之１號四樓,2.74,商,,,1080824,土地2建物1車位1,四層,十五層,住宅大樓(11層含以上有電梯),住家用,鋼筋混凝土造,1050415,127.55,2,2,2,有,有,5450000,42728,坡道平面,0.0,0,土地跨所分次登記案件。土地為華夏段，基地持分12.39平方公尺.建物共有部分座落於華夏段持分44.05平方公尺,RPPNMLTJIIOFFDK88CA,0.0,0.0,0.0,,
造橋鄉,土地,牛欄湖段899-5地號,525.0,,山坡地保育區,丙種建築用地,1080813,土地1建物0車位0,,,其他,,,,0.0,0,0,0,有,無,280000,533,,0.0,0,土地增值稅買方負擔親友、員工或其他特殊關係間之交易。；,RPQOMLTJIIOFFDK09CA,0.0,0.0,0.0,,
通霄鎮,土地,烏眉坑段661-9地號,4159.49,,一般農業區,農牧用地,1080825,土地15建物0車位0,,,其他,,,,0.0,0,0,0,有,無,3800000,914,,0.0,0,增值稅由買方繳納之親友、員工或其他特殊關係間之交易。；,RPUNMLMLIIOFFCK78CA,0.0,0.0,0.0,,
頭份市,房地(土地+建物),苗栗縣頭份市流東里１６鄰信德路１２８號,3199.4,,山坡地保育區,丁種建築用地,1080806,土地1建物1車位0,一層，二層,二層,廠辦,辦公用,見其他登記事項,0671023,2170.43,4,0,4,有,無,67700000,31192,,0.0,0,,RPQNMLQKIIOFFFK98CA,2170.43,0.0,0.0,,
通霄鎮,土地,通灣段848-1地號,394.68,,山坡地保育區,交通用地,1080809,土地3建物0車位0,,,其他,,,,0.0,0,0,0,有,無,2626595,6655,,0.0,0,,RPTNMLSLIIOFFCK66CA,0.0,0.0,0.0,,
通霄鎮,房地(土地+建物),苗栗縣通霄鎮內島里２鄰內島１６之２１號,176.52,,山坡地保育區,丙種建築用地,1080823,土地1建物1車位0,全,二層,透天厝,住家用,加強磚造,0801230,107.8,4,2,2,有,無,4680000,43414,,0.0,0,,RPVNMLSLIIOFFCK86CA,107.8,0.0,0.0,,
苗栗市,土地,巨蛋段421地號,649.19,住,,,1080807,土地1建物0車位0,,,其他,,,,0.0,0,0,0,有,無,44183250,68059,,0.0,0,,RPRNMLQKIIOFFBK68CA,0.0,0.0,0.0,,
頭屋鄉,房地(土地+建物),苗栗縣頭屋鄉獅潭村１５鄰億興街１３巷２號,69.0,,鄉村區,乙種建築用地,1080817,土地1建物1車位0,全,二層,透天厝,住家用,加強磚造,0700302,102.0,3,2,1,有,無,3100000,30392,,0.0,0,,RPTNMLSLIIOFFBK56CA,102.0,0.0,0.0,,
公館鄉,土地,北河段662-3地號,12802.0,,山坡地保育區,農牧用地,1080805,土地4建物0車位0,,,其他,,,,0.0,0,0,0,有,無,6100000,476,,0.0,0,交通用地買賣價金新台幣參拾萬元整，為總價金之一部,RPRNMLKMIIOFFBK28CA,0.0,0.0,0.0,,
苗栗市,房地(土地+建物),苗栗縣苗栗市維新里２５鄰維新街２５０巷１之１號,97.0,,鄉村區,乙種建築用地,1080826,土地1建物1車位0,全,,透天厝,住家用,鋼筋混凝土造,0750831,135.14,4,2,2,有,無,3000000,22199,,0.0,0,,RPWNMLLLIIOFFBK78CA,119.53,8.66,6.95,,
苗栗市,房地(土地+建物),苗栗縣苗栗市福興里２１鄰中華路３５４巷１６弄２號,80.94,住,,,1080819,土地1建物1車位0,全,,透天厝,住家用,加強磚造,0770724,100.94,1,5,2,有,無,4000000,39628,,0.0,0,親友、員工或其他特殊關係間之交易。；,RPPNMLPKIIOFFBK38CA,93.33,2.42,5.18,,
公館鄉,土地,新岡段621-11地號,1099.91,農,,,1080828,土地4建物0車位0,,,其他,,,,0.0,0,0,0,有,無,4691000,4265,,0.0,0,,RPRNMLLLIIOFFBK28CA,0.0,0.0,0.0,,
頭份市,房地(土地+建物),苗栗縣頭份市後庄里７鄰公北三路１３０號十一樓,13.12,商,,,1080817,土地4建物1車位0,十一層,十五層,住宅大樓(11層含以上有電梯),住家用,鋼筋混凝土造,1080114,144.20999999999998,3,2,2,有,無,7950000,55128,,0.0,0,,RPPOMLOKIIOFFFK78CA,84.65,2.13,9.77,,
頭份市,土地,尖山下段1037-11地號,2505.0,,山坡地保育區,農牧用地,1080825,土地1建物0車位0,,,其他,,,,0.0,0,0,0,有,無,4100000,1637,,0.0,0,,RPQNMLSKIIOFFFK56CA,0.0,0.0,0.0,,
頭份市,房地(土地+建物),苗栗縣頭份市東庄里６鄰民族路３５２之７號,1461.25,工,,,1080810,土地1建物1車位0,一層，二層,二層,工廠,工業用,見其他登記事項,0620529,308.46,0,0,0,無,無,35350000,,,0.0,0,,RPOPMLOKIIOFFFK78CA,308.46,0.0,0.0,,
頭份市,房地(土地+建物)+車位,苗栗縣頭份市上埔里４鄰中正一路１３９號十二樓,32.88,商,,,1080817,土地1建物1車位1,十二層,十二層,住宅大樓(11層含以上有電梯),住家用,鋼筋混凝土造,1041124,191.05,3,2,2,有,有,6870000,35664,坡道平面,26.46,1000000,,RPPNMLKMIIOFFFK48CA,88.97,0.0,21.96,,
頭份市,房地(土地+建物)+車位,苗栗縣頭份市東庄里１９鄰富強二街３０號七樓,28.15,住,,,1080812,土地1建物1車位1,七層,十五層,住宅大樓(11層含以上有電梯),住家用,鋼筋混凝土造,1080806,163.92,3,2,2,有,有,5980000,40088,坡道平面,37.2,900000,,RPUQMLLMIIOFFFK76CA,77.1,1.66,9.09,,
頭份市,土地,仁愛段866地號,195.01,工,,,1080811,土地1建物0車位0,,,其他,,,,0.0,0,0,0,有,無,4700000,24101,,0.0,0,,RPWOMLOKIIOFFFK86CA,0.0,0.0,0.0,,
苑裡鎮,土地,芎蕉坑段23-12地號,853.0,,山坡地保育區,農牧用地,1080824,土地2建物0車位0,,,其他,,,,0.0,0,0,0,有,無,1341600,1573,,0.0,0,,RPPNMLOLIIOFFCK48CA,0.0,0.0,0.0,,
苑裡鎮,土地,芎蕉坑段237-5地號,4395.57,,山坡地保育區,農牧用地,1080819,土地8建物0車位0,,,其他,,,,0.0,0,0,0,有,無,4800000,1092,,0.0,0,,RPQNMLOLIIOFFCK58CA,0.0,0.0,0.0,,
竹南鎮,房地(土地+建物)+車位,苗栗縣竹南鎮崎頂里１６鄰和勇街２５號,42.73,,工業區,丁種建築用地,1080816,土地2建物1車位1,一層,五層,華廈(10層含以下有電梯),住家用,鋼筋混凝土造,1040601,126.99,3,2,2,有,無,6000000,47248,一樓平面,0.0,0,,RPUNMLSKIIOFFDK76CA,100.41,0.0,5.59,,
竹南鎮,房地(土地+建物)+車位,苗栗縣竹南鎮照南里１０鄰三泰街１２號五樓,25.04,住,,,1080830,土地1建物1車位1,五層,六層,華廈(10層含以下有電梯),住家用,鋼筋混凝土造,0820330,127.79,3,2,2,有,有,3420000,26763,坡道機械,0.0,0,契稅由賣方負擔,RPSNMLRJJIOFFDK09CA,81.52,0.0,7.38,,
苗栗市,房地(土地+建物),苗栗縣苗栗市福星里２０鄰嘉福街２１號五樓,22.41,住,,,1080817,土地1建物2車位0,五層,,華廈(10層含以下有電梯),住家用,鋼筋混凝土造,0821026,608.77,4,2,2,有,有,3550000,5831,,0.0,0,,RPQNMLRKIIOFFBK68CA,85.08,0.0,10.75,,
竹南鎮,土地,仁德段570-1地號,127.7,住,,,1080825,土地2建物0車位0,,,其他,,,,0.0,0,0,0,有,無,2500000,19577,,0.0,0,親友、員工或其他特殊關係間之交易。；,RPRNMLPJJIOFFDK78CA,0.0,0.0,0.0,,
竹南鎮,房地(土地+建物),苗栗縣竹南鎮港墘里１６鄰光德路８６巷１１０號,78.18,住,,,1080831,土地2建物1車位0,全,四層,透天厝,住家用,鋼筋混凝土造,1080119,180.22,4,2,4,有,無,9600000,53268,,0.0,0,,RPRNMLQKIIOFFDK88CA,170.97,0.0,9.25,,
頭屋鄉,土地,外獅潭段912-3地號,259.0,,山坡地保育區,水利用地,1080827,土地1建物0車位0,,,其他,,,,0.0,0,0,0,有,無,279720,1080,,0.0,0,向政府機關承購之案件。；,RPSNMLRKIIOFFBK98DA,0.0,0.0,0.0,,
三義鄉,房地(土地+建物),苗栗縣三義鄉廣盛村４０鄰八股路館前５巷１之５號,127.75,,山坡地保育區,丙種建築用地,1080812,土地3建物1車位0,全,三層,透天厝,住家用,見其他登記事項,0960730,165.5,3,2,3,有,有,7380000,44592,,0.0,0,,RPQNMLNJJIOFFEK58CA,152.25,0.0,13.25,,
苗栗市,房地(土地+建物),苗栗縣苗栗市中華東街３２巷２５弄６號,263.45,住,,,1080820,土地4建物1車位0,全,四層,透天厝,住家用,鋼筋混凝土造,1060721,310.09,4,2,4,有,無,24500000,79009,,0.0,0,,RPUNMLPJJIOFFBK98DA,310.09,0.0,0.0,,
苗栗市,房地(土地+建物),苗栗縣苗栗市中華東街３２巷２５弄８號,300.69,住,,,1080820,土地4建物1車位0,全,四層,透天厝,住家用,鋼筋混凝土造,1060721,323.25,5,2,4,有,無,25500000,78886,,0.0,0,,RPVNMLPJJIOFFBK09DA,323.25,0.0,0.0,,
苑裡鎮,房地(土地+建物),苗栗縣苑裡鎮苑東里１５鄰興隆２０之４１號,110.12,,鄉村區,乙種建築用地,1080813,土地2建物1車位0,全,二層,透天厝,住家用,加強磚造,0680521,155.52,4,2,2,有,無,2900000,18647,,0.0,0,,RPSNMLSLIIOFFCK56CA,155.52,0.0,0.0,,
苑裡鎮,土地,致民段990地號,111.27,,特定農業區,農牧用地,1080820,土地1建物0車位0,,,其他,,,,0.0,0,0,0,有,無,3500000,31455,,0.0,0,親友、員工或其他特殊關係間之交易。；含增建或未登記建物。；,RPWNMLMLIIOFFCK98CA,0.0,0.0,0.0,,
竹南鎮,房地(土地+建物),苗栗縣竹南鎮大埔里２鄰科專七路３７３巷８號,111.96,住,,,1080813,土地2建物1車位0,全,四層,透天厝,住家用,鋼筋混凝土造,1040423,242.33,5,2,4,有,有,16500000,68089,,0.0,0,,RPSPMLOLIIOFFDK09CA,205.49,14.73,22.11,,
苗栗市,房地(土地+建物),苗栗縣苗栗市福麗里１１鄰至公路３９１之８號三樓,59.0,住,,,1080820,土地1建物2車位0,一層,,其他,其他,鋼筋混凝土造,0820725,127.51,5,2,5,有,無,2850000,22351,,0.0,0,,RPUNMLQKIIOFFBK98CA,108.97,0.0,7.29,,
獅潭鄉,房地(土地+建物),苗栗縣獅潭鄉新店４９號,931.07,,山坡地保育區,丙種建築用地,1080807,土地2建物1車位0,一層,一層,其他,住家用,磚造,0540520,523.45,0,0,0,無,無,11800000,22543,,0.0,0,,RPPNMLOLIIOFFAK28CA,523.45,0.0,0.0,,
頭屋鄉,土地,二岡坪段天花湖小段725-11地號,6467.59,,山坡地保育區,農牧用地,1080821,土地5建物0車位0,,,其他,,,,0.0,0,0,0,有,無,2800000,433,,0.0,0,含增建或未登記建物。；,RPQNMLNKJIOFFBK38CA,0.0,0.0,0.0,,
苑裡鎮,房地(土地+建物),苗栗縣苑裡鎮田心里７鄰田心６４之８號,96.0,,特定農業區,甲種建築用地,1080825,土地1建物1車位0,全,三層,透天厝,住家用,鋼筋混凝土造,1080816,181.2,4,2,5,有,無,7800000,43046,,0.0,0,,RPWNMLRKIIOFFCK76CA,173.35,0.0,7.85,,
後龍鎮,房地(土地+建物),苗栗縣後龍鎮埔頂里１９鄰中華路１０１３巷３４號,65.0,,特定農業區,甲種建築用地,1080816,土地1建物1車位0,全,三層,透天厝,住家用,鋼筋混凝土造,0880824,126.3,4,1,3,有,無,3780000,29929,,0.0,0,,RPTNMLSKIIOFFDK66CA,111.88,5.26,9.16,,
苑裡鎮,房地(土地+建物),苗栗縣苑裡鎮玉田里６鄰國光巷４３號五樓,60.39,,一般農業區,特定目的事業用地,1080826,土地1建物1車位0,五層,五層,公寓(5樓含以下無電梯),住家用,鋼筋混凝土造,0860315,106.57000000000001,3,2,2,有,無,2250000,21113,,0.0,0,,RPPNMLTLIIOFFCK98CA,87.41,11.79,0.0,,
苗栗市,房地(土地+建物),苗栗縣苗栗市福星里６鄰豐年路１５６號,111.17,住,,,1080809,土地1建物1車位0,全,二層,透天厝,住家用,鋼筋混凝土造,0700330,144.54,3,1,2,有,無,8000000,55348,,0.0,0,親友、員工或其他特殊關係間之交易。；,RPUNMLSKIIOFFBK66DA,144.54,0.0,0.0,,
頭份市,房地(土地+建物)+車位,苗栗縣頭份市東庄里１９鄰富強二街３０號九樓,28.15,住,,,1080819,土地1建物1車位1,九層,十五層,住宅大樓(11層含以上有電梯),住家用,鋼筋混凝土造,1080806,163.92,3,2,2,有,有,6000000,39852,坡道平面,37.2,950000,,RPPTMLLMIIOFFFK56CA,77.1,1.66,9.09,,
頭份市,土地,蘆竹湳段蘆竹湳小段541地號,2041.0,工,,,1080820,土地1建物0車位0,,,其他,,,,0.0,0,0,0,有,無,75390000,36938,,0.0,0,,RPTNMLMLIIOFFFK98CA,0.0,0.0,0.0,,
頭份市,土地,光華段91-1地號,63.79,住,,,1080809,土地2建物0車位0,,,其他,,,,0.0,0,0,0,有,無,3020000,47343,,0.0,0,,RPXNMLPJJIOFFFK96CA,0.0,0.0,0.0,,
後龍鎮,房地(土地+建物),苗栗縣後龍鎮南龍里１８鄰勝利街２０８之１１號,132.0,工,,,1080829,土地2建物1車位0,全,二層,透天厝,住家用,鋼筋混凝土造,,139.46,3,1,0,有,無,2920000,20938,,0.0,0,親友、員工或其他特殊關係間之交易。；,RPQNMLLLIIOFFDK48DA,139.46,0.0,0.0,,
後龍鎮,房地(土地+建物)+車位,苗栗縣後龍鎮校椅里８鄰?榔七街９０號十樓之五,37.36,住,,,1080820,土地1建物1車位1,十層,十層,華廈(10層含以下有電梯),住家用,鋼筋混凝土造,1071120,144.81,1,2,2,有,有,8000000,55245,坡道平面,35.97,0,,RPTNMLPKJIOFFDK09CA,60.24,3.42,3.94,,
竹南鎮,房地(土地+建物)+車位,苗栗縣竹南鎮開元里１０鄰迎薰南路１４７號三樓,22.64,住,,,1080805,土地2建物1車位1,三層,七層,華廈(10層含以下有電梯),住家用,鋼筋混凝土造,1080620,86.61,2,2,1,有,有,3900000,45029,一樓平面,0.0,0,,RPSOMLKMIIOFFDK68CA,44.14,0.0,2.25,,
公館鄉,土地,館明段192地號,69.81,住,,,1080820,土地2建物0車位0,,,其他,,,,0.0,0,0,0,有,無,4650000,66609,,0.0,0,含增建或未登記建物。；,RPTNMLLLIIOFFBK48CA,0.0,0.0,0.0,,
公館鄉,房地(土地+建物),苗栗縣公館鄉館東村３鄰和東街２６之１號,168.86,住,,,1080830,土地2建物1車位0,全,三層,透天厝,住家用,鋼筋混凝土造,1080813,253.86,4,2,4,有,無,11700000,46088,,0.0,0,,RPRNMLOJJIOFFBK48CA,235.26,0.0,18.6,,
竹南鎮,土地,新崎頂段1570地號,636.96,,一般農業區,農牧用地,1080826,土地2建物0車位0,,,其他,,,,0.0,0,0,0,有,無,2250000,3532,,0.0,0,,RPSNMLPLIIOFFDK98CA,0.0,0.0,0.0,,
頭份市,房地(土地+建物)+車位,苗栗縣頭份市後庄里７鄰公北三路１１８號十五樓,18.56,商,,,1080807,土地2建物1車位2,十五層,十五層,住宅大樓(11層含以上有電梯),住家用,鋼筋混凝土造,1080114,219.74,4,2,2,有,無,12350000,61613,坡道平面,53.38,2100000,,RPRNMLNLIIOFFFK88CA,94.21,8.64,8.94,,
南庄鄉,房地(土地+建物),苗栗縣南庄鄉南庄鄉南江村１６鄰福南１２號,3239.0,,山坡地保育區,農牧用地,1080831,土地1建物1車位0,一層，二層,二層,農舍,農業用,見其他登記事項,1000621,125.22,3,2,2,有,無,7300000,,,0.0,0,,RPRNMLOLIIOFFFK98CA,125.22,0.0,0.0,,
竹南鎮,房地(土地+建物)+車位,苗栗縣竹南鎮大埔里１鄰大埔街３０號八樓之一,37.0,住,,,1080820,土地1建物1車位1,八層,十四層,住宅大樓(11層含以上有電梯),住家用,鋼筋混凝土造,1060725,151.61,3,2,2,有,有,8120000,59201,坡道平面,34.72,1200000,,RPPNMLOLIIOFFDK58CA,73.9,0.0,8.06,,
獅潭鄉,土地,桂竹林段363-710地號,3413.0,,山坡地保育區,林業用地,1080823,土地4建物0車位0,,,其他,,,,0.0,0,0,0,有,無,13500000,3955,,0.0,0,丙建+林地,RPRNMLQLIIOFFAK68CA,0.0,0.0,0.0,,
苑裡鎮,房地(土地+建物),苗栗縣苑裡鎮西勢里１１鄰忠信街５之１號三樓,47.13,住,,,1080828,土地1建物1車位0,三層,四層,公寓(5樓含以下無電梯),住家用,鋼筋混凝土造,0930210,97.32000000000001,3,2,1,有,無,3480000,35755,,0.0,0,,RPPNMLPJJIOFFCK48CA,72.71,10.49,0.0,,
銅鑼鄉,土地,東田洋段701地號,1361.15,,特定農業區,農牧用地,1080808,土地3建物0車位0,,,其他,,,,0.0,0,0,0,有,無,796659,585,,0.0,0,親友、員工或其他特殊關係間之交易。；,RPQNMLLLJIOFFEK58CA,0.0,0.0,0.0,,
銅鑼鄉,土地,東田洋段730-7地號,543.4,,特定農業區,甲種建築用地,1080818,土地1建物0車位0,,,其他,,,,0.0,0,0,0,有,無,1260000,2319,,0.0,0,親友、員工或其他特殊關係間之交易。；,RPRNMLLLJIOFFEK68CA,0.0,0.0,0.0,,
頭份市,房地(土地+建物)+車位,苗栗縣頭份市民生街４２號五樓,17.25,住,,,1080803,土地1建物1車位1,五層,十二層,住宅大樓(11層含以上有電梯),住家用,鋼筋混凝土造,1080910,123.35,2,2,1,有,有,4600000,40378,坡道平面,35.43,1050000,土地及建物分次登記案件。前案土地登記收件字號：；,RPVUMLLMIIOFFFK27CA,55.34,0.0,3.71,,
頭份市,房地(土地+建物)+車位,苗栗縣頭份市東庄里１９鄰富強一街２７號十四樓,28.15,住,,,1080814,土地1建物1車位1,十四層,十五層,住宅大樓(11層含以上有電梯),住家用,鋼筋混凝土造,1070629,163.34,3,2,2,有,有,5980000,39474,坡道平面,37.18,1000000,,RPQNMLLJJIOFFFK48CA,77.11,1.66,9.09,,
頭份市,土地,大化段1002-1地號,663.4,,山坡地保育區,農牧用地,1080826,土地1建物0車位0,,,其他,,,,0.0,0,0,0,有,無,3000000,4522,,0.0,0,,RPRNMLSLIIOFFFK76CA,0.0,0.0,0.0,,
銅鑼鄉,土地,東田洋段701-1地號,99.68,,,,1080808,土地1建物0車位0,,,其他,,,,0.0,0,0,0,有,無,57814,580,,0.0,0,親友、員工或其他特殊關係間之交易。；,RPPNMLLLJIOFFEK48CA,0.0,0.0,0.0,,
苗栗市,土地,北苗段422地號,60.59,商,,,1080829,土地2建物0車位0,,,其他,,,,0.0,0,0,0,有,無,2090355,34500,,0.0,0,向政府機關承購之案件。；,RPWNMLSLIIOFFBK86CA,0.0,0.0,0.0,,
竹南鎮,房地(土地+建物),苗栗縣竹南鎮港墘里１６鄰光德路８６巷１１２號,78.19,住,,,1080822,土地3建物1車位0,全,四層,透天厝,住家用,鋼筋混凝土造,1080119,180.22,4,2,4,有,無,9600000,53268,,0.0,0,,RPWNMLPLIIOFFDK76CA,170.97,0.0,9.25,,
頭份市,房地(土地+建物),苗栗縣頭份市頭份里１２鄰中山路２６１號,150.12,住,,,1080813,土地1建物1車位0,全,五層,透天厝,住家用,鋼筋混凝土造,1070705,257.24,5,3,5,有,無,21000000,81636,,0.0,0,,RPWNMLKMIIOFFFK56CA,241.78,0.0,15.46,,
頭份市,房地(土地+建物),苗栗縣頭份市頭份里１２鄰?前街２７號,89.33,住,,,1080813,土地1建物1車位0,全,五層,透天厝,住家用,鋼筋混凝土造,1070705,247.32,5,3,5,有,無,16660000,67362,,0.0,0,,RPOOMLKMIIOFFFK48CA,232.72,0.0,14.6,,
頭份市,房地(土地+建物)+車位,苗栗縣頭份市東庄里１９鄰富強二街５０號十一樓,28.15,住,,,1080819,土地1建物1車位1,十一層,十五層,住宅大樓(11層含以上有電梯),住家用,鋼筋混凝土造,1080806,163.91,3,2,2,有,有,6050000,40249,坡道平面,37.2,950000,,RPUOMLMJJIOFFFK09CA,77.09,1.66,9.09,,
竹南鎮,房地(土地+建物)+車位,苗栗縣竹南鎮中英里１３鄰復興路１３９巷２１弄１號三樓之二,46.0,住,,,1080831,土地1建物1車位1,三層,五層,華廈(10層含以下有電梯),住家用,鋼筋混凝土造,1060725,139.91,3,2,2,有,有,6000000,42885,一樓平面,0.0,0,,RPWNMLPJJIOFFDK66CA,89.44,0.0,12.65,,
頭屋鄉,土地,二岡坪段二岡坪小段879地號,1091.0,,鄉村區,乙種建築用地,1080814,土地2建物0車位0,,,其他,,,,0.0,0,0,0,有,無,13800000,12649,,0.0,0,,RPPNMLKMIIOFFBK08CA,0.0,0.0,0.0,,
竹南鎮,房地(土地+建物),苗栗縣竹南鎮佳興里２鄰永貞路三段９５號,1161.82,工,,,1080814,土地4建物1車位0,一層,一層,廠辦,工業用,鋼造,0990422,186.07,0,0,0,無,無,45539950,244746,,0.0,0,,RPQNMLRJJIOFFDK88CA,186.07,0.0,0.0,,
通霄鎮,土地,海濱段658地號,1050.76,農,,,1080807,土地1建物0車位0,,,其他,,,,0.0,0,0,0,有,無,7500000,7138,,0.0,0,,RPPNMLRJJIOFFCK78DA,0.0,0.0,0.0,,
苗栗市,土地,福麗段906-1地號,377.0,住,,,1080831,土地2建物0車位0,,,其他,,,,0.0,0,0,0,有,無,19350000,51326,,0.0,0,,RPUNMLOJJIOFFBK78CA,0.0,0.0,0.0,,
公館鄉,土地,麻齊寮段403地號,1496.5,農,,,1080814,土地2建物0車位0,,,其他,,,,0.0,0,0,0,有,無,2000000,1336,,0.0,0,二等親買賣親友、員工或其他特殊關係間之交易。；,RPWNMLPJJIOFFBK09CA,0.0,0.0,0.0,,
竹南鎮,房地(土地+建物),苗栗縣竹南鎮港墘里１７鄰仁德路２５９巷３８弄１２號,121.5,住,,,1080827,土地3建物1車位0,全,四層,透天厝,住家用,鋼筋混凝土造,1051228,247.68,4,2,5,有,有,13200000,53295,,0.0,0,,RPPNMLMJJIOFFDK28CA,226.49,0.0,11.86,,
三灣鄉,土地,崁頂寮段462地號,1429.0,,山坡地保育區,農牧用地,1080812,土地2建物0車位0,,,其他,,,,0.0,0,0,0,有,無,5500000,3849,,0.0,0,含增建或未登記建物。；,RPTOMLSKJIOFFFK07CA,0.0,0.0,0.0,,
苗栗市,土地,苗栗段736-1918地號,670.0,都市：其他:保護區,,,1080826,土地1建物0車位0,,,其他,,,,0.0,0,0,0,有,無,6080000,9075,,0.0,0,,RPRNMLRJJIOFFBK78CA,0.0,0.0,0.0,,
竹南鎮,房地(土地+建物),苗栗縣竹南鎮崎頂里２１鄰和智街７０號,106.29,,工業區,丁種建築用地,1080831,土地3建物1車位0,全,三層,透天厝,住家用,鋼筋混凝土造,0960201,122.34,4,2,3,有,無,6050000,49452,,0.0,0,,RPRNMLLKJIOFFDK48CA,119.72,0.0,2.62,,
頭份市,土地,後湖段839地號,615.49,農,,,1080806,土地2建物0車位0,,,其他,,,,0.0,0,0,0,有,無,10239900,16637,,0.0,0,,RPVOMLNJKIOFFFK76CA,0.0,0.0,0.0,,
頭份市,土地,後湖段840地號,393.51,,,,1080806,土地2建物0車位0,,,其他,,,,0.0,0,0,0,有,無,4761240,12099,,0.0,0,,SPVOMLNJKIOFFFK86CA,0.0,0.0,0.0,,
頭份市,房地(土地+建物)+車位,苗栗縣頭份市蟠桃里１０鄰中央路４０７巷７號五樓,31.09,住,,,1080821,土地3建物1車位1,五層,十一層,住宅大樓(11層含以上有電梯),住家用,鋼筋混凝土造,1030704,171.68,3,2,2,有,有,8500000,49511,坡道平面,24.52,0,1.二親等關係之交易。2.本交易內含機車位1個。3.此戶分管停車位編號：法157,RPVNMLLKJIOFFFK09CA,91.85,0.0,10.71,,
頭份市,土地,慶華段739-7地號,892.24,,鄉村區,乙種建築用地,1080813,土地1建物0車位0,,,其他,,,,0.0,0,0,0,有,無,14850000,16644,,0.0,0,,RPSNMLRJJIOFFFK66CA,0.0,0.0,0.0,,
頭份市,房地(土地+建物),苗栗縣頭份市興隆里興二街１１號,199.87,,鄉村區,乙種建築用地,1080813,土地2建物2車位0,全,二層,透天厝,住家用,加強磚造,0730413,229.68,6,2,2,有,無,5000000,21769,,0.0,0,本案總價包含土地2筆、建物2棟。,RPWNMLQLJIOFFFK17CA,183.42,30.42,15.84,,
頭份市,房地(土地+建物),苗栗縣頭份市仁愛里１１鄰銀河路９２號五樓之三,9.24,商,,,1080829,土地1建物1車位0,五層,十層,華廈(10層含以下有電梯),住家用,鋼筋混凝土造,0821021,102.91,3,1,2,有,有,2500000,24293,,0.0,0,,RPPOMLQLJIOFFFK56CA,85.62,0.0,5.82,,
竹南鎮,房地(土地+建物),苗栗縣竹南鎮港墘里１７鄰仁德路２５９巷３８弄４６號,154.17,住,,,1080831,土地3建物1車位0,全,四層,透天厝,住家用,鋼筋混凝土造,1051228,241.70999999999998,4,5,2,有,有,14000000,57921,,0.0,0,,RPVNMLRJJIOFFDK76CA,218.27,0.0,14.33,,
苗栗市,土地,維祥段維祥小段579-1地號,115.0,,鄉村區,乙種建築用地,1080712,土地1建物0車位0,,,其他,,,,0.0,0,0,0,有,無,1575500,13700,,0.0,0,親友、員工或其他特殊關係間之交易。；,RPTNMLNKQHOFFBK66CA,0.0,0.0,0.0,,
公館鄉,土地,鶴子岡段840-3地號,81.0,,特定農業區,農牧用地,1080729,土地1建物0車位0,,,其他,,,,0.0,0,0,0,有,無,291600,3600,,0.0,0,,RPQNMLOKQHOFFBK09CA,0.0,0.0,0.0,,
苗栗市,房地(土地+建物),苗栗縣苗栗市南勢里１９鄰大坪營１３號,71.0,,山坡地保育區,丙種建築用地,1080722,土地1建物1車位0,全,,透天厝,住家用,見其他登記事項,0670622,49.72,2,1,1,有,無,500000,10056,,0.0,0,,RPPNMLRKQHOFFBK66CA,49.72,0.0,0.0,,
苗栗市,土地,嘉盛段95-8地號,20.0,,特定農業區,甲種建築用地,1080716,土地2建物0車位0,,,其他,,,,0.0,0,0,0,有,無,535425,26771,,0.0,0,,RPXNMLNJRHOFFBK07CA,0.0,0.0,0.0,,
頭屋鄉,房地(土地+建物),苗栗縣頭屋鄉象山村１４鄰濫坑４９號,262.67,,山坡地保育區,丙種建築用地,1080708,土地2建物1車位0,全,,透天厝,住家用,加強磚造,0700414,122.48,4,2,2,有,無,2200000,17962,,0.0,0,親友、員工或其他特殊關係間之交易。；,RPRNMLTJRHOFFBK07CA,122.48,0.0,0.0,,
苗栗市,土地,華清段245地號,263.45,住,,,1080720,土地4建物0車位0,,,其他,,,,0.0,0,0,0,有,無,11953890,45374,,0.0,0,,RPQNMLPLKIOFFBK78CA,0.0,0.0,0.0,,
三義鄉,土地,雙湖段500-1地號,123.38,住,,,1080709,土地1建物0車位0,,,其他,,,,0.0,0,0,0,有,無,3433665,27830,,0.0,0,,RPPNMLNKQHOFFEK56CA,0.0,0.0,0.0,,
銅鑼鄉,土地,竹森段932-3地號,12205.27,,山坡地保育區,農牧用地,1080716,土地1建物0車位0,,,其他,,,,0.0,0,0,0,有,無,3500000,287,,0.0,0,親友、員工或其他特殊關係間之交易。；,RPPNMLKKRHOFFEK98CA,0.0,0.0,0.0,,
頭份市,建物,苗栗縣頭份市頭份里１６鄰中正路２２３之１２號,0.0,,,,1080728,土地0建物1車位0,全,四層,透天厝,住家用,鋼筋混凝土造,1060221,268.3,5,3,4,有,無,6600000,24599,,0.0,0,,RPPNMLOKQHOFFFK76CA,245.84,6.42,16.04,,
後龍鎮,土地,龍城段1822地號,40.29,,一般農業區,農牧用地,1080729,土地1建物0車位0,,,其他,,,,0.0,0,0,0,有,無,27397,680,,0.0,0,親友、員工或其他特殊關係間之交易。；,RPQNMLQKQHOFFDK96DA,0.0,0.0,0.0,,
苑裡鎮,土地,鎮安段372地號,778.57,,特定農業區,農牧用地,1080716,土地1建物0車位0,,,其他,,,,0.0,0,0,0,有,無,2491424,3200,,0.0,0,向政府機關承購之案件。；,RPPNMLQKRHOFFCK96EA,0.0,0.0,0.0,,
頭份市,房地(土地+建物)+車位,苗栗縣頭份市後庄里７鄰公北三路１３０號八樓,15.07,商,,,1080719,土地2建物1車位1,八層,十五層,住宅大樓(11層含以上有電梯),住家用,鋼筋混凝土造,1080114,169.84,3,2,2,有,無,8980000,54624,坡道平面,25.58,1100000,,RPPNMLPKQHOFFFK86CA,84.65,2.13,9.77,,
頭份市,房地(土地+建物)+車位,苗栗縣頭份市蟠桃里１０鄰中央路４０７巷２號八樓,31.09,住,,,1080722,土地4建物1車位1,八層,十一層,住宅大樓(11層含以上有電梯),住家用,鋼筋混凝土造,1030704,171.68,3,2,2,有,有,7000000,40774,坡道平面,0.0,0,,RPWNMLPKQHOFFFK57CA,92.15,0.0,10.71,,
頭份市,房地(土地+建物),苗栗縣頭份市文化里１鄰信義路４４３巷２１弄１６號,119.96,住,,,1080707,土地2建物1車位0,全,五層,透天厝,住家用,見其他登記事項,0980729,350.92,5,3,6,有,有,15680000,44683,,0.0,0,,RPQNMLTLQHOFFFK47CA,299.09,13.38,38.45,,
銅鑼鄉,土地,褔興段667地號,50.58,住,,,1080703,土地1建物0車位0,,,其他,,,,0.0,0,0,0,有,無,1350000,26690,,0.0,0,,RPRNMLLKRHOFFEK66CA,0.0,0.0,0.0,,
銅鑼鄉,房地(土地+建物),苗栗縣銅鑼鄉中平村１３鄰瑞興北街６之１號,13417.28,,工業區,丁種建築用地,1080709,土地5建物2車位0,一層，二層，三層,三層,工廠,工業用,見其他登記事項,0940104,12883.08,5,2,5,有,無,311000000,,,0.0,0,,RPQNMLTJRHOFFEK27CA,12883.08,0.0,0.0,,
竹南鎮,房地(土地+建物),苗栗縣竹南鎮竹南里１９鄰康德街９９號,64.0,住,,,1080722,土地1建物1車位0,全,三層,透天厝,住家用,見其他登記事項,0620705,115.68,5,3,4,有,無,4000000,34578,,0.0,0,買方負擔土增稅額18999元整及房屋稅分單稅額117元整.,RPOOMLOKQHOFFDK56CA,115.68,0.0,0.0,,
後龍鎮,土地,龍富段597地號,99.09,住,,,1080725,土地1建物0車位0,,,其他,,,,0.0,0,0,0,有,無,3060000,30881,,0.0,0,,RPPOMLOKQHOFFDK66CA,0.0,0.0,0.0,,
後龍鎮,土地,龍東段282地號,187.0,住,,,1080717,土地3建物0車位0,,,其他,,,,0.0,0,0,0,有,無,2700000,14439,,0.0,0,包含公共設施保留地之交易。；,RPQOMLOKQHOFFDK76CA,0.0,0.0,0.0,,
竹南鎮,房地(土地+建物),苗栗縣竹南鎮天文里３鄰龍山路二段８８號,91.2,住,,,1080704,土地1建物1車位0,全,四層,透天厝,住家用,鋼筋混凝土造,0961122,225.86,5,2,3,有,無,11500000,50916,,0.0,0,,RPUOMLOKQHOFFDK17CA,200.71,9.81,15.34,,
竹南鎮,房地(土地+建物),苗栗縣竹南鎮聖福里４鄰信義街２６巷４號,98.0,住,,,1080705,土地1建物1車位0,全,二層,透天厝,住家用,加強磚造,0690620,96.0,3,2,2,有,無,4750000,49479,,0.0,0,,RPRNMLPKQHOFFDK86CA,96.0,0.0,0.0,,
竹南鎮,房地(土地+建物),苗栗縣竹南鎮佳興里２３鄰環市路三段５９８號七樓之二,10.79,住,,,1080717,土地1建物1車位0,七層,十五層,住宅大樓(11層含以上有電梯),住家用,鋼筋混凝土造,1011213,92.53,2,1,1,有,有,3550000,38366,,0.0,0,,RPVNMLPKQHOFFDK27CA,58.48,5.89,0.0,,
造橋鄉,房地(土地+建物),苗栗縣造橋鄉談文村５鄰育英一街６號二樓之五,20.11,,山坡地保育區,丙種建築用地,1080729,土地1建物1車位0,二層,三層,套房(1房1廳1衛),住家用,鋼筋混凝土造,0920331,29.02,1,1,1,有,有,420000,14473,,0.0,0,,RPSNMLQKQHOFFDK07CA,19.25,0.0,2.63,,
後龍鎮,土地,水尾子段1222地號,2950.0,,特定農業區,農牧用地,1080730,土地1建物0車位0,,,其他,,,,0.0,0,0,0,有,無,3835000,1300,,0.0,0,,RPRNMLQKRHOFFDK07CA,0.0,0.0,0.0,,
苗栗市,土地,華清段245地號,300.69,住,,,1080720,土地4建物0車位0,,,其他,,,,0.0,0,0,0,有,無,13643640,45374,,0.0,0,,RPRNMLPLKIOFFBK88CA,0.0,0.0,0.0,,
苗栗市,房地(土地+建物),苗栗縣苗栗市恭敬里１１鄰東海街２１號四樓,33.3,住,,,1080725,土地1建物1車位0,四層,,華廈(10層含以下有電梯),住家用,鋼筋混凝土造,0790720,117.25999999999999,3,2,2,有,無,3200000,27290,,0.0,0,,RPTNMLOKQHOFFBK76CA,103.26,0.0,11.51,,
苗栗市,土地,大倫段444地號,81.24,,特定農業區,甲種建築用地,1080712,土地1建物0車位0,,,其他,,,,0.0,0,0,0,有,無,2900000,35697,,0.0,0,,RPSNMLNLQHOFFBK66CA,0.0,0.0,0.0,,
卓蘭鎮,土地,大坪林段88-1051地號,562.0,,山坡地保育區,農牧用地,1080725,土地1建物0車位0,,,其他,,,,0.0,0,0,0,有,無,450000,801,,0.0,0,,RPQNMLPKQHOFFAK09CA,0.0,0.0,0.0,,
苗栗市,房地(土地+建物),苗栗縣苗栗市縣府路１３７號五樓,16.88,住,,,1080719,土地1建物1車位0,五層,,公寓(5樓含以下無電梯),住家用,鋼筋混凝土造,0731111,71.0,3,1,1,有,無,2860000,40282,,0.0,0,,RPRNMLNLQHOFFBK56CA,63.13,0.0,7.87,,
苗栗市,房地(土地+建物)+車位,苗栗縣苗栗市福星里２０鄰嘉福街１９號四樓,22.21,住,,,1080725,土地1建物1車位1,四層,,華廈(10層含以下有電梯),住家用,鋼筋混凝土造,0821026,128.86,3,2,2,有,有,3500000,27159,坡道平面,0.84,0,,RPPNMLKLQHOFFBK68CA,73.82,0.0,10.77,,
苗栗市,房地(土地+建物)+車位,苗栗縣苗栗市清華里２７鄰為民街３７５號六樓,30.81,住,,,1080721,土地1建物1車位1,六層,六層,華廈(10層含以下有電梯),住家用,鋼筋混凝土造,0830223,172.63,3,2,2,有,有,3800000,22012,坡道平面,0.0,0,,RPOOMLNJRHOFFBK88CA,100.56,0.0,14.11,,
苗栗市,房地(土地+建物)+車位,苗栗縣苗栗市福麗里２７鄰國華路１０１５巷５１號十樓之五,14.3,住,,,1080702,土地2建物1車位1,十層,十一層,住宅大樓(11層含以上有電梯),住家用,鋼筋混凝土造,1071207,102.53999999999999,1,1,1,有,有,3700000,36083,坡道平面,33.84,0,,RPOOMLLKRHOFFBK78CA,37.02,0.0,6.22,,
苑裡鎮,土地,順天段209-3地號,1282.51,工,,,1080726,土地1建物0車位0,,,其他,,,,0.0,0,0,0,有,無,41241680,32157,,0.0,0,,RPPNMLMLQHOFFCK98CA,0.0,0.0,0.0,,
竹南鎮,房地(土地+建物),苗栗縣竹南鎮大埔里１鄰仁愛路５０２巷２６號,90.94,住,,,1080728,土地2建物1車位0,全,三層,透天厝,住家用,鋼筋混凝土造,1040303,245.25,3,2,3,有,有,10000000,40775,,0.0,0,,RPTNMLTKQHOFFDK47CA,212.71,5.05,0.0,,
竹南鎮,房地(土地+建物),苗栗縣竹南鎮大埔里２鄰科專三路６９巷８號,129.77,住,,,1080706,土地5建物1車位0,全,三層,透天厝,住家用,鋼筋混凝土造,1041110,193.32,3,3,4,有,無,11300000,58452,,0.0,0,,RPTNMLMLQHOFFDK86CA,168.23,0.0,25.09,,
竹南鎮,房地(土地+建物)+車位,苗栗縣竹南鎮新南里２４鄰維新路４１２號７樓之３,41.0,住,,,1080707,土地2建物1車位1,七層,十四層,住宅大樓(11層含以上有電梯),其他,鋼筋混凝土造,1061013,226.91,3,2,2,有,有,13500000,59495,坡道平面,0.0,1000000,,RPPNMLSLQHOFFDK07CA,112.86,5.81,12.74,,
竹南鎮,房地(土地+建物)+車位,苗栗縣竹南鎮新南里２４鄰維新路４１２號８樓之３,41.0,住,,,1080707,土地2建物1車位1,八層,十四層,住宅大樓(11層含以上有電梯),其他,鋼筋混凝土造,1061013,226.91,3,2,2,有,有,13700000,60376,坡道平面,0.0,1000000,,RPQNMLSLQHOFFDK17CA,112.86,5.81,12.74,,
銅鑼鄉,房地(土地+建物),苗栗縣銅鑼鄉中平村１４鄰七十份２之５號,116.13,,鄉村區,乙種建築用地,1080723,土地1建物1車位0,全,三層,透天厝,住家用,鋼筋混凝土造,1011028,179.18,5,2,3,有,無,8680000,48443,,0.0,0,,RPPNMLPKQHOFFEK76CA,162.38,0.0,16.8,,
三義鄉,土地,聖王段277地號,1938.13,,特定農業區,農牧用地,1080705,土地1建物0車位0,,,其他,,,,0.0,0,0,0,有,無,5500000,2838,,0.0,0,,RPPNMLKLQHOFFEK98CA,0.0,0.0,0.0,,
頭份市,房地(土地+建物)+車位,苗栗縣頭份市土牛里６鄰中正路４６３巷９弄５２號十一樓,33.16,住,,,1080722,土地1建物1車位1,十一層,十一層,住宅大樓(11層含以上有電梯),住家用,鋼筋混凝土造,1070309,161.56,3,2,2,有,無,6480000,45245,坡道平面,37.79,880000,,RPSNMLNLQHOFFFK07CA,78.78,0.0,7.78,,
頭份市,房地(土地+建物),苗栗縣頭份市興隆里２０鄰花園三街５２號,154.42,,山坡地保育區,丙種建築用地,1080701,土地1建物1車位0,全,三層,透天厝,住家用,見其他登記事項,0991215,207.47,4,2,3,有,有,8180000,39427,,0.0,0,,RPVNMLPKQHOFFFK47CA,191.16,10.83,4.13,,
頭份市,房地(土地+建物),苗栗縣頭份市上興里１５鄰永昌街１２號三樓,28.08,,山坡地保育區,丙種建築用地,1080720,土地1建物1車位0,三層,七層,華廈(10層含以下有電梯),住家用,鋼筋混凝土造,0860827,112.03999999999999,3,2,2,有,無,2380000,21242,,0.0,0,,RPPNMLQKQHOFFFK96CA,74.21,0.55,7.1,,
頭份市,房地(土地+建物),苗栗縣頭份市斗煥里１８鄰國校新村６３號,110.97,,鄉村區,乙種建築用地,1080717,土地1建物1車位0,全,二層,透天厝,住家用,鋼筋混凝土造,0740910,102.96,3,2,2,有,無,3500000,33994,,0.0,0,,RPPNMLRKQHOFFFK07CA,89.66,3.35,9.95,,
頭份市,房地(土地+建物),苗栗縣頭份市濫坑里１３鄰尖豐路１０６２號,11731.77,,特定農業區,丁種建築用地,1080718,土地10建物2車位0,一層，二層，騎樓,二層,工廠,工業用,見其他登記事項,0621105,3672.6,0,0,0,無,無,248000000,,,0.0,0,買賣價亦包含未辦保存建物,RPVNMLQKRHOFFFK67CA,3672.6,0.0,0.0,,
通霄鎮,房地(土地+建物),苗栗縣通霄鎮漁港路１０７巷２３號,79.76,,鄉村區,乙種建築用地,1080726,土地1建物1車位0,全,二層,透天厝,住家用,鋼筋混凝土造,,132.86,3,2,2,有,無,3500000,26344,,0.0,0,親友、員工或其他特殊關係間之交易。；,RPQNMLQJRHOFFCK86DA,132.86,0.0,0.0,,
苗栗市,土地,勝利段43地號,145.0,,特定農業區,甲種建築用地,1080722,土地1建物0車位0,,,其他,,,,0.0,0,0,0,有,無,2073500,14300,,0.0,0,親友、員工或其他特殊關係間之交易。；,RPPNMLLLQHOFFBK88DA,0.0,0.0,0.0,,
通霄鎮,土地,通平段313地號,93.65,,一般農業區,農牧用地,1080703,土地3建物0車位0,,,其他,,,,0.0,0,0,0,有,無,96000,1025,,0.0,0,親友、員工或其他特殊關係間之交易。；,RPPNMLQKQHOFFCK76DA,0.0,0.0,0.0,,
頭份市,房地(土地+建物),苗栗縣頭份市田寮里２４鄰華夏路８２巷５號四樓,25.25,住,,,1080729,土地1建物1車位0,四層,六層,華廈(10層含以下有電梯),住家用,鋼筋混凝土造,0820628,112.82000000000001,3,2,1,有,有,3900000,34568,,0.0,0,,RPPNMLOJRHOFFFK76CA,87.69,0.0,7.93,,
頭份市,土地,中央段913地號,2257.17,,,,1080702,土地1建物0車位0,,,其他,,,,0.0,0,0,0,有,無,51299250,22727,,0.0,0,公共設施保留地之交易,RPQOMLKKRHOFFFK66CA,0.0,0.0,0.0,,
頭份市,房地(土地+建物)+車位,苗栗縣頭份市上興里１５鄰永昌街９巷５號五樓,22.74,,山坡地保育區,丙種建築用地,1080717,土地1建物1車位1,五層,七層,華廈(10層含以下有電梯),住家用,鋼筋混凝土造,0860827,98.61,3,2,2,有,有,2300000,23324,一樓平面,0.0,0,,RPUNMLPKQHOFFFK37CA,64.24,0.0,8.74,,
三義鄉,土地,魚藤坪段140-1216地號,5838.33,,山坡地保育區,農牧用地,1080718,土地4建物0車位0,,,其他,,,,0.0,0,0,0,有,無,7947431,1361,,0.0,0,,RPUNMLLLQHOFFEK96CA,0.0,0.0,0.0,,
後龍鎮,土地,崎頂段397-22地號,499.0,,一般農業區,農牧用地,1080725,土地1建物0車位0,,,其他,,,,0.0,0,0,0,有,無,3000000,6012,,0.0,0,含土地上面未登記之小木屋及工作物等設施,RPSNMLKLQHOFFDK56CA,0.0,0.0,0.0,,
竹南鎮,房地(土地+建物),苗栗縣竹南鎮山佳里７鄰龍山路三段２１５號,43.54,住,,,1080718,土地1建物1車位0,地下一層,七層,倉庫,其他,鋼筋混凝土造,0840927,297.57,0,0,0,無,有,2779800,,,0.0,0,,RPTNMLMKRHOFFDK86CA,250.97,4.81,0.0,,
苑裡鎮,土地,新復北段338地號,2259.27,,特定農業區,農牧用地,1080711,土地1建物0車位0,,,其他,,,,0.0,0,0,0,有,無,5800000,2567,,0.0,0,二親等買賣,RPPNMLTKQHOFFCK96CA,0.0,0.0,0.0,,
苗栗市,房地(土地+建物),苗栗縣苗栗市僑育街１３號,17.0,住,,,1080722,土地2建物1車位0,全,三層,透天厝,住家用,加強磚造,0611130,49.95,4,2,2,有,無,900000,18018,,0.0,0,親友、員工或其他特殊關係間之交易。；,RPXNMLQKQHOFFBK37CA,49.95,0.0,0.0,,
大湖鄉,土地,大湖段522-17地號,1000.0,,山坡地保育區,林業用地,1080730,土地2建物0車位0,,,其他,,,,0.0,0,0,0,有,無,190000,190,,0.0,0,,RPPNMLTKQHOFFAK76CA,0.0,0.0,0.0,,
苗栗市,房地(土地+建物),苗栗縣苗栗市清華里２３鄰為民街４１７號四樓之一,14.55,商,,,1080724,土地1建物1車位0,四層,五層,華廈(10層含以下有電梯),住家用,鋼筋混凝土造,1061123,59.19,1,1,1,有,有,2850000,48150,,0.0,0,,RPQNMLKLQHOFFBK78CA,37.21,0.0,4.2,,
苗栗市,土地,勝利段1609-1地號,26.55,商,,,1080724,土地1建物0車位0,,,其他,,,,0.0,0,0,0,有,無,1805400,68000,,0.0,0,二親等之間的買賣.親友、員工或其他特殊關係間之交易。；,RPSNMLTKQHOFFBK17CA,0.0,0.0,0.0,,
苑裡鎮,土地,南勢林坑段1185地號,2489.2,,山坡地保育區,農牧用地,1080715,土地5建物0車位0,,,其他,,,,0.0,0,0,0,有,無,3000000,1205,,0.0,0,親友、員工或其他特殊關係間之交易。；,RPPNMLKLQHOFFCK78CA,0.0,0.0,0.0,,
通霄鎮,土地,平元段369地號,3.54,住,,,1080712,土地1建物0車位0,,,其他,,,,0.0,0,0,0,有,無,146167,41290,,0.0,0,承購國有租用基地,RPTNMLKLQHOFFCK56CA,0.0,0.0,0.0,,
後龍鎮,房地(土地+建物),苗栗縣後龍鎮埔頂里４鄰中心路４１之６號,102.39,,鄉村區,乙種建築用地,1080703,土地1建物1車位0,全,三層,透天厝,住家用,鋼筋混凝土造,1071221,192.79,4,3,4,有,無,9500000,49276,,0.0,0,,RPTNMLLLQHOFFDK76CA,188.17,0.0,4.62,,
竹南鎮,土地,崎工段339-1地號,178.0,,工業區,丁種建築用地,1080711,土地1建物0車位0,,,其他,,,,0.0,0,0,0,有,無,6892160,38720,,0.0,0,,RPQNMLTKQHOFFDK17CA,0.0,0.0,0.0,,
竹南鎮,房地(土地+建物)+車位,苗栗縣竹南鎮中華里１６鄰萬大街８８號六樓之一,19.69,住,,,1080712,土地1建物1車位1,六層,七層,華廈(10層含以下有電梯),住家用,鋼筋混凝土造,0830330,128.0,3,2,2,有,有,3500000,27344,一樓平面,0.0,0,,RPWNMLMLQHOFFDK17CA,80.57,0.0,2.4,,
竹南鎮,房地(土地+建物)+車位,苗栗縣竹南鎮大埔里８鄰大埔一街１０６號五樓,16.87,商,,,1080708,土地1建物1車位1,五層,十四層,住宅大樓(11層含以上有電梯),住家用,鋼筋混凝土造,1051130,161.41,3,2,2,有,有,5800000,35933,坡道平面,0.0,900000,,RPSNMLKMQHOFFDK66CA,85.62,4.23,9.58,,
銅鑼鄉,土地,樟樹段198-1地號,79.66,,,,1080731,土地1建物0車位0,,,其他,,,,0.0,0,0,0,有,無,39830,500,,0.0,0,親友、員工或其他特殊關係間之交易。；畸零地或有合併使用之交易。；,RPQNMLRLQHOFFEK17CA,0.0,0.0,0.0,,
頭份市,房地(土地+建物),苗栗縣頭份市合興里１鄰中央路５４５巷２２弄１２號一樓之六,14.37,住,,,1080718,土地2建物1車位0,一層,五層,套房(1房1廳1衛),住家用,見其他登記事項,0951020,32.66,1,1,1,有,無,1730000,52970,,0.0,0,,RPQNMLTKQHOFFFK37CA,21.27,3.43,0.0,,
銅鑼鄉,土地,朝陽段753地號,128.29,住,,,1080706,土地2建物0車位0,,,其他,,,,0.0,0,0,0,有,無,7120000,55499,,0.0,0,含未保登建物一棟.含增建或未登記建物。；,RPSNMLTKQHOFFEK47CA,0.0,0.0,0.0,,
三義鄉,土地,五穀段755地號,77.69,住,,,1080716,土地1建物0車位0,,,其他,,,,0.0,0,0,0,有,無,2365350,30446,,0.0,0,親友、員工或其他特殊關係間之交易。；,RPPNMLQKRHOFFEK96CA,0.0,0.0,0.0,,
頭份市,房地(土地+建物),苗栗縣頭份市成功里７鄰信東路３４０巷９弄７號,143.42,住,,,1080719,土地1建物1車位0,全,二層,透天厝,住家用,加強磚造,0741213,198.72,5,2,2,有,無,9000000,45290,,0.0,0,含增建或未登記建物。；,RPWNMLTKQHOFFFK97CA,177.79,7.52,13.41,,
頭份市,房地(土地+建物),苗栗縣頭份市合興里７鄰信義路５０４巷１３弄２衖１號,97.82,住,,,1080724,土地1建物1車位0,全,三層,透天厝,住家用,鋼筋混凝土造,0820922,179.96,4,2,3,有,無,8210000,45621,,0.0,0,,RPPNMLRLQHOFFFK17CA,150.25,29.71,0.0,,
竹南鎮,房地(土地+建物)+車位,苗栗縣竹南鎮大埔里１鄰大埔街３０號八樓之五,28.91,住,,,1080702,土地1建物1車位1,八層,十四層,住宅大樓(11層含以上有電梯),住家用,鋼筋混凝土造,1060725,125.94999999999999,2,2,2,有,有,6500000,58095,坡道平面,34.72,1200000,,RPTNMLKLQHOFFDK66CA,57.15,0.0,6.75,,
竹南鎮,房地(土地+建物),苗栗縣竹南鎮竹南里７鄰民治街１２號,64.0,商,,,1080714,土地1建物1車位0,全,三層,透天厝,住商用,見其他登記事項,0460715,115.53,4,1,5,有,無,7800000,67515,,0.0,0,,RPTNMLKKRHOFFDK66CA,115.53,0.0,0.0,,
苗栗市,房地(土地+建物)+車位,苗栗縣苗栗市文山里７鄰文發路１２１巷６７號四樓之三,30.15,住,,,1080704,土地1建物1車位1,四層,五層,華廈(10層含以下有電梯),住家用,鋼筋混凝土造,1080131,90.74,2,1,1,有,有,4600000,50694,坡道機械,9.43,0,,RPRNMLMKRHOFFBK09CA,58.46,0.0,7.4,,
頭屋鄉,土地,外獅潭段507-2地號,111.75,,特定農業區,甲種建築用地,1080731,土地1建物0車位0,,,其他,,,,0.0,0,0,0,有,無,500000,4474,,0.0,0,,RPQNMLQLQHOFFBK76CA,0.0,0.0,0.0,,
苗栗市,房地(土地+建物),苗栗縣苗栗市高苗里３６鄰北龍岡２２１號,398.34,,山坡地保育區,丙種建築用地,1080729,土地10建物1車位0,全,三層,透天厝,住家用,鋼筋混凝土造,1030411,250.27,4,2,4,有,無,14500000,57937,,0.0,0,,RPSNMLRLQHOFFBK07CA,235.49,0.0,14.78,,
苗栗市,土地,水流娘段17-6地號,1779.67,都市：其他:貨物轉運中心區,,,1080718,土地2建物0車位0,,,其他,,,,0.0,0,0,0,有,無,15881299,8924,,0.0,0,,RPWNMLMLQHOFFBK96CA,0.0,0.0,0.0,,
苗栗市,房地(土地+建物)+車位,苗栗縣苗栗市福麗里３３鄰忠孝１１１號三樓之二,92.96,,山坡地保育區,丙種建築用地,1080728,土地1建物1車位1,三層,五層,華廈(10層含以下有電梯),住家用,鋼筋混凝土造,1071205,137.45,3,2,2,有,有,6000000,43652,一樓平面,0.0,0,,RPVNMLLLQHOFFBK76CA,86.83,0.0,9.16,,
通霄鎮,土地,大坪頂段609-14地號,137.0,,一般農業區,農牧用地,1080731,土地1建物0車位0,,,其他,,,,0.0,0,0,0,有,無,120000,876,,0.0,0,,RPQNMLQLQHOFFCK86CA,0.0,0.0,0.0,,
苑裡鎮,土地,泰田段74地號,1508.0,,特定農業區,農牧用地,1080708,土地1建物0車位0,,,其他,,,,0.0,0,0,0,有,無,4000000,2653,,0.0,0,,RPPNMLRLQHOFFCK86CA,0.0,0.0,0.0,,
竹南鎮,房地(土地+建物),苗栗縣竹南鎮中英里１７鄰保安林２６８號,85.0,,特定農業區,甲種建築用地,1080713,土地1建物1車位0,全,四層,透天厝,住家用,鋼筋混凝土造,1070604,216.5,4,2,4,有,無,10500000,48499,,0.0,0,,RPQNMLMLQHOFFDK56CA,194.74,3.08,18.68,,
竹南鎮,房地(土地+建物)+車位,苗栗縣竹南鎮中華里３鄰南榮街８３巷１２弄１號,35.2,住,,,1080715,土地2建物1車位1,一層,五層,公寓(5樓含以下無電梯),住家用,鋼筋混凝土造,1040130,97.19999999999999,2,2,1,有,無,4300000,44239,一樓平面,0.0,0,,RPVNMLMLQHOFFDK07CA,65.93,0.0,7.2,,
三義鄉,土地,聖王段7-30地號,2255.85,,山坡地保育區,暫未編定,1080710,土地5建物0車位0,,,其他,,,,0.0,0,0,0,有,無,8250000,3657,,0.0,0,土地價格新台幣824萬元，建物價格新台幣＄1萬元含增建或未登記建物。；,RPVNMLLLQHOFFEK07CA,0.0,0.0,0.0,,
三義鄉,土地,八櫃段62地號,376.97,,山坡地保育區,農牧用地,1080722,土地1建物0車位0,,,其他,,,,0.0,0,0,0,有,無,941700,2498,,0.0,0,,RPQNMLMLQHOFFEK66CA,0.0,0.0,0.0,,
三義鄉,房地(土地+建物),苗栗縣三義鄉雙湖村１１鄰雙草湖１３９之３號,80.14,住,,,1080722,土地4建物1車位0,全,三層,透天厝,住家用,鋼筋混凝土造,0770812,143.54,4,3,2,有,無,4500000,31350,,0.0,0,,RPPNMLNLQHOFFEK66CA,128.31,15.23,0.0,,
頭份市,土地,中華段4地號,282.7,住,,,1080723,土地1建物0車位0,,,其他,,,,0.0,0,0,0,有,無,28800000,101875,,0.0,0,買賣標的及總價包含土地上未辦保存登記建物.,RPSNMLQLQHOFFFK37CA,0.0,0.0,0.0,,
南庄鄉,土地,南興段341-1地號,2543.17,,特定農業區,農牧用地,1080726,土地1建物0車位0,,,其他,,,,0.0,0,0,0,有,無,4860000,1911,,0.0,0,,RPPNMLLLQHOFFFK56CA,0.0,0.0,0.0,,
頭份市,房地(土地+建物),苗栗縣頭份市上興里１５鄰永昌街１１巷９號,24.87,,山坡地保育區,丙種建築用地,1080717,土地1建物1車位0,一層,七層,華廈(10層含以下有電梯),住家用,鋼筋混凝土造,0860827,95.67,3,2,2,有,有,2500000,26131,,0.0,0,,RPPNMLTLQHOFFFK37CA,71.41,8.23,0.0,,
頭份市,土地,蘆竹湳段蘆竹湳小段616-6地號,490.0,工,,,1080701,土地1建物0車位0,,,其他,,,,0.0,0,0,0,有,無,12050000,24592,,0.0,0,,RPSNMLLLQHOFFFK86CA,0.0,0.0,0.0,,
頭份市,土地,蘆竹湳段蘆竹湳小段616-7地號,653.0,農,,,1080701,土地1建物0車位0,,,其他,,,,0.0,0,0,0,有,無,3950000,6049,,0.0,0,,RPTNMLLLQHOFFFK96CA,0.0,0.0,0.0,,
頭份市,房地(土地+建物),苗栗縣頭份市民族里１４鄰中華路９５３巷１３號五樓,17.25,住,,,1080701,土地1建物2車位0,五層,十三層,住宅大樓(11層含以上有電梯),住家用,鋼筋混凝土造,0840331,125.44,3,2,2,有,無,4200000,33482,,0.0,0,,RPQNMLSLQHOFFFK37CA,71.79,2.27,9.76,,
頭份市,房地(土地+建物),苗栗縣頭份市文化里１１鄰文化街３２巷１５弄８號三樓,26.36,住,,,1080723,土地1建物1車位0,三層,五層,公寓(5樓含以下無電梯),住家用,鋼筋混凝土造,0850426,131.92000000000002,4,2,2,有,無,3900000,29563,,0.0,0,,RPWNMLLLQHOFFFK27CA,115.93,0.0,3.99,,
頭份市,房地(土地+建物),苗栗縣頭份市興隆里１５鄰福金新村３３號,91.78,,山坡地保育區,丙種建築用地,1080730,土地1建物1車位0,全,二層,透天厝,住家用,加強磚造,0710326,120.96,3,2,2,有,無,4180000,34557,,0.0,0,,RPPNMLMLQHOFFFK66CA,111.72,5.82,3.42,,
頭份市,房地(土地+建物),苗栗縣頭份市後庄里１７鄰信義路６９０巷６弄５６號,86.03,住,,,1080722,土地2建物1車位0,全,三層,透天厝,住家用,見其他登記事項,1020521,177.46,4,2,3,有,無,9200000,51843,,0.0,0,,RPQNMLQLQHOFFFK17CA,155.84,1.67,19.95,,
三灣鄉,土地,上坪段383地號,17.19,住,,,1080730,土地1建物0車位0,,,其他,,,,0.0,0,0,0,有,無,780000,45375,,0.0,0,畸零地或有合併使用之交易。；,RPRNMLQLQHOFFFK27CA,0.0,0.0,0.0,,
竹南鎮,房地(土地+建物),苗栗縣竹南鎮竹興里８鄰勤興街１３９號,120.0,,一般農業區,甲種建築用地,1080713,土地1建物1車位0,全,二層,透天厝,住家用,加強磚造,0700413,122.26,4,2,2,有,無,5000000,40896,,0.0,0,,RPTNMLNLQHOFFDK96CA,122.26,0.0,0.0,,
後龍鎮,土地,龍頂段119-3地號,430.0,住,,,1080729,土地1建物0車位0,,,其他,,,,0.0,0,0,0,有,無,17560000,40837,,0.0,0,親友、員工或其他特殊關係間之交易。；,RPVNMLLLQHOFFDK96CA,0.0,0.0,0.0,,
後龍鎮,土地,龍頂段119-4地號,430.0,住,,,1080729,土地1建物0車位0,,,其他,,,,0.0,0,0,0,有,無,17560000,40837,,0.0,0,親友、員工或其他特殊關係間之交易。；,RPWNMLLLQHOFFDK07CA,0.0,0.0,0.0,,
後龍鎮,土地,龍頂段119-2地號,430.0,住,,,1080729,土地1建物0車位0,,,其他,,,,0.0,0,0,0,有,無,17560000,40837,,0.0,0,親友、員工或其他特殊關係間之交易。；,RPXNMLLLQHOFFDK17CA,0.0,0.0,0.0,,
竹南鎮,房地(土地+建物),苗栗縣竹南鎮新南里８鄰新南街６５巷３７弄１３號,98.79,住,,,1080707,土地5建物1車位0,全,四層,透天厝,其他,鋼筋混凝土造,0961116,301.65,4,2,3,有,無,15000000,49727,,0.0,0,,RPQOMLNJRHOFFDK66CA,255.22,5.54,16.08,,
通霄鎮,土地,平元段18-4地號,1132.14,住,,,1080710,土地1建物0車位0,,,其他,,,,0.0,0,0,0,有,無,9247000,8168,,0.0,0,,RPQNMLTJRHOFFCK07CA,0.0,0.0,0.0,,
通霄鎮,土地,大坪頂段319-5地號,3789.0,,山坡地保育區,農牧用地,1080724,土地1建物0車位0,,,其他,,,,0.0,0,0,0,有,無,4800000,1267,,0.0,0,,RPQNMLLLQHOFFCK98CA,0.0,0.0,0.0,,
苗栗市,房地(土地+建物),苗栗縣苗栗市北苗里２９鄰蕉嶺街３７之８號五樓,18.72,住,,,1080728,土地1建物1車位0,五層,八層,華廈(10層含以下有電梯),住家用,鋼筋混凝土造,0871210,106.71,3,2,3,有,無,4180000,39172,,0.0,0,,RPRNMLPJRHOFFBK66CA,69.7,0.0,10.52,,
公館鄉,房地(土地+建物),苗栗縣公館鄉中義村８鄰中義１８６之８號五樓,117.84,,特定農業區,甲種建築用地,1080709,土地2建物1車位0,五層,五層,華廈(10層含以下有電梯),住家用,鋼筋混凝土造,1080131,140.7,3,2,2,有,無,6580000,46766,,0.0,0,,RPRNMLNJRHOFFBK09CA,101.97,0.0,14.37,,
大湖鄉,土地,水頭寮段697-2地號,502.54,,山坡地保育區,丁種建築用地,1080717,土地2建物0車位0,,,其他,,,,0.0,0,0,0,有,無,13880000,27620,,0.0,0,,RPQNMLQLQHOFFAK66CA,0.0,0.0,0.0,,
苗栗市,土地,南勢坑段下南勢坑小段739-7地號,841.0,,山坡地保育區,丁種建築用地,1080718,土地1建物0車位0,,,其他,,,,0.0,0,0,0,有,無,11448000,13612,,0.0,0,,RPRNMLQLRHOFFBK96CA,0.0,0.0,0.0,,
苑裡鎮,房地(土地+建物),苗栗縣苑裡鎮客庄里２５鄰慶苑巷２號,109.24,住,,,1080718,土地1建物1車位0,全,二層,透天厝,住商用,加強磚造,,108.25,4,2,3,有,無,2500000,23095,,0.0,0,祖孫間買賣並由買方負擔增值稅155236元,RPPNMLNJRHOFFCK98CA,108.25,0.0,0.0,,
通霄鎮,建物,苗栗縣通霄鎮南和里４鄰南和４１之１號,0.0,,,,1080724,土地0建物1車位0,全,二層,透天厝,住家用,加強磚造,0880302,211.71,4,2,2,有,無,2500000,11809,,0.0,0,親友、員工或其他特殊關係間之交易。；,RPQNMLNJRHOFFCK09CA,199.98,11.73,0.0,,
竹南鎮,房地(土地+建物),苗栗縣竹南鎮天文里１８鄰龍昇街１３３巷１２號四樓,18.52,住,,,1080709,土地1建物1車位0,四層,七層,華廈(10層含以下有電梯),住家用,鋼筋混凝土造,0820429,93.94000000000001,2,2,1,有,有,3000000,31935,,0.0,0,,RPPOMLMLQHOFFDK56CA,67.63,0.0,8.55,,
竹南鎮,房地(土地+建物)+車位,苗栗縣竹南鎮大埔里８鄰大埔一街１１２號三樓,16.87,商,,,1080715,土地1建物1車位1,三層,十四層,住宅大樓(11層含以上有電梯),住家用,鋼筋混凝土造,1051130,161.01,3,2,2,有,有,5900000,36644,坡道平面,0.0,750000,,RPTNMLKMQHOFFDK76CA,89.07,0.0,10.01,,
竹南鎮,房地(土地+建物)+車位,苗栗縣竹南鎮大埔里８鄰大埔一街１０６號三樓,16.87,商,,,1080715,土地1建物1車位1,三層,十四層,住宅大樓(11層含以上有電梯),住家用,鋼筋混凝土造,1051130,164.12,3,2,2,有,有,5650000,34426,坡道平面,0.0,790000,,RPUNMLKMQHOFFDK86CA,85.52,4.23,9.58,,
竹南鎮,房地(土地+建物)+車位,苗栗縣竹南鎮大埔里８鄰大埔一街１０２號三樓,16.87,商,,,1080729,土地1建物1車位1,三層,十四層,住宅大樓(11層含以上有電梯),住家用,鋼筋混凝土造,1051130,161.4,3,2,2,有,有,5850000,36245,坡道平面,0.0,850000,,RPVNMLKMQHOFFDK96CA,85.62,4.23,9.58,,
竹南鎮,房地(土地+建物)+車位,苗栗縣竹南鎮大埔里８鄰大埔一街１０２號十樓,16.48,商,,,1080716,土地1建物1車位1,十層,十四層,住宅大樓(11層含以上有電梯),住家用,鋼筋混凝土造,1051130,162.19,3,2,2,有,有,6200000,38227,坡道平面,0.0,900000,,RPWNMLKMQHOFFDK07CA,86.22,4.23,9.56,,
竹南鎮,房地(土地+建物),苗栗縣竹南鎮聖福里１４鄰建國路２８８巷１７８弄２號,234.22,工,,,1080722,土地1建物1車位0,一層，二層，夾層,二層,廠辦,辦公用,加強磚造,0771003,170.47,0,0,1,有,無,12000000,70394,,0.0,0,,RPXNMLQLQHOFFDK67CA,170.47,0.0,0.0,,
銅鑼鄉,土地,老雞隆段150地號,911.5,,特定農業區,農牧用地,1080704,土地1建物0車位0,,,其他,,,,0.0,0,0,0,有,無,1130000,1240,,0.0,0,,RPQNMLNLQHOFFEK76CA,0.0,0.0,0.0,,
頭份市,房地(土地+建物)+車位,苗栗縣頭份市民權里１鄰中華路８８３之１號六樓,30.62,住,,,1080708,土地2建物1車位1,六層,十二層,住宅大樓(11層含以上有電梯),住家用,鋼筋混凝土造,1050707,174.63,3,2,2,有,有,7300000,41803,坡道平面,0.0,0,,RPQNMLMLQHOFFFK76CA,81.87,0.0,8.29,,
頭份市,房地(土地+建物),苗栗縣頭份市新華里７鄰?心壩１６之８號,1224.0,農,,,1080701,土地1建物1車位0,一層，二層，三層,三層,農舍,農業用,鋼筋混凝土造,1040908,315.48,6,3,6,有,無,22500000,,,0.0,0,,RPSNMLSLQHOFFFK57CA,307.64,0.0,7.84,,
三義鄉,房地(土地+建物),苗栗縣三義鄉勝興村３１鄰水美３０７巷１１０號,80.08,,鄉村區,乙種建築用地,1080728,土地1建物1車位0,全,二層,透天厝,住家用,鋼筋混凝土造,0681205,98.52,3,2,2,有,無,2630000,26695,,0.0,0,,RPSNMLQLQHOFFEK27CA,98.52,0.0,0.0,,
頭份市,土地,永貞段636-2地號,36.03,住,,,1080730,土地1建物0車位0,,,其他,,,,0.0,0,0,0,有,無,1732690,48090,,0.0,0,向政府機關承購之案件。；,RPQNMLTJRHOFFFK37CA,0.0,0.0,0.0,,
頭份市,土地,上興段610地號,10.0,,山坡地保育區,丙種建築用地,1080708,土地1建物0車位0,,,其他,,,,0.0,0,0,0,有,無,72000,7200,,0.0,0,,RPVNMLRKRHOFFFK77CA,0.0,0.0,0.0,,
苗栗市,土地,上南段220地號,5565.35,,山坡地保育區,丁種建築用地,1080724,土地6建物0車位0,,,其他,,,,0.0,0,0,0,有,無,84200000,15129,,0.0,0,,RPSNMLMJRHOFFBK56DA,0.0,0.0,0.0,,
頭份市,房地(土地+建物),苗栗縣頭份市上興里１５鄰永昌街１１巷５號四樓,23.81,,山坡地保育區,丙種建築用地,1080721,土地1建物1車位0,四層,七層,華廈(10層含以下有電梯),住家用,鋼筋混凝土造,0860827,91.53,3,2,2,有,無,2100000,22943,,0.0,0,,RPQNMLKMQHOFFFK66CA,66.89,0.0,9.33,,
頭份市,房地(土地+建物),苗栗縣頭份市民權里４鄰銀河路２４０號,90.67,住,,,1080710,土地1建物1車位0,全,三層,透天厝,住家用,鋼筋混凝土造,1071030,208.11,4,2,4,有,無,11350000,54538,,0.0,0,,RPUOMLQLQHOFFFK67CA,186.72,0.0,21.39,,
頭份市,房地(土地+建物)+車位,苗栗縣頭份市中興里８鄰大亨街１６７巷２號二樓,45.7,住,,,1080722,土地1建物1車位1,二層,五層,華廈(10層含以下有電梯),住家用,鋼筋混凝土造,1080326,141.47,3,2,2,有,無,7700000,54429,一樓平面,0.0,0,,RPPNMLNLQHOFFFK76CA,92.19,0.0,7.18,,
頭份市,土地,湳湖段143地號,118.85,,山坡地保育區,農牧用地,1080725,土地1建物0車位0,,,其他,,,,0.0,0,0,0,有,無,415200,3493,,0.0,0,買方長期使用，種植花卉用。,RPUNMLQLQHOFFFK57CA,0.0,0.0,0.0,,
竹南鎮,房地(土地+建物)+車位,苗栗縣竹南鎮新南里１１鄰民華街９巷８號二樓,32.56,住,,,1080713,土地1建物1車位1,二層,七層,華廈(10層含以下有電梯),住家用,鋼筋混凝土造,0980909,131.99,3,2,2,有,有,5900000,44700,坡道平面,23.1,0,,RPWNMLSLQHOFFDK77CA,77.41,1.58,5.72,,
竹南鎮,房地(土地+建物),苗栗縣竹南鎮頂埔里１鄰中華路３４巷１５號,100.45,住,,,1080717,土地1建物1車位0,全,二層,透天厝,住家用,加強磚造,0660527,138.52,5,2,3,有,無,4600000,33208,,0.0,0,,RPQNMLQLQHOFFDK96CA,138.52,0.0,0.0,,
造橋鄉,房地(土地+建物),苗栗縣造橋鄉造橋村１１鄰過港坪５８號,261.49,,山坡地保育區,丙種建築用地,1080727,土地6建物1車位0,全,三層,透天厝,住家用,鋼筋混凝土造,0921230,179.09,4,2,3,有,有,7800000,43554,,0.0,0,,RPSNMLQLQHOFFDK17CA,156.6,19.3,3.19,,
苑裡鎮,土地,苑坑段406地號,7567.0,,山坡地保育區,農牧用地,1080708,土地1建物0車位0,,,其他,,,,0.0,0,0,0,有,無,7593376,1003,,0.0,0,,RPSNMLSLQHOFFCK27CA,0.0,0.0,0.0,,
苑裡鎮,土地,苑坑段406-3地號,87.92,,山坡地保育區,農牧用地,1080708,土地2建物0車位0,,,其他,,,,0.0,0,0,0,有,無,61544,700,,0.0,0,1.產權持分2.現況供道路通行,SPSNMLSLQHOFFCK37CA,0.0,0.0,0.0,,
苑裡鎮,房地(土地+建物),苗栗縣苑裡鎮西勢里１１鄰西勢２之２３號,71.58,住,,,1080720,土地2建物1車位0,全,三層,透天厝,住家用,鋼筋混凝土造,1070717,163.5,4,2,4,有,無,7900000,48318,,0.0,0,,RPPNMLTLQHOFFCK07CA,163.5,0.0,0.0,,
苑裡鎮,房地(土地+建物),苗栗縣苑裡鎮房裡里１６鄰北房３４之４號,142.31,住,,,1080715,土地2建物1車位0,全,三層,透天厝,住家用,鋼筋混凝土造,0800707,147.24,2,2,3,有,無,4760000,32328,,0.0,0,,RPPNMLRKRHOFFCK86CA,147.24,0.0,0.0,,
苑裡鎮,房地(土地+建物),苗栗縣苑裡鎮苑北里１鄰世界路一段１５８巷９號,53.26,住,,,1080724,土地1建物1車位0,全,二層,透天厝,住商用,加強磚造,,153.85,4,2,3,有,無,2600000,16900,,0.0,0,阿姨與外甥女買賣親友、員工或其他特殊關係間之交易。；,RPRNMLRKRHOFFCK07CA,153.85,0.0,0.0,,
大湖鄉,土地,大湖段689-462地號,24648.0,,山坡地保育區,農牧用地,1080703,土地1建物0車位0,,,其他,,,,0.0,0,0,0,有,無,2000000,81,,0.0,0,,RPQNMLTKRHOFFAK96CA,0.0,0.0,0.0,,
公館鄉,土地,福基段693-3地號,26518.0,,山坡地保育區,農牧用地,1080717,土地3建物0車位0,,,其他,,,,0.0,0,0,0,有,無,7500000,283,,0.0,0,含未保登房屋一棟.含增建或未登記建物。；,RPQNMLRLQHOFFBK86CA,0.0,0.0,0.0,,
泰安鄉,土地,橫龍山段172地號,16220.0,,山坡地保育區,林業用地,1080719,土地3建物0車位0,,,其他,,,,0.0,0,0,0,有,無,850000,52,,0.0,0,,RPPNMLPKRHOFFAK09CA,0.0,0.0,0.0,,
泰安鄉,土地,橫龍山段421地號,12000.0,,山坡地保育區,林業用地,1080719,土地6建物0車位0,,,其他,,,,0.0,0,0,0,有,無,1200000,100,,0.0,0,,RPQNMLPKRHOFFAK56CA,0.0,0.0,0.0,,
苗栗市,土地,建功段1331-1地號,134.11,住,,,1080717,土地1建物0車位0,,,其他,,,,0.0,0,0,0,有,無,6896608,51425,,0.0,0,,RPTPMLSKRHOFFBK47CA,0.0,0.0,0.0,,
苑裡鎮,房地(土地+建物)+車位,苗栗縣苑裡鎮西平里９鄰介壽路２００號五樓之７,26.07,住,,,1080705,土地1建物1車位1,五層,八層,華廈(10層含以下有電梯),住家用,鋼筋混凝土造,1080220,106.57,2,2,1,有,有,4800000,45041,坡道平面,0.0,0,,RPPNMLTKRHOFFCK07CA,54.72,0.0,4.06,,
通霄鎮,土地,北勢窩段746-59地號,2758.65,,山坡地保育區,農牧用地,1080721,土地2建物0車位0,,,其他,,,,0.0,0,0,0,有,無,4800000,1740,,0.0,0,公設坐落基地價金新台幣25萬元整，為總價金之一部。,RPRNMLMKRHOFFCK56CA,0.0,0.0,0.0,,
苑裡鎮,土地,新復北段482地號,1103.98,,特定農業區,農牧用地,1080706,土地1建物0車位0,,,其他,,,,0.0,0,0,0,有,無,9000000,8152,,0.0,0,含增建或未登記建物。；,RPSNMLQLQHOFFCK07CA,0.0,0.0,0.0,,
竹南鎮,房地(土地+建物)+車位,苗栗縣竹南鎮山佳里５鄰龍山路三段１５６巷６號,52.77,商,,,1080717,土地1建物1車位1,,,店面(店鋪),住家用,,,263.51,0,2,2,有,有,22350000,98715,坡道平面,47.23,1000000,,RPRNMLNJRHOFFDK66CA,0.0,0.0,0.0,,
竹南鎮,房地(土地+建物)+車位,苗栗縣竹南鎮大埔里１鄰大埔街１１９號５樓之６,34.73,住,,,1080722,土地1建物1車位1,五層,九層,華廈(10層含以下有電梯),住家用,鋼筋混凝土造,1051026,122.82000000000001,2,1,3,有,有,6020000,49015,坡道平面,28.93,0,,RPPNMLMJRHOFFDK98CA,59.38,0.0,6.99,,
造橋鄉,房地(土地+建物),苗栗縣造橋鄉談文村５鄰育英一街６號二樓之三,20.11,,山坡地保育區,丙種建築用地,1080715,土地1建物1車位0,二層,三層,套房(1房1廳1衛),住家用,鋼筋混凝土造,0920331,29.02,1,1,1,有,無,396000,13646,,0.0,0,,RPWOMLMKRHOFFDK27CA,19.25,0.0,2.63,,
竹南鎮,房地(土地+建物),苗栗縣竹南鎮大埔里２鄰科專六路２４７巷２號,91.98,住,,,1080713,土地2建物1車位0,全,四層,透天厝,住家用,鋼筋混凝土造,1041208,236.2,5,2,5,有,無,10200000,43184,,0.0,0,,RPTNMLTLQHOFFDK57CA,208.09,4.8,23.31,,
三義鄉,土地,西湖段23地號,1014.76,,山坡地保育區,農牧用地,1080722,土地2建物0車位0,,,其他,,,,0.0,0,0,0,有,無,1408314,1388,,0.0,0,,RPSNMLRLQHOFFEK37CA,0.0,0.0,0.0,,
南庄鄉,土地,南埔段233地號,199.32,,鄉村區,乙種建築用地,1080705,土地1建物0車位0,,,其他,,,,0.0,0,0,0,有,無,1196000,6000,,0.0,0,,RPRNMLSLQHOFFFK47CA,0.0,0.0,0.0,,
南庄鄉,土地,南埔段1101-1地號,71.17,,特定農業區,甲種建築用地,1080710,土地2建物0車位0,,,其他,,,,0.0,0,0,0,有,無,460277,6467,,0.0,0,向政府機關承購之案件。；,RPTNMLSLQHOFFFK67CA,0.0,0.0,0.0,,
苗栗市,房地(土地+建物),苗栗縣苗栗市高苗里２４鄰松園１１１號,95.0,,鄉村區,乙種建築用地,1080731,土地1建物1車位0,全,,透天厝,住家用,加強磚造,0701216,99.51,5,2,3,有,無,2000000,20098,,0.0,0,含三樓增建親友、員工或其他特殊關係間之交易。；,RPQNMLRKRHOFFBK96DA,90.6,0.0,8.91,,
竹南鎮,土地,龍鳳西段1139地號,406.24,都市：其他:道路用地,,,1080726,土地2建物0車位0,,,其他,,,,0.0,0,0,0,有,無,2349000,5782,,0.0,0,,RPQOMLTLQHOFFDK47DA,0.0,0.0,0.0,,
頭份市,房地(土地+建物),苗栗縣頭份市蟠桃里１６鄰中央路５２３巷２號六樓之一,8.58,住,,,1080715,土地2建物1車位0,六層,七層,套房(1房1廳1衛),住商用,見其他登記事項,0961002,40.68,1,1,1,有,有,2260000,55556,,0.0,0,,RPTPMLKKRHOFFFK07CA,23.54,1.23,0.0,,
後龍鎮,房地(土地+建物),苗栗縣後龍鎮大山里１鄰光山街３巷１０號,87.0,,鄉村區,乙種建築用地,1080708,土地2建物1車位0,全,二層,透天厝,住家用,加強磚造,0700801,126.32,4,2,2,有,無,2500000,19791,,0.0,0,,RPWNMLTLQHOFFDK87CA,126.32,0.0,0.0,,
竹南鎮,房地(土地+建物),苗栗縣竹南鎮新南里１１鄰民華街９巷２號二樓,18.66,住,,,1080710,土地1建物1車位0,二層,七層,華廈(10層含以下有電梯),住家用,鋼筋混凝土造,0980909,79.22999999999999,3,2,2,有,無,4160000,52505,,0.0,0,,RPQNMLPJRHOFFDK76CA,55.77,1.42,4.36,,
苗栗市,房地(土地+建物),苗栗縣苗栗市福麗里３６鄰民族路１５９巷１號,98.8,住,,,1080711,土地1建物1車位0,一層，二層，三層，四層，五層,五層,店面(店鋪),住家用,鋼筋混凝土造,1070725,272.67,5,3,4,有,無,17480000,64107,,0.0,0,,RPQNMLMJRHOFFBK88CA,259.07,0.0,13.6,,
苗栗市,房地(土地+建物),苗栗縣苗栗市忠孝２９號,66.0,,鄉村區,乙種建築用地,1080721,土地1建物1車位0,全,,透天厝,住家用,加強磚造,,82.0,4,2,2,有,無,2500000,30488,,0.0,0,,RPQPMLSKRHOFFBK17CA,82.0,0.0,0.0,,
苑裡鎮,土地,南山段433-1地號,2627.79,,特定農業區,農牧用地,1080729,土地2建物0車位0,,,其他,,,,0.0,0,0,0,有,無,15000000,5708,,0.0,0,含未保登建物一棟,RPQNMLTLQHOFFCK17CA,0.0,0.0,0.0,,
通霄鎮,土地,土城段1410-22地號,1391.15,,山坡地保育區,農牧用地,1080721,土地2建物0車位0,,,其他,,,,0.0,0,0,0,有,無,750000,539,,0.0,0,,RPRNMLTLQHOFFCK27CA,0.0,0.0,0.0,,
竹南鎮,土地,中港段894-3地號,575.0,,特定農業區,農牧用地,1080726,土地1建物0車位0,,,其他,,,,0.0,0,0,0,有,無,2260000,3930,,0.0,0,,RPPNMLKMQHOFFDK98CA,0.0,0.0,0.0,,
竹南鎮,房地(土地+建物),苗栗縣竹南鎮大埔里２鄰科專五路１３８巷１３號,114.2,住,,,1080710,土地2建物1車位0,全,四層,透天厝,住家用,鋼筋混凝土造,1040504,256.63,5,3,4,有,無,12000000,46760,,0.0,0,,RPPNMLTLQHOFFDK17CA,225.95,13.39,17.29,,
西湖鄉,土地,二湖段563-5地號,5249.0,,山坡地保育區,農牧用地,1080731,土地3建物0車位0,,,其他,,,,0.0,0,0,0,有,無,4500000,857,,0.0,0,,RPQNMLTLQHOFFEK37CA,0.0,0.0,0.0,,
三義鄉,土地,魚藤坪段423-107地號,2705.0,,山坡地保育區,農牧用地,1080714,土地2建物0車位0,,,其他,,,,0.0,0,0,0,有,無,5950000,2200,,0.0,0,,RPRNMLKMQHOFFEK66CA,0.0,0.0,0.0,,
三義鄉,土地,魚藤坪段423-149地號,2689.0,,山坡地保育區,農牧用地,1080714,土地2建物0車位0,,,其他,,,,0.0,0,0,0,有,無,6800000,2529,,0.0,0,,RPSNMLKMQHOFFEK76CA,0.0,0.0,0.0,,
頭份市,房地(土地+建物)+車位,苗栗縣頭份市土牛里６鄰中正路４６３巷９弄６２號九樓,24.6,住,,,1080729,土地1建物1車位1,九層,十一層,住宅大樓(11層含以上有電梯),住家用,鋼筋混凝土造,1070309,142.69,2,2,1,有,無,5000000,43786,坡道平面,50.88,980000,,RPRNMLKMQHOFFFK76CA,60.49,0.0,3.72,,
泰安鄉,土地,南洗水段1399地號,209.0,,山坡地保育區,丙種建築用地,1080723,土地1建物0車位0,,,其他,,,,0.0,0,0,0,有,無,1080000,5167,,0.0,0,向政府機關承購之案件。；,RPQNMLKMQHOFFAK88DA,0.0,0.0,0.0,,
獅潭鄉,土地,獅潭段新店小段158-274地號,28870.0,,山坡地保育區,農牧用地,1080720,土地4建物0車位0,,,其他,,,,0.0,0,0,0,有,無,3600000,125,,0.0,0,,RPPNMLMJRHOFFAK78DA,0.0,0.0,0.0,,
造橋鄉,房地(土地+建物),苗栗縣造橋鄉談文村５鄰育英街１０號１f８,16.61,,山坡地保育區,丙種建築用地,1080725,土地1建物1車位0,一層,四層,套房(1房1廳1衛),住家用,鋼筋混凝土造,0920716,26.89,1,1,1,有,有,400000,14875,,0.0,0,,RPQNMLQKRHOFFDK07DA,17.94,0.82,1.93,,
竹南鎮,房地(土地+建物),苗栗縣竹南鎮港墘里１５鄰仁德路２５９巷５５弄２０號,81.01,住,,,1080726,土地1建物1車位0,全,三層,透天厝,住家用,鋼筋混凝土造,0860904,151.99,4,2,3,有,無,6350000,41779,,0.0,0,,RPUNMLTLQHOFFDK67CA,130.54,6.46,14.99,,
竹南鎮,房地(土地+建物)+車位,苗栗縣竹南鎮新南里７鄰天文路２６號十三樓,69.16,住,,,1080715,土地1建物1車位2,十三層,十三層,住宅大樓(11層含以上有電梯),其他,鋼筋混凝土造,1030127,420.35,5,2,3,有,有,31000000,73748,坡道平面,0.0,0,,RPPOMLPJRHOFFDK76CA,203.41,0.0,35.69,,
竹南鎮,房地(土地+建物),苗栗縣竹南鎮佳興里２３鄰環市路三段５７６號二樓之二,10.79,住,,,1080728,土地1建物1車位0,二層,十五層,住宅大樓(11層含以上有電梯),住家用,鋼筋混凝土造,1011213,92.53,3,2,2,有,無,3880000,41932,,0.0,0,,RPVNMLMKRHOFFDK07CA,58.48,5.89,0.0,,
通霄鎮,土地,北勢窩段641地號,2648.0,,山坡地保育區,水利用地,1080705,土地1建物0車位0,,,其他,,,,0.0,0,0,0,有,無,2800000,1057,,0.0,0,地政士僅受託辦理移轉登記，未代訂私契，根據雙方提供資訊，申報交易總價。,RPRNMLPJRHOFFCK76CA,0.0,0.0,0.0,,
通霄鎮,土地,白沙段142地號,99.83,,一般農業區,交通用地,1080722,土地1建物0車位0,,,其他,,,,0.0,0,0,0,有,無,603400,6044,,0.0,0,,RPSNMLTLQHOFFCK37CA,0.0,0.0,0.0,,
通霄鎮,土地,白沙段143地號,520.0,,山坡地保育區,交通用地,1080722,土地1建物0車位0,,,其他,,,,0.0,0,0,0,有,無,3146000,6050,,0.0,0,,RPTNMLTLQHOFFCK47CA,0.0,0.0,0.0,,
公館鄉,土地,大坑段1044-5地號,297.0,,特定農業區,甲種建築用地,1080731,土地3建物0車位0,,,其他,,,,0.0,0,0,0,有,無,11200000,37710,,0.0,0,,RPQNMLPLRHOFFBK76CA,0.0,0.0,0.0,,
公館鄉,房地(土地+建物),苗栗縣公館鄉館南村１鄰民生街７７號,104.3,住,,,1080729,土地1建物1車位0,全,,透天厝,住家用,加強磚造,0701215,157.44,4,2,2,有,無,4600000,29217,,0.0,0,,RPTNMLMJRHOFFBK56CA,149.94,7.5,0.0,,
公館鄉,土地,大坑段834-29地號,128.62,,山坡地保育區,農牧用地,1080723,土地2建物0車位0,,,其他,,,,0.0,0,0,0,有,無,68000,529,,0.0,0,,RPWNMLNJRHOFFBK96CA,0.0,0.0,0.0,,
苗栗市,房地(土地+建物)+車位,苗栗縣苗栗市北苗里２１鄰站後南路３３號五樓,24.0,住,,,1080722,土地1建物1車位1,五層,八層,華廈(10層含以下有電梯),住家用,鋼筋混凝土造,1010719,163.29000000000002,3,2,2,有,有,7300000,44706,一樓平面,0.0,0,,RPQNMLQJRHOFFBK66CA,85.12,0.0,12.39,,
大湖鄉,土地,水頭寮段525地號,12459.86,,山坡地保育區,林業用地,1080728,土地1建物0車位0,,,其他,,,,0.0,0,0,0,有,無,800000,64,,0.0,0,,RPPNMLQJRHOFFAK09CA,0.0,0.0,0.0,,
竹南鎮,房地(土地+建物)+車位,苗栗縣竹南鎮山佳里５鄰龍山路三段１５６巷８號,61.6,商,,,1080717,土地1建物1車位2,,,店面(店鋪),住家用,,,358.55,0,2,2,有,有,30920000,109508,坡道平面,94.46,2000000,車位總價中無法拆分個別車位價格,RPSNMLQJRHOFFDK07CA,0.0,0.0,0.0,,
竹南鎮,房地(土地+建物)+車位,苗栗縣竹南鎮山佳里５鄰龍山路三段１５０號１３樓之８,23.51,商,,,1080701,土地1建物1車位1,,,住宅大樓(11層含以上有電梯),住家用,,,168.62,3,2,2,有,有,6980000,49263,坡道平面,47.23,1000000,,RPTNMLQJRHOFFDK17CA,0.0,0.0,0.0,,
竹南鎮,房地(土地+建物),苗栗縣竹南鎮海口里９鄰光德路１６５號,141.77,住,,,1080706,土地2建物1車位0,全,四層,透天厝,住家用,鋼筋混凝土造,1050714,192.54,3,2,4,有,無,14580000,75725,,0.0,0,,RPWNMLNJRHOFFDK17CA,183.44,0.0,9.1,,
竹南鎮,房地(土地+建物),苗栗縣竹南鎮海口里３鄰育才路９２巷６號,72.0,住,,,1080701,土地1建物1車位0,全,三層,透天厝,住家用,鋼筋混凝土造,0921205,157.6,4,2,3,有,無,7500000,47589,,0.0,0,,RPTNMLNJRHOFFDK86CA,143.83,4.59,9.18,,
頭份市,房地(土地+建物),苗栗縣頭份市文化里１７鄰八德二路２７５巷２２弄１５號,95.52,住,,,1080703,土地4建物1車位0,全,四層,透天厝,其他,鋼筋混凝土造,0921225,195.4,5,2,4,有,無,9850000,50409,,0.0,0,,RPQNMLNJRHOFFFK76CA,179.04,10.6,5.76,,
銅鑼鄉,房地(土地+建物)+車位,苗栗縣銅鑼鄉永樂路６之７號二樓之一,54.11,住,,,1080702,土地2建物1車位1,二層,五層,華廈(10層含以下有電梯),住家用,見其他登記事項,1071105,135.75,3,2,2,有,有,6300000,46409,一樓平面,0.0,500000,,RPPNMLOLRHOFFEK86CA,89.13,0.0,7.88,,
頭份市,房地(土地+建物)+車位,苗栗縣頭份市東庄里２４鄰華美街１０６號六樓,30.44,住,,,1080717,土地1建物1車位1,六層,十層,華廈(10層含以下有電梯),住家用,鋼筋混凝土造,1051115,155.14,3,2,2,有,有,7100000,45765,一樓平面,0.0,0,,RPRNMLNJRHOFFFK86CA,94.01,0.0,9.76,,
頭份市,房地(土地+建物)+車位,苗栗縣頭份市文化里４鄰信義路３９５巷１８號五樓之１,36.54,住,,,1080710,土地1建物1車位1,五層,五層,華廈(10層含以下有電梯),住家用,鋼筋混凝土造,1070608,120.03999999999999,3,2,2,有,有,6380000,53149,一樓平面,0.0,0,,RPWNMLOJRHOFFFK47CA,77.41,0.0,8.34,,
頭份市,房地(土地+建物),苗栗縣頭份市土牛里７鄰中正路４１７巷５號,96.67,住,,,1080706,土地3建物1車位0,全,四層,透天厝,住家用,鋼筋混凝土造,1060807,227.9,5,2,4,有,無,11000000,48267,,0.0,0,,RPSNMLSKRHOFFFK57CA,220.04,4.63,3.23,,
頭份市,房地(土地+建物)+車位,苗栗縣頭份市蟠桃里１９鄰德義路１８９號８樓,31.54,住,,,1080711,土地1建物1車位1,八層,十二層,住宅大樓(11層含以上有電梯),住家用,鋼筋混凝土造,1031006,197.92000000000002,3,1,2,有,有,9250000,46736,坡道平面,30.24,0,,RPPNMLLLRHOFFFK66CA,107.78,2.25,11.02,,
竹南鎮,土地,大同段717地號,1131.04,商,,,1080715,土地1建物0車位0,,,其他,,,,0.0,0,0,0,有,無,106000000,93719,,0.0,0,,RPQNMLOJRHOFFDK66CA,0.0,0.0,0.0,,
通霄鎮,土地,北梅段871地號,88.99,,山坡地保育區,農牧用地,1080728,土地1建物0車位0,,,其他,,,,0.0,0,0,0,有,無,390000,4383,,0.0,0,,RPRNMLQJRHOFFCK86CA,0.0,0.0,0.0,,
苑裡鎮,房地(土地+建物)+車位,苗栗縣苑裡鎮西平里９鄰介壽路２００號七樓之８,32.89,住,,,1080723,土地1建物1車位1,七層,八層,華廈(10層含以下有電梯),住家用,鋼筋混凝土造,1080220,130.06,3,1,2,有,無,5800000,44595,坡道平面,0.0,0,,RPPNMLPLRHOFFCK76CA,70.64,0.0,3.61,,
公館鄉,房地(土地+建物),苗栗縣公館鄉五谷村１３鄰五谷８７之１３號,138.05,工,,,1080730,土地1建物1車位0,全,,透天厝,住工用,加強磚造,0790730,168.37,4,1,2,有,無,6700000,39793,,0.0,0,,RPSNMLPKJIOFFBK78CA,161.46,0.0,6.91,,
苗栗市,土地,聯大段434地號,17228.02,,山坡地保育區,農牧用地,1080719,土地1建物0車位0,,,其他,,,,0.0,0,0,0,有,無,24119228,1400,,0.0,0,,RPTNMLRKRHOFFBK17CA,0.0,0.0,0.0,,
苗栗市,房地(土地+建物),苗栗縣苗栗市維祥里１３鄰光華街１巷１弄７號,112.0,,鄉村區,乙種建築用地,1080714,土地1建物1車位0,全,二層,透天厝,住家用,加強磚造,,82.5,4,2,3,有,無,5700000,69091,,0.0,0,,RPPNMLSKRHOFFBK86CA,82.5,0.0,0.0,,
大湖鄉,房地(土地+建物),苗栗縣大湖鄉鴻福２１號三樓、鴻福２２號三樓,55.17,,山坡地保育區,丙種建築用地,1080703,土地1建物2車位0,三層,五層,公寓(5樓含以下無電梯),住家用,鋼筋混凝土造,0890106,122.5,2,1,1,有,無,3160000,25796,,0.0,0,,RPRNMLQJRHOFFAK66CA,92.88,0.0,9.1,,
公館鄉,房地(土地+建物),苗栗縣公館鄉館東村１６鄰興東街２３號,309.73,住,,,1080706,土地3建物1車位0,全,三層,透天厝,住家用,鋼筋混凝土造,1080119,269.27,4,3,6,有,無,16500000,61277,,0.0,0,包含公共設施保留地之交易。；,RPUNMLQJRHOFFBK07CA,248.58,0.0,20.69,,
苗栗市,房地(土地+建物),苗栗縣苗栗市縣府路１３５號五樓,17.69,商,,,1080728,土地1建物1車位0,五層,,公寓(5樓含以下無電梯),住家用,鋼筋混凝土造,0731111,70.19,2,2,1,有,無,2880000,41031,,0.0,0,含增建或未登記建物。；,RPPNMLRJRHOFFBK66CA,67.4,0.0,2.79,,
苗栗市,土地,文峰段618地號,4715.89,住,,,1080705,土地11建物0車位0,,,其他,,,,0.0,0,0,0,有,無,145800000,30917,,0.0,0,,RPTOMLSKRHOFFBK37CA,0.0,0.0,0.0,,
竹南鎮,土地,延平段83地號,264.03,工,,,1080729,土地1建物0車位0,,,其他,,,,0.0,0,0,0,有,無,11000000,41662,,0.0,0,,RPXNMLNJRHOFFDK27CA,0.0,0.0,0.0,,
竹南鎮,房地(土地+建物)+車位,苗栗縣竹南鎮新南里１鄰三平路９號十一樓,24.03,商,,,1080731,土地2建物1車位1,十一層,十四層,住宅大樓(11層含以上有電梯),住家用,鋼筋混凝土造,1040701,196.54000000000002,3,2,2,有,有,8350000,42485,坡道平面,23.62,0,,RPOOMLNJRHOFFDK09CA,120.11,0.0,10.14,,
竹南鎮,房地(土地+建物),苗栗縣竹南鎮崎頂里１７鄰仁愛路２２０１巷６弄１９號,69.53,,一般農業區,甲種建築用地,1080717,土地2建物1車位0,全,三層,透天厝,住家用,鋼筋混凝土造,0870820,113.18,3,2,2,有,無,4010000,35430,,0.0,0,,RPRNMLPJRHOFFDK86CA,97.92,7.63,7.63,,
竹南鎮,房地(土地+建物)+車位,苗栗縣竹南鎮佳興里２３鄰環市路三段５９０號十四樓之一,14.08,住,,,1080723,土地1建物1車位1,十四層,十五層,住宅大樓(11層含以上有電梯),住家用,鋼筋混凝土造,1011213,139.54000000000002,3,2,2,有,有,5800000,41565,坡道平面,0.0,0,,RPWNMLPJRHOFFDK37CA,71.53,6.23,13.42,,
後龍鎮,土地,龍南段723地號,173.0,住,,,1080702,土地4建物0車位0,,,其他,,,,0.0,0,0,0,有,無,4200000,24277,,0.0,0,,RPUNMLOJRHOFFDK07CA,0.0,0.0,0.0,,
竹南鎮,房地(土地+建物),苗栗縣竹南鎮新南里１２鄰維新路２６２巷６號,106.41,住,,,1080725,土地2建物1車位0,全,三層,透天厝,其他,鋼筋混凝土造,0950719,189.65,5,2,4,有,有,10680000,56314,,0.0,0,,RPPNMLPJRHOFFDK66CA,179.76,3.41,6.48,,
竹南鎮,房地(土地+建物),苗栗縣竹南鎮中正路９５號,70.0,住,,,1080709,土地2建物1車位0,全,二層,透天厝,住家用,加強磚造,0580415,124.03,4,2,4,有,無,7000000,56438,,0.0,0,含增建或未登記建物。；,RPSNMLKMRHOFFDK86DA,124.03,0.0,0.0,,
頭份市,房地(土地+建物)+車位,苗栗縣頭份市蟠桃里１４鄰信三街１２巷８號七樓,22.67,住,,,1080702,土地2建物1車位1,七層,九層,華廈(10層含以下有電梯),住家用,鋼筋混凝土造,0860129,164.61,3,2,2,有,有,4800000,29158,坡道平面,0.0,0,,RPSNMLQKRHOFFFK37CA,87.3,0.0,11.26,,
頭份市,房地(土地+建物)+車位,苗栗縣頭份市山下里８鄰翠亨路１５０號八樓,24.86,住,,,1080707,土地1建物1車位1,八層,十四層,住宅大樓(11層含以上有電梯),住家用,鋼筋混凝土造,1080416,164.62,3,2,2,有,有,6950000,44196,坡道平面,26.6,850000,交易內含機車位1個,RPOOMLPJRHOFFFK86CA,81.55,0.0,8.97,,
南庄鄉,土地,南埔段29地號,3083.44,,特定農業區,農牧用地,1080724,土地2建物0車位0,,,其他,,,,0.0,0,0,0,有,無,5000000,1622,,0.0,0,,RPTNMLOJRHOFFFK17CA,0.0,0.0,0.0,,
銅鑼鄉,房地(土地+建物),苗栗縣銅鑼鄉朝陽村２１鄰朝東１３５之３號,90.92,住,,,1080722,土地1建物1車位0,全,二層,透天厝,住家用,加強磚造,0810120,132.84,4,1,3,有,無,3500000,26347,,0.0,0,,RPPNMLOJRHOFFEK66CA,118.63,14.21,0.0,,
頭份市,房地(土地+建物),苗栗縣頭份市建國里１０鄰建國路８０巷７弄３０號,128.0,住,,,1080721,土地1建物1車位0,全,二層,透天厝,住家用,加強磚造,0770312,196.34,5,2,2,有,無,9650000,49149,,0.0,0,,RPRNMLQJRHOFFFK17CA,152.93,29.97,13.44,,
頭份市,房地(土地+建物)+車位,苗栗縣頭份市後庄里７鄰公北三路１２２號十二樓,17.0,商,,,1080708,土地2建物1車位1,十二層,十五層,住宅大樓(11層含以上有電梯),住家用,鋼筋混凝土造,1080114,193.53,4,2,2,有,無,11000000,60942,坡道平面,27.8,900000,,RPSOMLPJRHOFFFK27CA,99.33,3.01,9.28,,
頭份市,房地(土地+建物)+車位,苗栗縣頭份市後庄里７鄰公北三路１３０號十樓,15.11,商,,,1080728,土地2建物1車位1,十層,十五層,住宅大樓(11層含以上有電梯),住家用,鋼筋混凝土造,1080114,172.06,3,2,2,有,無,8980000,55317,坡道平面,27.8,1000000,,RPTOMLPJRHOFFFK37CA,84.65,2.13,9.77,,
頭份市,房地(土地+建物)+車位,苗栗縣頭份市後庄里７鄰公北三路１１８號十三樓,16.62,商,,,1080706,土地2建物1車位1,十三層,十五層,住宅大樓(11層含以上有電梯),住家用,鋼筋混凝土造,1080114,194.11,3,2,2,有,無,9860000,52673,坡道平面,27.8,1100000,,RPUOMLPJRHOFFFK47CA,94.21,8.64,8.94,,
頭份市,房地(土地+建物),苗栗縣頭份市蟠桃里１５鄰信三街１２８號,15.89,住,,,1080725,土地1建物1車位0,一層,六層,華廈(10層含以下有電梯),辦公用,見其他登記事項,0980825,60.95,3,2,1,有,有,3360000,55127,,0.0,0,,RPRNMLKMRHOFFFK86CA,35.82,0.0,3.88,,
竹南鎮,房地(土地+建物)+車位,苗栗縣竹南鎮大埔里２鄰大埔十街４６巷２號九樓之五,28.49,住,,,1080729,土地1建物1車位1,九層,十層,華廈(10層含以下有電梯),住家用,鋼筋混凝土造,1060825,134.07999999999998,2,1,1,有,有,5380000,45495,坡道平面,33.41,800000,此交易內含機車位1個，且價款已含入交易總價； 與（頭份市信義段移轉面積2.08㎡）併同辦理,RPPNMLKKRHOFFDK88CA,58.48,0.0,7.22,,
竹南鎮,土地,海口段港子墘小段41-2地號,154.86,都市：其他:滯洪池用地,,,1080701,土地4建物0車位0,,,其他,,,,0.0,0,0,0,有,無,743350,4800,,0.0,0,協議價購,RPTOMLMJIIOFFDK68CA,0.0,0.0,0.0,,
竹南鎮,土地,海口段港子墘小段41-2地號,154.86,都市：其他:滯洪池用地,,,1080701,土地4建物0車位0,,,其他,,,,0.0,0,0,0,有,無,743350,4800,,0.0,0,協議價購,RPUOMLMJIIOFFDK78CA,0.0,0.0,0.0,,
竹南鎮,土地,海口段港子墘小段39-11地號,117.93,都市：其他:滯洪池用地,,,1080701,土地2建物0車位0,,,其他,,,,0.0,0,0,0,有,無,566057,4800,,0.0,0,協議價購,RPRPMLMJIIOFFDK58CA,0.0,0.0,0.0,,
竹南鎮,土地,海口段港子墘小段39-11地號,117.93,都市：其他:滯洪池用地,,,1080701,土地2建物0車位0,,,其他,,,,0.0,0,0,0,有,無,566057,4800,,0.0,0,協議價購,RPSPMLMJIIOFFDK68CA,0.0,0.0,0.0,,
竹南鎮,土地,海口段港子墘小段38-70地號,357.0,都市：其他:滯洪池用地,,,1080701,土地1建物0車位0,,,其他,,,,0.0,0,0,0,有,無,1713600,4800,,0.0,0,協議價購,RPTPMLMJIIOFFDK78CA,0.0,0.0,0.0,,
竹南鎮,土地,海口段港子墘小段38-68地號,357.0,都市：其他:滯洪池用地,,,1080701,土地1建物0車位0,,,其他,,,,0.0,0,0,0,有,無,1713600,4800,,0.0,0,協議價購,RPUPMLMJIIOFFDK88CA,0.0,0.0,0.0,,
竹南鎮,土地,海口段港子墘小段38-71地號,357.0,都市：其他:滯洪池用地,,,1080701,土地1建物0車位0,,,其他,,,,0.0,0,0,0,有,無,1713600,4800,,0.0,0,協議價購,RPWPMLMJIIOFFDK09CA,0.0,0.0,0.0,,
竹南鎮,土地,海口段港子墘小段38-1地號,286.0,都市：其他:滯洪池用地,,,1080701,土地1建物0車位0,,,其他,,,,0.0,0,0,0,有,無,1372800,4800,,0.0,0,協議價購,RPQQMLMJIIOFFDK58CA,0.0,0.0,0.0,,
竹南鎮,土地,海口段港子墘小段38-69地號,357.0,都市：其他:滯洪池用地,,,1080701,土地1建物0車位0,,,其他,,,,0.0,0,0,0,有,無,1713600,4800,,0.0,0,協議價購,RPRQMLMJIIOFFDK68CA,0.0,0.0,0.0,,
竹南鎮,土地,海口段港子墘小段38-67地號,285.0,都市：其他:滯洪池用地,,,1080701,土地1建物0車位0,,,其他,,,,0.0,0,0,0,有,無,1368000,4800,,0.0,0,協議價購,RPSQMLMJIIOFFDK78CA,0.0,0.0,0.0,,
竹南鎮,土地,海口段港子墘小段39-15地號,532.0,都市：其他:滯洪池用地,,,1080701,土地4建物0車位0,,,其他,,,,0.0,0,0,0,有,無,2553600,4800,,0.0,0,協議價購,RPTQMLMJIIOFFDK88CA,0.0,0.0,0.0,,
竹南鎮,土地,海口段港子墘小段38-16地號,99.0,都市：其他:滯洪池用地,,,1080701,土地1建物0車位0,,,其他,,,,0.0,0,0,0,有,無,475200,4800,,0.0,0,協議價購,RPUQMLMJIIOFFDK98CA,0.0,0.0,0.0,,
竹南鎮,土地,海口段港子墘小段38-13地號,177.0,都市：其他:滯洪池用地,,,1080701,土地1建物0車位0,,,其他,,,,0.0,0,0,0,有,無,849600,4800,,0.0,0,協議價購,RPVQMLMJIIOFFDK09CA,0.0,0.0,0.0,,
竹南鎮,土地,海口段港子墘小段39-15地號,984.0,都市：其他:滯洪池用地,,,1080701,土地4建物0車位0,,,其他,,,,0.0,0,0,0,有,無,4723200,4800,,0.0,0,協議價購,RPXQMLMJIIOFFDK66CA,0.0,0.0,0.0,,
竹南鎮,土地,海口段港子墘小段38-11地號,88.0,都市：其他:滯洪池用地,,,1080701,土地1建物0車位0,,,其他,,,,0.0,0,0,0,有,無,422400,4800,,0.0,0,協議價購,RPORMLMJIIOFFDK48CA,0.0,0.0,0.0,,
竹南鎮,土地,海口段港子墘小段38-66地號,285.0,都市：其他:滯洪池用地,,,1080701,土地1建物0車位0,,,其他,,,,0.0,0,0,0,有,無,1368000,4800,,0.0,0,協議價購,RPTSMLMJIIOFFDK09CA,0.0,0.0,0.0,,
竹南鎮,土地,海口段港子墘小段38-10地號,334.93,都市：其他:滯洪池用地,,,1080701,土地3建物0車位0,,,其他,,,,0.0,0,0,0,有,無,1607657,4800,,0.0,0,協議價購,RPUNMLNJIIOFFDK78CA,0.0,0.0,0.0,,
苑裡鎮,土地,文山段263地號,114.71,住,,,1080727,土地1建物0車位0,,,其他,,,,0.0,0,0,0,有,無,4580000,39927,,0.0,0,,RPRNMLOJRHOFFCK66CA,0.0,0.0,0.0,,
苑裡鎮,土地,文山段270地號,446.05,住,,,1080706,土地4建物0車位0,,,其他,,,,0.0,0,0,0,有,無,16190400,36297,,0.0,0,,RPPNMLTJRHOFFCK96CA,0.0,0.0,0.0,,
苑裡鎮,土地,文山段271地號,111.53,住,,,1080706,土地1建物0車位0,,,其他,,,,0.0,0,0,0,有,無,4047600,36292,,0.0,0,,SPPNMLTJRHOFFCK07CA,0.0,0.0,0.0,,
大湖鄉,土地,南湖段1336-192地號,14511.0,,山坡地保育區,林業用地,1080731,土地5建物0車位0,,,其他,,,,0.0,0,0,0,有,無,1200000,83,,0.0,0,,RPPNMLPJRHOFFAK98CA,0.0,0.0,0.0,,
頭屋鄉,土地,外獅潭段1384地號,1250.0,,特定農業區,農牧用地,1080720,土地1建物0車位0,,,其他,,,,0.0,0,0,0,有,無,4158000,3326,,0.0,0,,RPSNMLTJRHOFFBK17CA,0.0,0.0,0.0,,
卓蘭鎮,房地(土地+建物),苗栗縣卓蘭鎮內灣里１８鄰東盛９之７號,111.44,,特定農業區,甲種建築用地,1080714,土地1建物1車位0,全,三層,透天厝,住家用,鋼筋混凝土造,0860612,177.68,4,3,3,有,無,4200000,23638,,0.0,0,賣方賣清,RPSNMLQJRHOFFAK76CA,166.16,0.0,11.52,,
獅潭鄉,土地,銑櫃段1173地號,549.44,,山坡地保育區,丙種建築用地,1080706,土地1建物0車位0,,,其他,,,,0.0,0,0,0,有,無,1662100,3025,,0.0,0,,RPPNMLLKRHOFFAK68CA,0.0,0.0,0.0,,
公館鄉,土地,館陽段111地號,165.06,住,,,1080714,土地1建物0車位0,,,其他,,,,0.0,0,0,0,有,無,6800000,41197,,0.0,0,,RPPNMLLLRHOFFBK88CA,0.0,0.0,0.0,,
竹南鎮,土地,海口段港子墘小段39-20地號,75.23,都市：其他:滯洪池用地,,,1080701,土地5建物0車位0,,,其他,,,,0.0,0,0,0,有,無,361120,4800,,0.0,0,協議價購,RPPRMLMJIIOFFDK58CA,0.0,0.0,0.0,,
竹南鎮,土地,海口段港子墘小段38-10地號,217.0,都市：其他:滯洪池用地,,,1080701,土地1建物0車位0,,,其他,,,,0.0,0,0,0,有,無,1041600,4800,,0.0,0,協議價購,RPWQMLMJIIOFFDK56CA,0.0,0.0,0.0,,
竹南鎮,土地,海口段港子墘小段41-2地號,154.86,都市：其他:滯洪池用地,,,1080701,土地4建物0車位0,,,其他,,,,0.0,0,0,0,有,無,743350,4800,,0.0,0,協議價購,RPVOMLMJIIOFFDK88CA,0.0,0.0,0.0,,
竹南鎮,土地,海口段港子墘小段41-2地號,619.46,都市：其他:滯洪池用地,,,1080701,土地4建物0車位0,,,其他,,,,0.0,0,0,0,有,無,2973400,4800,,0.0,0,協議價購,RPWOMLMJIIOFFDK98CA,0.0,0.0,0.0,,
竹南鎮,土地,海口段港子墘小段41-2地號,154.86,都市：其他:滯洪池用地,,,1080701,土地4建物0車位0,,,其他,,,,0.0,0,0,0,有,無,743350,4800,,0.0,0,協議價購,RPXOMLMJIIOFFDK09CA,0.0,0.0,0.0,,
竹南鎮,土地,海口段港子墘小段41-2地號,98.51,都市：其他:滯洪池用地,,,1080701,土地4建物0車位0,,,其他,,,,0.0,0,0,0,有,無,472840,4800,,0.0,0,協議價購,RPOPMLMJIIOFFDK28CA,0.0,0.0,0.0,,
竹南鎮,土地,海口段港子墘小段41-2地號,98.51,都市：其他:滯洪池用地,,,1080701,土地4建物0車位0,,,其他,,,,0.0,0,0,0,有,無,472840,4800,,0.0,0,協議價購,RPPPMLMJIIOFFDK38CA,0.0,0.0,0.0,,
後龍鎮,房地(土地+建物),苗栗縣後龍鎮南龍里１９鄰金龍新村９號,75.0,住,,,1080729,土地2建物1車位0,全,二層,透天厝,住家用,見其他登記事項,0660318,96.3,0,0,0,無,無,3500000,36345,,0.0,0,,RPPNMLTLRHOFFDK27CA,96.3,0.0,0.0,,
頭份市,房地(土地+建物),苗栗縣頭份市蘆竹里５鄰永貞路一段２０５號,148.0,工,,,1080723,土地2建物1車位0,全,二層,透天厝,工業用,見其他登記事項,,145.34,2,3,3,有,無,8000000,55043,,0.0,0,親友、員工或其他特殊關係間之交易。；,RPQNMLMKRHOFFFK76CA,145.34,0.0,0.0,,
頭份市,房地(土地+建物)+車位,苗栗縣頭份市後庄里７鄰公園三街１１１號十樓,14.57,商,,,1080715,土地1建物1車位2,十層,十五層,住宅大樓(11層含以上有電梯),住家用,鋼筋混凝土造,1070606,175.84,4,2,2,有,有,7730000,50084,坡道平面,44.46,1150000,,RPRPMLKKRHOFFFK86CA,90.32,0.0,8.8,,
頭份市,房地(土地+建物),苗栗縣頭份市新華里１０鄰中正一路１７號,178.33,住,,,1080719,土地1建物1車位0,全,二層,透天厝,住家用,鋼筋混凝土造,0701231,232.15,4,2,3,有,無,6500000,27999,,0.0,0,親友、員工或其他特殊關係間之交易。；,RPTNMLTJRHOFFFK67CA,232.15,0.0,0.0,,
頭份市,房地(土地+建物)+車位,苗栗縣頭份市後庄里７鄰中央路７５１號五樓,15.33,商,,,1080727,土地1建物1車位1,五層,十五層,住宅大樓(11層含以上有電梯),住家用,鋼筋混凝土造,1070606,174.3,3,2,2,有,有,7800000,52130,坡道平面,39.06,750000,,RPPNMLTJRHOFFFK27CA,97.29,0.0,7.12,,
三義鄉,房地(土地+建物),苗栗縣三義鄉雙草湖５５之２號,97.95,住,,,1080723,土地1建物1車位0,全,四層,透天厝,住家用,鋼筋混凝土造,0850226,196.46,4,3,3,有,無,3200000,16288,,0.0,0,,RPRNMLTJRHOFFEK37CA,188.08,0.0,8.38,,
頭份市,房地(土地+建物)+車位,苗栗縣頭份市民權里６鄰光華街５６號,29.23,住,,,1080715,土地1建物1車位1,一層,十二層,住宅大樓(11層含以上有電梯),住家用,鋼筋混凝土造,1051208,148.76999999999998,2,2,2,有,有,5180000,34819,坡道平面,0.0,0,,RPRNMLKKRHOFFFK66CA,62.51,0.0,10.88,,
竹南鎮,房地(土地+建物),苗栗縣竹南鎮龍山里７鄰龍泉街５７號,98.48,住,,,1080726,土地2建物1車位0,全,四層,透天厝,住家用,鋼筋混凝土造,0870905,192.4,4,2,3,有,無,7370000,38306,,0.0,0,,RPVNMLTJRHOFFDK67CA,173.05,19.35,0.0,,
竹南鎮,土地,海口段港子墘小段41-2地號,98.51,都市：其他:滯洪池用地,,,1080701,土地4建物0車位0,,,其他,,,,0.0,0,0,0,有,無,472840,4800,,0.0,0,協議價購,RPQPMLMJIIOFFDK48CA,0.0,0.0,0.0,,
竹南鎮,土地,海口段港子墘小段39-11地號,117.93,都市：其他:滯洪池用地,,,1080701,土地2建物0車位0,,,其他,,,,0.0,0,0,0,有,無,566057,4800,,0.0,0,協議價購,RPXPMLMJIIOFFDK56CA,0.0,0.0,0.0,,
竹南鎮,土地,海口段港子墘小段39-11地號,117.93,都市：其他:滯洪池用地,,,1080701,土地2建物0車位0,,,其他,,,,0.0,0,0,0,有,無,566057,4800,,0.0,0,協議價購,RPOQMLMJIIOFFDK38CA,0.0,0.0,0.0,,
竹南鎮,土地,海口段港子墘小段39-11地號,117.93,都市：其他:滯洪池用地,,,1080701,土地2建物0車位0,,,其他,,,,0.0,0,0,0,有,無,566057,4800,,0.0,0,協議價購,RPPQMLMJIIOFFDK48CA,0.0,0.0,0.0,,
竹南鎮,土地,海口段港子墘小段39-11地號,117.93,都市：其他:滯洪池用地,,,1080701,土地2建物0車位0,,,其他,,,,0.0,0,0,0,有,無,566057,4800,,0.0,0,協議價購,RPVPMLMJIIOFFDK98CA,0.0,0.0,0.0,,
竹南鎮,土地,海口段港子墘小段39-20地號,3.76,都市：其他:滯洪池用地,,,1080701,土地5建物0車位0,,,其他,,,,0.0,0,0,0,有,無,18056,4802,,0.0,0,協議價購,RPQRMLMJIIOFFDK68CA,0.0,0.0,0.0,,
竹南鎮,土地,海口段港子墘小段39-20地號,3.76,都市：其他:滯洪池用地,,,1080701,土地5建物0車位0,,,其他,,,,0.0,0,0,0,有,無,18056,4802,,0.0,0,協議價購,RPRRMLMJIIOFFDK78CA,0.0,0.0,0.0,,
竹南鎮,土地,海口段港子墘小段39-20地號,7.52,都市：其他:滯洪池用地,,,1080701,土地5建物0車位0,,,其他,,,,0.0,0,0,0,有,無,36112,4802,,0.0,0,協議價購,RPSRMLMJIIOFFDK88CA,0.0,0.0,0.0,,
竹南鎮,土地,海口段港子墘小段39-20地號,15.05,都市：其他:滯洪池用地,,,1080701,土地5建物0車位0,,,其他,,,,0.0,0,0,0,有,無,72224,4799,,0.0,0,協議價購,RPTRMLMJIIOFFDK98CA,0.0,0.0,0.0,,
竹南鎮,土地,海口段港子墘小段39-20地號,18.81,都市：其他:滯洪池用地,,,1080701,土地5建物0車位0,,,其他,,,,0.0,0,0,0,有,無,90280,4800,,0.0,0,協議價購,RPURMLMJIIOFFDK09CA,0.0,0.0,0.0,,
竹南鎮,土地,海口段港子墘小段41-2地號,98.51,都市：其他:滯洪池用地,,,1080701,土地4建物0車位0,,,其他,,,,0.0,0,0,0,有,無,472840,4800,,0.0,0,協議價購,RPQSMLMJIIOFFDK78CA,0.0,0.0,0.0,,
竹南鎮,土地,海口段港子墘小段39-11地號,825.5,都市：其他:滯洪池用地,,,1080701,土地2建物0車位0,,,其他,,,,0.0,0,0,0,有,無,3962400,4800,,0.0,0,協議價購,RPRSMLMJIIOFFDK88CA,0.0,0.0,0.0,,
竹南鎮,房地(土地+建物),苗栗縣竹南鎮大埔里１９鄰五福新村３８號,67.51,,鄉村區,乙種建築用地,1080722,土地1建物1車位0,全,二層,透天厝,住家用,加強磚造,0700821,95.04,4,2,2,有,無,2800000,29461,,0.0,0,賣方補貼新台幣貳拾萬元給買方整修房屋。,RPPNMLPJIIOFFDK48CA,95.04,0.0,0.0,,
苗栗市,房地(土地+建物)+車位,苗栗縣苗栗市恭敬里１０鄰中正路１１５２號六樓之一,11.49,商,,,1080717,土地2建物1車位1,六層,十一層,住宅大樓(11層含以上有電梯),辦公用,鋼筋混凝土造,0840601,103.06,1,1,1,有,有,3000000,29109,坡道平面,0.0,0,,RPVNMLRLRHOFFBK47CA,68.82,0.0,0.0,,
苗栗市,土地,文發段1295地號,832.83,住,,,1080707,土地3建物0車位0,,,其他,,,,0.0,0,0,0,有,無,30582500,36721,,0.0,0,,RPTNMLLKRHOFFBK56CA,0.0,0.0,0.0,,
苗栗市,房地(土地+建物),苗栗縣苗栗市南勢里１１鄰坪頂西１２２號,98.96,,山坡地保育區,丙種建築用地,1080715,土地1建物1車位0,全,二層,透天厝,住家用,加強磚造,,149.41,4,3,2,有,無,3000000,20079,,0.0,0,,RPRNMLLKRHOFFBK98CA,132.53,16.88,0.0,,
卓蘭鎮,土地,豐田段99-1地號,2543.92,,一般農業區,農牧用地,1080705,土地2建物0車位0,,,其他,,,,0.0,0,0,0,有,無,8500000,3341,,0.0,0,,RPPNMLRKRHOFFAK66CA,0.0,0.0,0.0,,
通霄鎮,房地(土地+建物),苗栗縣通霄鎮內湖里１６鄰北勢窩４０號,38.5,,鄉村區,乙種建築用地,1080701,土地1建物1車位0,全,二層,透天厝,住家用,鋼筋混凝土造,,62.1,4,2,2,有,無,1500000,24155,,0.0,0,二等親屬間買賣,RPRNMLNLRHOFFCK76CA,62.1,0.0,0.0,,
通霄鎮,土地,土城段1026-1地號,127.5,,山坡地保育區,丙種建築用地,1080701,土地1建物0車位0,,,其他,,,,0.0,0,0,0,有,無,771375,6050,,0.0,0,二等親屬間買賣,SPRNMLNLRHOFFCK86CA,0.0,0.0,0.0,,
苑裡鎮,土地,新興段1087-5地號,114.71,住,,,1080718,土地2建物0車位0,,,其他,,,,0.0,0,0,0,有,無,6940000,60500,,0.0,0,,RPQOMLMJIIOFFCK28CA,0.0,0.0,0.0,,
苑裡鎮,土地,新興段1075-1地號,13.52,住,,,1080718,土地1建物0車位0,,,其他,,,,0.0,0,0,0,有,無,818000,60503,,0.0,0,,RPROMLMJIIOFFCK38CA,0.0,0.0,0.0,,
頭份市,房地(土地+建物)+車位,苗栗縣頭份市後庄里７鄰公北三路１２２號十五樓,17.0,商,,,1080708,土地4建物1車位1,十五層,十五層,住宅大樓(11層含以上有電梯),住家用,鋼筋混凝土造,1080114,193.53,4,2,2,有,無,11390000,62089,坡道平面,27.8,1100000,,RPUNMLTKRHOFFFK87CA,99.32,3.0,9.28,,
頭份市,房地(土地+建物),苗栗縣頭份市興隆里３鄰興隆路一段１８６巷１０號,1002.98,,山坡地保育區,農牧用地,1080706,土地1建物1車位0,一層,一層,其他,農業用,加強磚造,1070604,35.2,0,0,0,無,無,5680000,161364,,0.0,0,農業資材室,RPQPMLKKRHOFFFK76CA,35.2,0.0,0.0,,
三義鄉,土地,魚藤坪段489-3地號,111.0,,山坡地保育區,特定目的事業用地,1080731,土地1建物0車位0,,,其他,,,,0.0,0,0,0,有,無,23310,210,,0.0,0,,RPRNMLRLRHOFFEK47DA,0.0,0.0,0.0,,
竹南鎮,房地(土地+建物),苗栗縣竹南鎮山佳里２６鄰店仔１９０號四樓之六,40.53,住,,,1080725,土地1建物1車位0,四層,五層,華廈(10層含以下有電梯),住家用,鋼筋混凝土造,1060306,128.71,3,2,2,有,有,5640000,43819,,0.0,0,,RPWNMLMKRHOFFDK17CA,93.47,0.0,7.87,,
竹南鎮,土地,海口段港子墘小段41-2地號,985.08,都市：其他:滯洪池用地,,,1080701,土地4建物0車位0,,,其他,,,,0.0,0,0,0,有,無,4728400,4800,,0.0,0,協議價購,RPSSMLMJIIOFFDK98CA,0.0,0.0,0.0,,
竹南鎮,土地,海口段港子墘小段39-20地號,75.23,都市：其他:滯洪池用地,,,1080701,土地5建物0車位0,,,其他,,,,0.0,0,0,0,有,無,361120,4800,,0.0,0,協議價購,RPUSMLMJIIOFFDK56CA,0.0,0.0,0.0,,
竹南鎮,土地,海口段港子墘小段39-20地號,37.62,都市：其他:滯洪池用地,,,1080701,土地5建物0車位0,,,其他,,,,0.0,0,0,0,有,無,180560,4800,,0.0,0,協議價購,RPVRMLMJIIOFFDK56CA,0.0,0.0,0.0,,
竹南鎮,土地,海口段港子墘小段39-20地號,18.81,都市：其他:滯洪池用地,,,1080701,土地5建物0車位0,,,其他,,,,0.0,0,0,0,有,無,90280,4800,,0.0,0,協議價購,RPWRMLMJIIOFFDK66CA,0.0,0.0,0.0,,
竹南鎮,土地,海口段港子墘小段39-20地號,12.98,都市：其他:滯洪池用地,,,1080701,土地3建物0車位0,,,其他,,,,0.0,0,0,0,有,無,62320,4801,,0.0,0,協議價購,RPXRMLMJIIOFFDK76CA,0.0,0.0,0.0,,
竹南鎮,土地,海口段港子墘小段39-20地號,7.52,都市：其他:滯洪池用地,,,1080701,土地5建物0車位0,,,其他,,,,0.0,0,0,0,有,無,36112,4802,,0.0,0,協議價購,RPOSMLMJIIOFFDK58CA,0.0,0.0,0.0,,
竹南鎮,土地,海口段港子墘小段39-18地號,62.25,都市：其他:滯洪池用地,,,1080701,土地2建物0車位0,,,其他,,,,0.0,0,0,0,有,無,298800,4800,,0.0,0,協議價購,RPPSMLMJIIOFFDK68CA,0.0,0.0,0.0,,
公館鄉,土地,中義段122-2地號,1350.22,,特定農業區,農牧用地,1080704,土地1建物0車位0,,,其他,,,,0.0,0,0,0,有,無,4020000,2977,,0.0,0,含增建或未登記建物。；,RPVNMLQLRHOFFBK37CA,0.0,0.0,0.0,,
公館鄉,土地,中義段122-3地號,1350.22,,特定農業區,農牧用地,1080704,土地1建物0車位0,,,其他,,,,0.0,0,0,0,有,無,2380000,1763,,0.0,0,,RPWNMLQLRHOFFBK47CA,0.0,0.0,0.0,,
苑裡鎮,建物,苗栗縣苑裡鎮房裡里４鄰介壽路５１之６號,0.0,,,,1080715,土地0建物1車位0,全,四層,透天厝,住家用,鋼筋混凝土造,1061017,175.3,5,2,5,有,無,5060000,28865,,0.0,0,,RPQNMLMKRHOFFCK09CA,175.3,0.0,0.0,,
苑裡鎮,土地,苑西段1233地號,1545.9,住,,,1080730,土地3建物0車位0,,,其他,,,,0.0,0,0,0,有,無,37410780,24200,,0.0,0,,RPQNMLKKRHOFFCK88CA,0.0,0.0,0.0,,
苑裡鎮,土地,苑西段1232地號,418.79,都市：其他:道路用地,,,1080730,土地1建物0車位0,,,其他,,,,0.0,0,0,0,有,無,6491245,15500,,0.0,0,,SPQNMLKKRHOFFCK98CA,0.0,0.0,0.0,,
苑裡鎮,房地(土地+建物),苗栗縣苑裡鎮新復里１鄰新復６之２號,793.39,,特定農業區,甲種建築用地,1080730,土地1建物1車位0,一層，二層，三層，見其他登記事項,三層,廠辦,住家用,見其他登記事項,1030512,1378.13,3,3,2,有,無,46000000,33379,,0.0,0,親友、員工或其他特殊關係間之交易。；,RPVNMLNJIIOFFCK78CA,1378.13,0.0,0.0,,
苗栗市,房地(土地+建物)+車位,苗栗縣苗栗市北苗里８鄰自治路５６７巷８０號三樓之一,41.91,住,,,1080729,土地1建物1車位1,三層,七層,華廈(10層含以下有電梯),住家用,鋼筋混凝土造,1080509,187.69,3,2,2,有,無,8800000,46886,一樓平面,0.0,0,,RPVPMLMKRHOFFBK07CA,109.58,0.0,11.48,,
泰安鄉,土地,南洗水段1539-6地號,3115.0,,山坡地保育區,農牧用地,1080727,土地1建物0車位0,,,其他,,,,0.0,0,0,0,有,無,1500000,482,,0.0,0,,RPRNMLRKRHOFFAK86CA,0.0,0.0,0.0,,
竹南鎮,房地(土地+建物),苗栗縣竹南鎮新南里１７鄰八德一路１７６號,381.54,住,,,1080706,土地1建物1車位0,一層，騎樓,一層,店面(店鋪),商業用,見其他登記事項,0870518,249.38,0,0,0,無,無,27700000,111075,,0.0,0,土地建物為兩人持有.房屋為一衛浴一個辦公室其餘無隔間.,RPXNMLMKRHOFFDK27CA,249.38,0.0,0.0,,
竹南鎮,房地(土地+建物)+車位,苗栗縣竹南鎮照南里２７鄰自強街５１號九樓之三,50.36,住,,,1080721,土地1建物1車位2,九層,十四層,住宅大樓(11層含以上有電梯),住家用,鋼筋混凝土造,1050325,298.71000000000004,4,2,3,有,有,16750000,63657,坡道平面,67.0,2000000,,RPSNMLTKRHOFFDK47CA,136.99,0.0,20.54,,
竹南鎮,房地(土地+建物),苗栗縣竹南鎮港墘里９鄰光武街８６巷６號,172.64,農,,,1080730,土地4建物1車位0,全,三層,透天厝,住家用,鋼筋混凝土造,1020827,170.24,3,3,3,有,無,7450000,43762,,0.0,0,,RPXNMLQKRHOFFDK67CA,157.18,0.0,13.06,,
竹南鎮,房地(土地+建物),苗栗縣竹南鎮中美里１４鄰澎湖厝２２之１號,112.0,,特定農業區,甲種建築用地,1080725,土地2建物1車位0,全,四層,透天厝,住家用,鋼筋混凝土造,0850516,211.77,4,3,3,有,無,5000000,23611,,0.0,0,,RPRNMLQLRHOFFDK17CA,204.07,0.0,7.7,,
竹南鎮,房地(土地+建物)+車位,苗栗縣竹南鎮南大路１９０巷２９號３樓,59.91,住,,,1080728,土地1建物1車位2,三層,五層,華廈(10層含以下有電梯),住家用,鋼筋混凝土造,1040521,177.6,3,2,2,有,有,7800000,43919,一樓平面,0.0,0,1.買方負擔增值稅金額12892元,RPPNMLTJRHOFFDK37CD,102.22,0.0,11.35,,
頭份市,土地,雙喜段535地號,317.43,,山坡地保育區,農牧用地,1080703,土地1建物0車位0,,,其他,,,,0.0,0,0,0,有,無,320000,1008,,0.0,0,1親友、員工或其他特殊關係間之交易。；,RPPNMLPJIIOFFFK68CA,0.0,0.0,0.0,,
頭份市,房地(土地+建物)+車位,苗栗縣頭份市東庄里１９鄰富強二街１２號十四樓,20.36,住,,,1080715,土地1建物1車位1,十四層,十四層,住宅大樓(11層含以上有電梯),住家用,鋼筋混凝土造,1080806,129.15,2,2,1,有,有,4500000,39123,坡道平面,38.41,950000,,RPVNMLKLRHOFFFK17CA,55.3,2.13,5.46,,
頭份市,房地(土地+建物)+車位,苗栗縣頭份市東庄里１９鄰富強二街２２號十一樓,20.36,住,,,1080708,土地1建物1車位1,十一層,十四層,住宅大樓(11層含以上有電梯),住家用,鋼筋混凝土造,1080806,127.93,2,2,1,有,有,4430000,38902,坡道平面,37.19,900000,,RPQOMLKLRHOFFFK76CA,55.3,2.13,5.46,,
頭份市,房地(土地+建物)+車位,苗栗縣頭份市東庄里１９鄰富強二街６號九樓,28.15,住,,,1080729,土地1建物1車位1,九層,十四層,住宅大樓(11層含以上有電梯),住家用,鋼筋混凝土造,1080806,162.38,3,2,2,有,有,6060000,40818,坡道平面,37.19,950000,,RPPNMLKLRHOFFFK56CA,76.48,1.66,8.59,,
頭份市,房地(土地+建物)+車位,苗栗縣頭份市東庄里１９鄰富強二街３６號六樓,28.15,住,,,1080715,土地1建物1車位1,六層,十五層,住宅大樓(11層含以上有電梯),住家用,鋼筋混凝土造,1080806,163.83999999999997,3,2,2,有,有,6100000,40663,坡道平面,37.19,950000,,RPUOMLKLRHOFFFK17CA,77.02,1.66,9.09,,
頭份市,房地(土地+建物),苗栗縣頭份市蟠桃里６鄰信三街５５巷１０號,121.28,住,,,1080719,土地4建物1車位0,全,五層,透天厝,住家用,鋼筋混凝土造,1051214,331.9,5,2,5,有,無,20000000,60259,,0.0,0,,RPQNMLTKRHOFFFK47CA,298.92,8.55,24.43,,
頭份市,土地,興埔段698-5地號,9.9,,山坡地保育區,林業用地,1080711,土地1建物0車位0,,,其他,,,,0.0,0,0,0,有,無,41860,4228,,0.0,0,,RPPOMLRKRHOFFFK27CA,0.0,0.0,0.0,,
頭份市,房地(土地+建物)+車位,苗栗縣頭份市後庄里２１鄰公北二路３１號十樓,15.71,商,,,1080714,土地1建物1車位1,十層,十四層,住宅大樓(11層含以上有電梯),住家用,鋼筋混凝土造,1041211,148.64,3,2,2,有,有,8200000,55167,坡道機械,9.96,0,,RPPNMLTKRHOFFFK37CA,85.26,2.66,8.28,,
頭份市,房地(土地+建物),苗栗縣頭份市上興里１５鄰永昌街９巷８號三樓,19.09,,山坡地保育區,丙種建築用地,1080731,土地1建物1車位0,三層,七層,華廈(10層含以下有電梯),住家用,鋼筋混凝土造,0860827,73.67,2,2,1,有,有,1700000,23076,,0.0,0,,RPTNMLRKRHOFFFK57CA,53.41,0.0,7.91,,
頭份市,土地,藤坪段1187地號,1999.89,,特定農業區,農牧用地,1080705,土地2建物0車位0,,,其他,,,,0.0,0,0,0,有,無,4234790,2118,,0.0,0,出售價格偏低係因位於高鐵橋旁，且出賣人夫妻年事已高須雇請外勞，經家人商議決定出售。,RPXNMLOKIIOFFFK86CA,0.0,0.0,0.0,,
頭份市,土地,光華段1430地號,31.85,商,,,1080722,土地1建物0車位0,,,其他,,,,0.0,0,0,0,有,無,2898669,91010,,0.0,0,,RPRNMLNLRHOFFFK07CA,0.0,0.0,0.0,,
頭份市,土地,光華段1431地號,22.88,商,,,1080722,土地1建物0車位0,,,其他,,,,0.0,0,0,0,有,無,2082309,91010,,0.0,0,,RPTNMLNLRHOFFFK27CA,0.0,0.0,0.0,,
竹南鎮,房地(土地+建物)+車位,苗栗縣竹南鎮頂埔里２鄰中華路１９１巷１７弄５５號三樓之一,33.68,住,,,1080710,土地1建物1車位1,三層,五層,華廈(10層含以下有電梯),住家用,鋼筋混凝土造,1031119,125.41,3,2,2,有,有,4860000,38753,一樓平面,0.0,0,,RPPNMLQLKIOFFDK98CA,74.97,0.0,6.95,,
卓蘭鎮,房地(土地+建物),苗栗縣卓蘭鎮內灣３７之８號,70.44,,鄉村區,乙種建築用地,1080731,土地1建物1車位0,全,三層,透天厝,住家用,鋼筋混凝土造,0860110,154.8,4,3,3,有,無,3250000,20995,,0.0,0,,RPQNMLRKRHOFFAK76CA,147.87,0.0,6.93,,
通霄鎮,土地,內湖西段355地號,584.55,,鄉村區,乙種建築用地,1080723,土地2建物0車位0,,,其他,,,,0.0,0,0,0,有,無,8841000,15124,,0.0,0,,RPRNMLSKRHOFFCK17CA,0.0,0.0,0.0,,
公館鄉,房地(土地+建物),苗栗縣公館鄉館南村２鄰民權街７號四樓之一,32.07,住,,,1080713,土地1建物1車位0,四層,五層,華廈(10層含以下有電梯),住家用,鋼筋混凝土造,1080614,92.78,2,1,1,有,無,4380000,47208,,0.0,0,,RPVNMLSKRHOFFBK47CA,54.74,0.0,6.87,,
苗栗市,房地(土地+建物),苗栗縣苗栗市水源里２５鄰陽明１２５號,137.0,,鄉村區,乙種建築用地,1080723,土地1建物1車位0,全,二層,透天厝,住家用,加強磚造,,98.44,3,2,2,有,無,2900000,29460,,0.0,0,,RPSNMLNLRHOFFBK76CA,98.44,0.0,0.0,,
竹南鎮,房地(土地+建物),苗栗縣竹南鎮新南里１２鄰維新路２６２巷２弄１號,118.41,住,,,1080723,土地2建物1車位0,全,三層,透天厝,其他,鋼筋混凝土造,0950719,192.62,4,2,3,有,無,9000000,46724,,0.0,0,,RPQNMLKLRHOFFDK09CA,183.2,3.2,6.22,,
頭份市,土地,東庄段675地號,200.52,工,,,1080725,土地1建物0車位0,,,其他,,,,0.0,0,0,0,有,無,12000000,59844,,0.0,0,含增建或未登記建物。；,RPWNMLRKRHOFFFK87CA,0.0,0.0,0.0,,
造橋鄉,土地,劍潭段349地號,320.11,,鄉村區,乙種建築用地,1080729,土地2建物0車位0,,,其他,,,,0.0,0,0,0,有,無,6300000,19681,,0.0,0,含未辦保存登記建物一戶,RPRNMLSKRHOFFDK27CA,0.0,0.0,0.0,,
苗栗市,房地(土地+建物)+車位,苗栗縣苗栗市綠苗里１７鄰博愛街１０７號六樓之一,15.86,住,,,1080714,土地1建物1車位1,六層,十層,華廈(10層含以下有電梯),住家用,鋼筋混凝土造,0830601,106.07000000000001,2,2,1,有,有,3450000,32529,坡道平面,0.0,0,,RPVNMLRJIIOFFBK09CA,69.8,0.0,10.04,,
苗栗市,房地(土地+建物)+車位,苗栗縣苗栗市文山里１７鄰自治路４０８巷９３號六樓之二,28.48,住,,,1080710,土地2建物1車位1,六層,十層,華廈(10層含以下有電梯),住家用,鋼筋混凝土造,1080318,154.97,3,2,2,有,有,6600000,42589,坡道平面,21.97,0,,RPTNMLTJIIOFFBK09CA,82.63,0.0,7.9,,
竹南鎮,房地(土地+建物),苗栗縣竹南鎮頂埔里３鄰４４號,232.28,住,,,1080725,土地1建物1車位0,全,二層,透天厝,住家用,加強磚造,0690501,126.96,3,1,1,有,無,5500000,43321,,0.0,0,親友、員工或其他特殊關係間之交易。；,RPPNMLKLRHOFFDK98CA,126.96,0.0,0.0,,
竹南鎮,房地(土地+建物),苗栗縣竹南鎮開元里３鄰平等街一段６２號六樓之五,12.01,商,,,1080729,土地1建物1車位0,六層,十五層,住宅大樓(11層含以上有電梯),住家用,鋼筋混凝土造,1030929,98.85000000000001,3,2,2,有,有,4180000,42286,,0.0,0,,RPROMLNJIIOFFDK58CA,64.91,2.43,5.56,,
頭份市,房地(土地+建物)+車位,苗栗縣頭份市東庄里１９鄰富強二街８號五樓,28.15,住,,,1080715,土地1建物1車位1,五層,十四層,住宅大樓(11層含以上有電梯),住家用,鋼筋混凝土造,1080806,162.36,3,2,2,有,有,5850000,39546,坡道平面,37.19,900000,,RPWOMLKLRHOFFFK37CA,76.46,1.66,8.59,,
頭份市,房地(土地+建物)+車位,苗栗縣頭份市東庄里１９鄰富強二街８號七樓,28.15,住,,,1080708,土地1建物1車位1,七層,十四層,住宅大樓(11層含以上有電梯),住家用,鋼筋混凝土造,1080806,162.36,3,2,2,有,有,5960000,40026,坡道平面,37.19,950000,,RPXOMLKLRHOFFFK47CA,76.46,1.66,8.59,,
頭份市,房地(土地+建物)+車位,苗栗縣頭份市東庄里１９鄰富強二街３６號九樓,28.15,住,,,1080701,土地1建物1車位1,九層,十五層,住宅大樓(11層含以上有電梯),住家用,鋼筋混凝土造,1080806,163.83999999999997,3,2,2,有,有,6130000,40900,坡道平面,37.19,950000,,RPTQMLKLRHOFFFK27CA,77.02,1.66,9.09,,
頭份市,房地(土地+建物)+車位,苗栗縣頭份市東庄里１９鄰富強二街３６號五樓,28.15,住,,,1080715,土地1建物1車位1,五層,十五層,住宅大樓(11層含以上有電梯),住家用,鋼筋混凝土造,1080806,162.75,3,2,2,有,有,5950000,39874,坡道平面,36.1,900000,,RPXPMLKLRHOFFFK57CA,77.02,1.66,9.09,,
造橋鄉,房地(土地+建物),苗栗縣造橋鄉朝陽村３鄰朝陽路１０８號,123.58,,特定農業區,甲種建築用地,1080725,土地1建物1車位0,全,三層,透天厝,住家用,加強磚造,0690810,338.58,2,2,2,有,無,4600000,13586,,0.0,0,,RPVNMLTKRHOFFDK77CA,338.58,0.0,0.0,,
竹南鎮,房地(土地+建物),苗栗縣竹南鎮海口里２２鄰育才路２３巷１弄５號,85.56,住,,,1080730,土地2建物1車位0,全,三層,透天厝,住家用,鋼筋混凝土造,0880624,156.67,4,2,3,有,無,6600000,42127,,0.0,0,,RPQNMLTLRHOFFDK37CA,153.72,0.0,2.95,,
竹南鎮,房地(土地+建物),苗栗縣竹南鎮中華里１９鄰博愛街２８７巷２０號,81.2,住,,,1080730,土地1建物1車位0,全,四層,透天厝,住家用,鋼筋混凝土造,0940726,186.15,3,2,3,有,無,10000000,53720,,0.0,0,,RPVNMLKMRHOFFDK07CA,165.41,7.67,13.07,,
苑裡鎮,土地,新復南段386地號,1570.86,,特定農業區,農牧用地,1080703,土地1建物0車位0,,,其他,,,,0.0,0,0,0,有,無,5220000,3323,,0.0,0,,RPTNMLOKIIOFFCK78CA,0.0,0.0,0.0,,
苗栗市,房地(土地+建物),苗栗縣苗栗市維新里６鄰新庄街３２５號,629.0,,特定農業區,農牧用地,1080729,土地1建物1車位0,一層，二層,,農舍,農業用,鋼筋混凝土造,0770912,211.4,6,2,3,有,無,15000000,,,0.0,0,,RPSNMLLJIIOFFBK18CA,189.4,0.0,22.0,,
竹南鎮,房地(土地+建物),苗栗縣竹南鎮中華里１６鄰萬大街７８號四樓之六,255.82,住,,,1080719,土地2建物32車位0,四層,五層,套房(1房1廳1衛),住家用,鋼筋混凝土造,0961112,833.51,0,0,0,無,無,30000000,35992,,0.0,0,,RPPNMLNLRHOFFDK66CA,535.88,5.04,60.54,,
頭份市,房地(土地+建物)+車位,苗栗縣頭份市頭份里１２鄰中正路２６８之１號三樓,56.01,住,,,1080726,土地2建物1車位1,三層,七層,華廈(10層含以下有電梯),住家用,鋼筋混凝土造,1051020,214.58,3,2,2,有,無,7700000,35884,坡道平面,15.63,0,,RPRNMLTJIIOFFFK66CA,114.5,2.43,12.0,,
三義鄉,土地,雙連潭段827-9地號,9142.0,,山坡地保育區,農牧用地,1080724,土地1建物0車位0,,,其他,,,,0.0,0,0,0,有,無,4150000,454,,0.0,0,親友、員工或其他特殊關係間之交易。；,RPPNMLQKIIOFFEK78CA,0.0,0.0,0.0,,
頭份市,土地,興隆段上埔小段77地號,49.0,住,,,1080720,土地1建物0車位0,,,其他,,,,0.0,0,0,0,有,無,1000000,20408,,0.0,0,因分割.面積增加2.11坪.買方另付2.11坪價金新台幣166010元,RPSNMLRLRHOFFFK57CA,0.0,0.0,0.0,,
竹南鎮,房地(土地+建物),苗栗縣竹南鎮崎頂里１鄰天祥街二段５４７巷３９弄２號,191.45,,一般農業區,甲種建築用地,1080726,土地1建物1車位0,全,三層,透天厝,住家用,鋼筋混凝土造,1070619,181.84,3,2,4,有,無,9500000,52244,,0.0,0,,RPXNMLOKIIOFFDK66CA,174.45,0.0,7.39,,
獅潭鄉,土地,獅潭段永興小段75-2地號,3821.0,,山坡地保育區,農牧用地,1080715,土地2建物0車位0,,,其他,,,,0.0,0,0,0,有,無,1951980,511,,0.0,0,二等親屬特殊關係間之交易。（母子）受債權債務關係影響之交易。親友、員工或其他特殊關係間之交易。；受債權債務影響或債務抵償之交易。；,RPPNMLOLRHOFFAK09CA,0.0,0.0,0.0,,
竹南鎮,土地,新山佳段425-5地號,12.02,住,,,1080716,土地1建物0車位0,,,其他,,,,0.0,0,0,0,有,無,318500,26498,,0.0,0,畸零地或有合併使用之交易。；,RPVNMLLKJIOFFDK88CA,0.0,0.0,0.0,,
銅鑼鄉,土地,芎蕉灣段369-1地號,74.2,,山坡地保育區,丙種建築用地,1080729,土地1建物0車位0,,,其他,,,,0.0,0,0,0,有,無,71364,962,,0.0,0,未辦繼承土地標售移轉,RPPNMLRLRHOFFEK27DA,0.0,0.0,0.0,,
銅鑼鄉,土地,芎蕉灣段369-2地號,220.23,,山坡地保育區,丙種建築用地,1080729,土地1建物0車位0,,,其他,,,,0.0,0,0,0,有,無,159090,722,,0.0,0,未辦繼承土地標售移轉,SPPNMLRLRHOFFEK37DA,0.0,0.0,0.0,,
頭份市,房地(土地+建物),苗栗縣頭份市東庄里１１鄰中央路７８巷５弄３２號,100.56,住,,,1080718,土地4建物1車位0,全,四層,透天厝,住家用,鋼筋混凝土造,1070208,260.22,5,3,5,有,有,14500000,55722,,0.0,0,,RPVNMLPLRHOFFFK67CA,247.45,0.0,12.77,,
竹南鎮,房地(土地+建物),苗栗縣竹南鎮港墘里１６鄰光德路８６巷１００號,79.23,住,,,1080706,土地2建物1車位0,全,四層,透天厝,住家用,鋼筋混凝土造,1080119,183.02,4,2,4,有,無,9600000,52453,,0.0,0,,RPXNMLQLRHOFFDK77CA,173.77,0.0,9.25,,
通霄鎮,土地,內湖西段239-2地號,12.47,,,,1080718,土地1建物0車位0,,,其他,,,,0.0,0,0,0,有,無,113165,9075,,0.0,0,畸零地或有合併使用之交易。；,RPSNMLMJIIOFFCK38CA,0.0,0.0,0.0,,
公館鄉,土地,出礦坑段265-1地號,7377.2,,山坡地保育區,林業用地,1080724,土地1建物0車位0,,,其他,,,,0.0,0,0,0,有,無,7377200,1000,,0.0,0,親友、員工或其他特殊關係間之交易。；,RPRNMLMLIIOFFBK38CA,0.0,0.0,0.0,,
公館鄉,土地,出礦坑段265-3地號,1003.7,,山坡地保育區,林業用地,1080724,土地1建物0車位0,,,其他,,,,0.0,0,0,0,有,無,1003760,1000,,0.0,0,親友、員工或其他特殊關係間之交易。；,RPSNMLMLIIOFFBK48CA,0.0,0.0,0.0,,
公館鄉,土地,出礦坑段265-4地號,148.8,,山坡地保育區,暫未編定,1080724,土地1建物0車位0,,,其他,,,,0.0,0,0,0,有,無,148800,1000,,0.0,0,親友、員工或其他特殊關係間之交易。；,RPTNMLMLIIOFFBK58CA,0.0,0.0,0.0,,
苗栗市,房地(土地+建物),苗栗縣苗栗市南勢里１３鄰欣欣１７號,83.85,,鄉村區,乙種建築用地,1080709,土地1建物1車位0,全,二層,透天厝,住家用,加強磚造,,103.7,4,1,2,有,無,3550000,34233,,0.0,0,含增建或未登記建物。；,RPPOMLRJIIOFFBK58CA,103.7,0.0,0.0,,
卓蘭鎮,房地(土地+建物),苗栗縣卓蘭鎮內灣里１１鄰內灣１２２之２號,1025.78,,山坡地保育區,農牧用地,1080722,土地1建物1車位0,一層，二層,二層,農舍,農業用,鋼筋混凝土造,0910326,192.93,4,2,2,有,無,13880000,,,0.0,0,,RPQNMLRLRHOFFAK86CA,169.98,0.0,22.95,,
竹南鎮,土地,新山佳段425-2地號,5.87,住,,,1080716,土地1建物0車位0,,,其他,,,,0.0,0,0,0,有,無,155500,26491,,0.0,0,畸零地或有合併使用之交易。；,RPUNMLRKIIOFFDK66CA,0.0,0.0,0.0,,
頭份市,土地,尖下段926地號,424.66,,特定農業區,丁種建築用地,1080723,土地2建物0車位0,,,其他,,,,0.0,0,0,0,有,無,9200000,21664,,0.0,0,含增建或未登記建物。；,RPRNMLLJIIOFFFK48CA,0.0,0.0,0.0,,
頭份市,房地(土地+建物)+車位,苗栗縣頭份市後庄里２１鄰公園七街２９號八樓,15.79,商,,,1080728,土地1建物1車位1,八層,十四層,住宅大樓(11層含以上有電梯),住家用,鋼筋混凝土造,1041211,148.26,3,2,2,有,有,7880000,53150,坡道機械,9.96,0,,RPPNMLNJIIOFFFK48CA,76.62,7.74,11.3,,
頭份市,房地(土地+建物)+車位,苗栗縣頭份市山下里８鄰翠亨路１６０號六樓,26.5,住,,,1080714,土地1建物1車位2,六層,十四層,住宅大樓(11層含以上有電梯),住家用,鋼筋混凝土造,1080416,197.52,3,2,2,有,有,8150000,43003,坡道平面,51.03,1850000,交易內含機車位1個,RPWNMLRLRHOFFFK97CA,87.28,0.0,8.98,,
竹南鎮,房地(土地+建物),苗栗縣竹南鎮港墘里１７鄰仁德路２５９巷３８弄５６號,116.02,住,,,1080721,土地3建物1車位0,全,四層,透天厝,住家用,鋼筋混凝土造,1051228,233.42,4,3,5,有,無,12800000,54837,,0.0,0,,RPSOMLNJIIOFFDK68CA,212.66,0.0,11.97,,
通霄鎮,房地(土地+建物),苗栗縣通霄鎮通西里２３鄰福德路６５巷４２號,82.8,住,,,1080726,土地1建物1車位0,全,三層,透天厝,住家用,鋼筋混凝土造,0811008,165.87,5,2,3,有,無,6000000,36173,,0.0,0,,RPPOMLMJIIOFFCK18CA,165.87,0.0,0.0,,
竹南鎮,房地(土地+建物),苗栗縣竹南鎮聖福里２２鄰照南路１８４巷３弄２２號,111.28,住,,,1080728,土地7建物1車位0,全,四層,透天厝,住家用,鋼筋混凝土造,0810226,188.47,5,2,3,有,無,6550000,34754,,0.0,0,,RPRNMLOKIIOFFDK68CA,182.09,0.0,6.38,,
竹南鎮,房地(土地+建物),苗栗縣竹南鎮海口里２２鄰育才路２３巷５弄６號,93.0,住,,,1080729,土地2建物1車位0,全,四層,透天厝,住家用,鋼筋混凝土造,0950119,161.63,4,2,3,有,無,7200000,44546,,0.0,0,,RPPOMLSKIIOFFDK98CA,156.44,3.36,1.83,,
頭份市,房地(土地+建物),苗栗縣頭份市自強里１鄰忠孝一路２２０巷９號,64.0,住,,,1080725,土地1建物1車位0,全,三層,透天厝,住家用,鋼筋混凝土造,1030514,135.2,5,2,3,有,無,8680000,64201,,0.0,0,,RPPNMLSJIIOFFFK98CA,103.42,0.0,31.78,,
銅鑼鄉,土地,老雞隆段968-4地號,222.0,,山坡地保育區,丙種建築用地,1080731,土地1建物0車位0,,,其他,,,,0.0,0,0,0,有,無,310800,1400,,0.0,0,親友、員工或其他特殊關係間之交易。；,RPQNMLMJIIOFFEK38CA,0.0,0.0,0.0,,
竹南鎮,房地(土地+建物)+車位,苗栗縣竹南鎮山佳里５鄰正義街８０號,92.78,商,,,1080708,土地1建物1車位1,一層，二層,十五層,店面(店鋪),住商用,鋼筋混凝土造,1051208,439.67,0,2,2,有,有,35300000,87402,坡道平面,47.23,1000000,,RPQNMLOKIIOFFDK58CA,315.3,0.0,37.69,,
苗栗市,房地(土地+建物),苗栗縣苗栗市北苗里２８鄰北安街１７６號,33.56,商,,,1080702,土地1建物2車位0,二層,十層,華廈(10層含以下有電梯),商業用,鋼筋混凝土造,0870930,265.04999999999995,2,2,4,有,無,11600000,43765,,0.0,0,,RPSNMLPKIIOFFBK68CA,151.92,0.0,11.25,,
大湖鄉,土地,南湖段804-65地號,5076.38,,山坡地保育區,農牧用地,1080719,土地3建物0車位0,,,其他,,,,0.0,0,0,0,有,無,3000000,591,,0.0,0,,RPPNMLPKIIOFFAK28CA,0.0,0.0,0.0,,
公館鄉,土地,大坑段718-4地號,51747.0,,山坡地保育區,林業用地,1080707,土地3建物0車位0,,,其他,,,,0.0,0,0,0,有,無,4500000,87,,0.0,0,,RPQNMLQJIIOFFBK48CA,0.0,0.0,0.0,,
竹南鎮,房地(土地+建物),苗栗縣竹南鎮港墘里１７鄰仁德路２５９巷３８弄５０號,116.02,住,,,1080707,土地3建物1車位0,全,四層,透天厝,住家用,鋼筋混凝土造,1051228,233.42,4,3,5,有,有,12800000,54837,,0.0,0,,RPPNMLLKIIOFFDK18CA,212.66,0.0,11.97,,
頭份市,房地(土地+建物)+車位,苗栗縣頭份市東庄里１９鄰富強二街１８號三樓,28.15,住,,,1080729,土地1建物1車位1,三層,十四層,住宅大樓(11層含以上有電梯),住家用,鋼筋混凝土造,1080806,162.36,3,2,2,有,有,5750000,37951,坡道平面,37.2,1000000,,RPOPMLKMIIOFFFK58CA,76.46,1.66,8.59,,
公館鄉,房地(土地+建物),苗栗縣公館鄉館南村８鄰館南２３６號,1416.93,農,,,1080703,土地4建物1車位0,一層,一層,其他,住家用,木造,,85.0,7,2,3,有,無,38520000,453176,,0.0,0,建物為一樓平房雙方約定為買地送屋建物不計價.,RPSNMLRJIIOFFBK78CA,85.0,0.0,0.0,,
公館鄉,土地,館福段250地號,192.29,都市：農,,,1080703,土地2建物0車位0,,,其他,,,,0.0,0,0,0,有,無,1160000,6033,,0.0,0,,RPTNMLRJIIOFFBK88CA,0.0,0.0,0.0,,
通霄鎮,土地,雲天段565地號,103.18,,鄉村區,乙種建築用地,1080710,土地1建物0車位0,,,其他,,,,0.0,0,0,0,有,無,300000,2908,,0.0,0,未另立私契，增值稅由買方繳納含增建或未登記建物。；,RPPNMLMLIIOFFCK28CA,0.0,0.0,0.0,,
三灣鄉,房地(土地+建物),苗栗縣三灣鄉三灣村３鄰中正路２１７號,146.56,商,,,1080723,土地2建物1車位0,全,二層,透天厝,住家用,加強磚造,0600501,120.32,4,2,3,有,無,4670000,38813,,0.0,0,,RPPNMLMKIIOFFFK48CA,120.32,0.0,0.0,,
頭份市,房地(土地+建物)+車位,苗栗縣頭份市東庄里１９鄰富強二街２２號十三樓,20.36,住,,,1080722,土地1建物1車位1,十三層,十四層,住宅大樓(11層含以上有電梯),住家用,鋼筋混凝土造,1080806,127.93,2,2,1,有,有,4400000,38576,坡道平面,37.2,900000,,RPXNMLLMIIOFFFK76CA,55.3,2.13,5.46,,
頭份市,房地(土地+建物)+車位,苗栗縣頭份市東庄里１９鄰富強二街３０號五樓,28.15,住,,,1080729,土地1建物1車位1,五層,十五層,住宅大樓(11層含以上有電梯),住家用,鋼筋混凝土造,1080806,163.92,3,2,2,有,有,6000000,39852,坡道平面,37.2,950000,,RPTOMLLMIIOFFFK09CA,77.1,1.66,9.09,,
銅鑼鄉,土地,褔興段275-1地號,1.2,住,,,1080702,土地1建物0車位0,,,其他,,,,0.0,0,0,0,有,無,31944,26620,,0.0,0,,RPPNMLRKIIOFFEK88CA,0.0,0.0,0.0,,
銅鑼鄉,土地,褔興段274-1地號,39.47,住,,,1080702,土地1建物0車位0,,,其他,,,,0.0,0,0,0,有,無,1050691,26620,,0.0,0,,RPQNMLRKIIOFFEK98CA,0.0,0.0,0.0,,
頭份市,房地(土地+建物)+車位,苗栗縣頭份市東庄里１９鄰富強二街５２號二樓,30.54,住,,,1080722,土地1建物1車位1,,十五層,住宅大樓(11層含以上有電梯),住家用,鋼筋混凝土造,1080806,169.26,3,2,2,有,有,6250000,39755,坡道平面,37.2,1000000,,RPRPMLLMIIOFFFK98CA,80.77,0.0,10.67,,
頭份市,房地(土地+建物)+車位,苗栗縣頭份市山下里８鄰翠亨路１５８號五樓,26.57,住,,,1080714,土地1建物1車位1,,十四層,住宅大樓(11層含以上有電梯),住家用,鋼筋混凝土造,1080416,176.0,3,2,2,有,有,7250000,42863,坡道平面,29.02,950000,交易內含機車位1個,RPOOMLSJIIOFFFK98CA,87.3,0.0,9.3,,
南庄鄉,土地,田尾段736-14地號,427.0,,山坡地保育區,丙種建築用地,1080706,土地2建物0車位0,,,其他,,,,0.0,0,0,0,有,無,4200000,9836,,0.0,0,含增建或未登記建物。；,RPQNMLQJIIOFFFK88CA,0.0,0.0,0.0,,
大湖鄉,土地,義和西段87地號,2164.8,,山坡地保育區,林業用地,1080723,土地3建物0車位0,,,其他,,,,0.0,0,0,0,有,無,680000,314,,0.0,0,,RPSNMLSKIIOFFAK88CA,0.0,0.0,0.0,,
竹南鎮,土地,海口段港子墘小段39-20地號,15.05,都市：其他:滯洪池用地,,,1080701,土地5建物0車位0,,,其他,,,,0.0,0,0,0,有,無,72224,4799,,0.0,0,協議價購,RPUNMLSLIIOFFDK86CA,0.0,0.0,0.0,,
銅鑼鄉,房地(土地+建物),苗栗縣銅鑼鄉２４鄰民生路１４號,11187.0,,工業區,丁種建築用地,1080731,土地8建物3車位0,一層，二層，三層，防空避難室，見其他登記事項,三層,工廠,辦公用,鋼筋混凝土造,0801013,17866.7,0,0,0,無,無,320000000,,,0.0,0,,RPPNMLPKIIOFFEK68CA,17761.69,20.58,84.43,,
苑裡鎮,土地,中溝段772地號,2641.2,,特定農業區,農牧用地,1080723,土地5建物0車位0,,,其他,,,,0.0,0,0,0,有,無,3500000,1325,,0.0,0,產權持分,RPOOMLTJIIOFFCK78CA,0.0,0.0,0.0,,
頭份市,房地(土地+建物)+車位,苗栗縣頭份市東庄里１９鄰富強二街１８號十一樓,28.15,住,,,1080701,土地1建物1車位1,十一層,十四層,住宅大樓(11層含以上有電梯),住家用,鋼筋混凝土造,1080806,162.36,3,2,2,有,有,5880000,39390,坡道平面,37.2,950000,,RPPRMLLMIIOFFFK98CA,76.46,1.66,8.59,,
公館鄉,土地,麻齊寮段340-12地號,128.0,住,,,1080707,土地1建物0車位0,,,其他,,,,0.0,0,0,0,有,無,3680000,28750,,0.0,0,,RPSNMLQKIIOFFBK78CA,0.0,0.0,0.0,,
頭份市,房地(土地+建物)+車位,苗栗縣頭份市民生街４２號二樓,17.25,住,,,1080714,土地1建物1車位1,二層,十二層,住宅大樓(11層含以上有電梯),住家用,鋼筋混凝土造,1080910,123.35,2,2,1,有,有,4410000,38217,坡道平面,35.43,1050000,土地及建物分次登記案件。前案土地登記收件字號：；,RPUTMLLMIIOFFFK07CA,55.34,0.0,3.71,,
頭份市,土地,中央段572地號,13.06,住,,,1080728,土地1建物0車位0,,,其他,,,,0.0,0,0,0,有,無,3480000,266462,,0.0,0,畸零地或有合併使用之交易。；,RPQNMLRKIIOFFFK09CA,0.0,0.0,0.0,,
頭份市,土地,中央段574地號,139.81,住,,,1080728,土地1建物0車位0,,,其他,,,,0.0,0,0,0,有,無,21000000,150204,,0.0,0,含增建或未登記建物。；,RPRNMLRKIIOFFFK56CA,0.0,0.0,0.0,,
公館鄉,房地(土地+建物),苗栗縣公館鄉福星村１１鄰福星１４３號,79.0,,特定農業區,甲種建築用地,1080729,土地1建物1車位0,全,,透天厝,住家用,鋼筋混凝土造,0850601,159.62,4,1,3,有,無,3000000,18795,,0.0,0,,RPXNMLOJJIOFFBK56DA,151.71,0.0,7.91,,
大湖鄉,土地,百壽段488地號,2051.06,,山坡地保育區,農牧用地,1080725,土地1建物0車位0,,,其他,,,,0.0,0,0,0,有,無,3280000,1599,,0.0,0,,RPPNMLTKIIOFFAK68CA,0.0,0.0,0.0,,
後龍鎮,土地,龍椅段297地號,1198.02,住,,,1080730,土地1建物0車位0,,,其他,,,,0.0,0,0,0,有,無,38052000,31762,,0.0,0,,RPQOMLLKJIOFFDK48CA,0.0,0.0,0.0,,
頭份市,房地(土地+建物)+車位,苗栗縣頭份市山下里８鄰翠亨路１６０號七樓,26.5,住,,,1080721,土地1建物1車位1,七層,十四層,住宅大樓(11層含以上有電梯),住家用,鋼筋混凝土造,1080416,173.09,3,2,2,有,有,7270000,43823,坡道平面,26.6,850000,交易內含機車位1個,RPOOMLLLIIOFFFK48CA,87.28,0.0,8.98,,
頭份市,房地(土地+建物)+車位,苗栗縣頭份市東庄里１９鄰富強二街３６號三樓,28.15,住,,,1080701,土地1建物1車位1,三層,十五層,住宅大樓(11層含以上有電梯),住家用,鋼筋混凝土造,1080806,163.83999999999997,3,2,2,有,有,6000000,39877,坡道平面,37.2,950000,,RPQTMLLMIIOFFFK66CA,77.02,1.66,9.09,,
竹南鎮,房地(土地+建物)+車位,苗栗縣竹南鎮開元里１０鄰迎薰南路１４１號四樓,27.08,住,,,1080702,土地2建物1車位1,四層,七層,華廈(10層含以下有電梯),住家用,鋼筋混凝土造,1080620,103.78999999999999,3,2,1,有,有,4800000,46247,一樓平面,0.0,0,,RPROMLKMIIOFFDK58CA,52.76,0.0,2.7,,
頭份市,土地,隆興段317地號,2879.25,住,,,1080718,土地3建物0車位0,,,其他,,,,0.0,0,0,0,有,無,95200000,33064,,0.0,0,,RPSNMLOLIIOFFFK09CA,0.0,0.0,0.0,,
三灣鄉,房地(土地+建物),苗栗縣三灣鄉三灣村１７鄰三灣２９號,2500.01,農,,,1080717,土地2建物1車位0,全,一層,透天厝,住家用,見其他登記事項,0450115,139.61,0,0,0,無,無,14500000,103861,,0.0,0,本案總價1450萬，因被毗鄰及水溝占用故另折讓45萬元整。,RPSNMLPKJIOFFFK56CA,139.61,0.0,0.0,,
頭份市,房地(土地+建物),苗栗縣頭份市文化里１３鄰信東路二段１８３號,144.21,住,,,1080711,土地2建物1車位0,全,五層,透天厝,住家用,鋼筋混凝土造,1080730,350.2,4,2,3,有,無,30000000,85665,,0.0,0,,RPPNMLPKJIOFFFK88CA,305.92,0.0,44.28,,
卓蘭鎮,房地(土地+建物),苗栗縣卓蘭鎮民族路１１號,113.28,住,,,1080725,土地1建物1車位0,全,二層,透天厝,住家用,鋼筋混凝土造,0791101,146.22,4,1,2,有,無,3600000,24620,,0.0,0,包含道路用地持分1/3,RPPNMLPLIIOFFAK38CA,146.22,0.0,0.0,,
西湖鄉,土地,二湖段1871地號,60.48,,特定農業區,農牧用地,1080718,土地3建物0車位0,,,其他,,,,0.0,0,0,0,有,無,180000,2976,,0.0,0,登記名義人4人,RPSNMLMLJIOFFEK88CA,0.0,0.0,0.0,,
頭份市,土地,信義段47地號,1599.35,農,,,1080731,土地1建物0車位0,,,其他,,,,0.0,0,0,0,有,無,63913500,39962,,0.0,0,,RPSNMLTLIIOFFFK96CA,0.0,0.0,0.0,,
頭份市,土地,信義段48地號,242.52,農,,,1080731,土地1建物0車位0,,,其他,,,,0.0,0,0,0,有,無,2934400,12100,,0.0,0,,RPTNMLTLIIOFFFK07CA,0.0,0.0,0.0,,
頭份市,土地,信義段49地號,243.25,農,,,1080731,土地1建物0車位0,,,其他,,,,0.0,0,0,0,有,無,2943200,12099,,0.0,0,,RPUNMLTLIIOFFFK17CA,0.0,0.0,0.0,,
頭份市,房地(土地+建物)+車位,苗栗縣頭份市東庄里１９鄰富強二街３６號十二樓,28.15,住,,,1080722,土地1建物1車位1,十二層,十五層,住宅大樓(11層含以上有電梯),住家用,鋼筋混凝土造,1080806,163.83999999999997,3,2,2,有,有,6220000,41219,坡道平面,37.2,1000000,,RPOOMLMJJIOFFFK48CA,77.02,1.66,9.09,,
頭份市,房地(土地+建物)+車位,苗栗縣頭份市東庄里１９鄰富強二街３８號八樓,28.15,住,,,1080708,土地1建物1車位1,八層,十五層,住宅大樓(11層含以上有電梯),住家用,鋼筋混凝土造,1080806,163.93,3,2,2,有,有,6200000,41032,坡道平面,37.2,1000000,,RPQOMLMJJIOFFFK68CA,77.11,1.66,9.09,,
竹南鎮,房地(土地+建物)+車位,苗栗縣竹南鎮開元里１０鄰迎薰南路１２６號四樓,37.75,住,,,1080706,土地1建物1車位1,四層,七層,華廈(10層含以下有電梯),住家用,鋼筋混凝土造,1080327,158.8,3,2,2,有,有,6550000,46925,坡道平面,37.33,850000,,RPTNMLMJJIOFFDK68CA,76.19,0.0,7.21,,
竹南鎮,房地(土地+建物)+車位,苗栗縣竹南鎮開元里１０鄰迎薰南路１３２號四樓,38.03,住,,,1080713,土地1建物1車位1,四層,七層,華廈(10層含以下有電梯),住家用,鋼筋混凝土造,1080327,158.72,3,2,2,有,有,6780000,48851,坡道平面,37.33,850000,,RPUNMLMJJIOFFDK78CA,76.61,0.0,7.16,,
大湖鄉,房地(土地+建物),苗栗縣大湖鄉八寮灣１６號,176.53,,特定農業區,甲種建築用地,1080726,土地1建物1車位0,全,二層,透天厝,住家用,加強磚造,0690915,91.2,5,2,3,有,無,4800000,52632,,0.0,0,,RPPNMLMKJIOFFAK08CA,91.2,0.0,0.0,,
竹南鎮,房地(土地+建物)+車位,苗栗縣竹南鎮開元里１０鄰迎薰南路１３６號三樓,37.75,住,,,1080728,土地1建物1車位1,三層,七層,華廈(10層含以下有電梯),住家用,鋼筋混凝土造,1080327,157.7,3,2,2,有,有,6850000,49846,坡道平面,37.33,850000,,RPQNMLTJJIOFFDK09CA,75.98,0.0,7.08,,
竹南鎮,房地(土地+建物)+車位,苗栗縣竹南鎮開元里１０鄰迎薰南路１３６號五樓,37.75,住,,,1080727,土地1建物1車位1,五層,七層,華廈(10層含以下有電梯),住家用,鋼筋混凝土造,1080327,157.7,3,2,2,有,有,6660000,48268,坡道平面,37.33,850000,,RPRNMLTJJIOFFDK56CA,75.98,0.0,7.08,,
頭份市,房地(土地+建物)+車位,苗栗縣頭份市山下里８鄰翠亨路１４６號九樓,24.82,住,,,1080713,土地1建物1車位1,九層,十四層,住宅大樓(11層含以上有電梯),住家用,鋼筋混凝土造,1080416,164.17000000000002,3,2,2,有,有,7200000,45428,坡道平面,26.6,950000,交易內含機車位1個,RPUNMLPJJIOFFFK66CA,81.53,0.0,8.67,,
竹南鎮,土地,海口段港子墘小段41-2地號,98.51,都市：其他:滯洪池用地,,,1080701,土地4建物0車位0,,,其他,,,,0.0,0,0,0,有,無,472840,4800,,0.0,0,協議價購,RPTNMLNJKIOFFDK88CA,0.0,0.0,0.0,,
竹南鎮,土地,海口段港子墘小段39-20地號,20.06,都市：其他:滯洪池用地,,,1080701,土地5建物0車位0,,,其他,,,,0.0,0,0,0,有,無,96299,4801,,0.0,0,協議價購,RPWNMLNJKIOFFDK56CA,0.0,0.0,0.0,,
竹南鎮,土地,海口段港子墘小段39-20地號,75.23,都市：其他:滯洪池用地,,,1080701,土地5建物0車位0,,,其他,,,,0.0,0,0,0,有,無,361120,4800,,0.0,0,協議價購,RPXNMLNJKIOFFDK66CA,0.0,0.0,0.0,,
竹南鎮,土地,海口段港子墘小段41-2地號,492.54,都市：其他:滯洪池用地,,,1080701,土地4建物0車位0,,,其他,,,,0.0,0,0,0,有,無,2364200,4800,,0.0,0,協議價購,RPPOMLNJKIOFFDK58CA,0.0,0.0,0.0,,
竹南鎮,土地,海口段港子墘小段39-15地號,532.0,都市：其他:滯洪池用地,,,1080701,土地4建物0車位0,,,其他,,,,0.0,0,0,0,有,無,2553600,4800,,0.0,0,協議價購,RPPNMLOJKIOFFDK58CA,0.0,0.0,0.0,,
苗栗市,房地(土地+建物),苗栗縣苗栗市福安里１０鄰中華路５８６號,100.2,住,,,1080624,土地1建物1車位0,全,三層,透天厝,住商用,加強磚造,,279.84,4,2,2,有,無,6000000,21441,,0.0,0,親友、員工或其他特殊關係間之交易。；,RPWNMLOKQHOFFBK07CA,279.84,0.0,0.0,,
苗栗市,房地(土地+建物),苗栗縣苗栗市中山路４１０號,50.0,住,,,1080615,土地2建物1車位0,全,二層,透天厝,商業用,見其他登記事項,0481109,122.0,4,2,2,有,無,6000000,49180,,0.0,0,,RPQNMLPKQHOFFBK56CA,122.0,0.0,0.0,,
後龍鎮,房地(土地+建物),苗栗縣後龍鎮溪洲里四份仔路１４０巷２２號,57.04,,特定農業區,甲種建築用地,1080613,土地1建物1車位0,全,二層,透天厝,住家用,加強磚造,0721227,88.2,3,2,2,有,無,2700000,30612,,0.0,0,,RPSNMLNKQHOFFDK76CA,88.2,0.0,0.0,,
竹南鎮,房地(土地+建物),苗栗縣竹南鎮營盤里９鄰環市路三段１２巷１０５號,101.06,住,,,1080625,土地2建物1車位0,全,五層,透天厝,住家用,鋼筋混凝土造,1040626,307.7,7,2,7,有,有,13280000,43159,,0.0,0,,RPQNMLOKQHOFFDK66CA,278.19,1.23,10.53,,
三義鄉,土地,育英段400地號,533.18,,山坡地保育區,殯葬用地,1080627,土地1建物0車位0,,,其他,,,,0.0,0,0,0,有,無,1727503,3240,,0.0,0,不動產之共有人數為４人購買國有土地,RPQNMLPKQHOFFEK86CA,0.0,0.0,0.0,,
頭份市,土地,文化段495地號,142.96,住,,,1080612,土地1建物0車位0,,,其他,,,,0.0,0,0,0,有,無,10810000,75616,,0.0,0,,RPSNMLOKQHOFFFK07CA,0.0,0.0,0.0,,
頭份市,土地,蘆竹段36地號,288.52,工,,,1080628,土地1建物0車位0,,,其他,,,,0.0,0,0,0,有,無,8700000,30154,,0.0,0,,RPUNMLQKQHOFFFK47CA,0.0,0.0,0.0,,
頭份市,房地(土地+建物)+車位,苗栗縣頭份市新華里３鄰中正一路５１９號四樓,41.32,,鄉村區,乙種建築用地,1080622,土地1建物1車位1,四層,九層,華廈(10層含以下有電梯),住家用,鋼筋混凝土造,1071206,185.45,3,2,2,有,有,6400000,34511,坡道平面,0.0,950000,,RPSNMLPKQHOFFFK17CA,99.05,0.0,8.84,,
頭份市,房地(土地+建物)+車位,苗栗縣頭份市東庄里６鄰昌隆一街３６２號十二樓,26.76,住,,,1080625,土地1建物1車位1,十二層,十四層,住宅大樓(11層含以上有電梯),住家用,鋼筋混凝土造,1061115,147.57999999999998,3,2,2,有,有,5500000,37268,坡道平面,0.0,0,,RPTNMLPKQHOFFFK27CA,72.58,0.0,4.03,,
竹南鎮,房地(土地+建物)+車位,苗栗縣竹南鎮大埔里１鄰大埔一街９１號二樓之三,47.4,住,,,1080610,土地1建物1車位1,二層,九層,華廈(10層含以下有電梯),住家用,鋼筋混凝土造,1051012,154.95,3,2,2,有,有,8680000,56018,坡道平面,0.0,0,,RPTNMLOJRHOFFDK96CA,86.25,0.0,9.33,,
公館鄉,土地,館興段211地號,24.37,都市：其他:道路用地,,,1080625,土地2建物0車位0,,,其他,,,,0.0,0,0,0,有,無,180000,7386,,0.0,0,包含公共設施保留地之交易。；,RPQNMLQKQHOFFBK66CA,0.0,0.0,0.0,,
獅潭鄉,土地,獅潭段和興小段335-2地號,747.0,,山坡地保育區,農牧用地,1080624,土地1建物0車位0,,,其他,,,,0.0,0,0,0,有,無,300000,402,,0.0,0,,RPQNMLOKQHOFFAK98CA,0.0,0.0,0.0,,
大湖鄉,土地,大湖段689-192地號,2439.3,,山坡地保育區,林業用地,1080628,土地1建物0車位0,,,其他,,,,0.0,0,0,0,有,無,75000,31,,0.0,0,,RPRNMLOKQHOFFAK09CA,0.0,0.0,0.0,,
大湖鄉,土地,南湖段1274-1地號,1819.0,,山坡地保育區,農牧用地,1080628,土地1建物0車位0,,,其他,,,,0.0,0,0,0,有,無,700000,385,,0.0,0,親友、員工或其他特殊關係間之交易。；,RPSNMLPKQHOFFAK66CA,0.0,0.0,0.0,,
卓蘭鎮,房地(土地+建物),苗栗縣卓蘭鎮坪林里１８鄰坪林８０之２號,5880.0,,山坡地保育區,農牧用地,1080619,土地1建物1車位0,一層，二層,二層,農舍,農業用,見其他登記事項,0870221,209.56,4,2,2,有,無,12500000,,,0.0,0,,RPPNMLQKQHOFFAK09CA,209.56,0.0,0.0,,
竹南鎮,房地(土地+建物),苗栗縣竹南鎮大埔里２鄰科專三路６９巷６號,129.77,住,,,1080607,土地4建物1車位0,全,三層,透天厝,住家用,鋼筋混凝土造,1041110,193.32,3,3,4,有,無,11300000,58452,,0.0,0,,RPRNMLMLQHOFFDK66CA,168.23,0.0,25.09,,
頭份市,房地(土地+建物),苗栗縣頭份市興隆里４鄰興隆路一段２９１巷９９弄７號,172.86,,山坡地保育區,丙種建築用地,1080623,土地2建物1車位0,全,三層,透天厝,住家用,鋼筋混凝土造,1071108,197.17,5,2,3,有,無,9380000,47573,,0.0,0,,RPRNMLPKQHOFFFK07CA,181.87,0.0,15.3,,
竹南鎮,房地(土地+建物)+車位,苗栗縣竹南鎮山佳里３０鄰龍山路三段２００巷３６弄１７號,81.99,住,,,1080620,土地3建物1車位1,全,三層,透天厝,住家用,鋼筋混凝土造,1021104,252.23000000000002,4,2,3,有,無,9200000,36475,坡道平面,0.0,0,親友間之交易,RPXNMLTJRHOFFDK87CA,215.93,5.16,12.43,,
公館鄉,房地(土地+建物),苗栗縣公館鄉館東村２鄰忠孝路１２４號,119.97,住,,,1080628,土地1建物1車位0,全,二層,透天厝,住商用,鋼筋混凝土造,0700220,170.78,3,2,2,有,無,8000000,46844,,0.0,0,,RPQNMLNLQHOFFBK09CA,162.24,0.0,8.54,,
竹南鎮,房地(土地+建物)+車位,苗栗縣竹南鎮大厝里１１鄰大業街１０８號十三樓之一,39.22,住,,,1080601,土地1建物1車位2,十三層,十四層,住宅大樓(11層含以上有電梯),住家用,鋼筋混凝土造,1050812,215.51,3,2,2,有,有,10980000,59364,坡道平面,64.24,2000000,,RPTOMLLLQHOFFDK86CA,96.98,0.0,8.34,,
竹南鎮,房地(土地+建物)+車位,苗栗縣竹南鎮中英里１３鄰復興路１３９巷２１弄２號４樓之３,46.49,住,,,1080627,土地1建物1車位1,四層,五層,華廈(10層含以下有電梯),住家用,鋼筋混凝土造,1060725,142.06,3,2,2,有,有,5000000,35196,一樓平面,0.0,0,,RPUNMLKLQHOFFDK76CA,89.48,0.0,12.79,,
頭份市,土地,後湖段111-3地號,862.36,住,,,1080620,土地1建物0車位0,,,其他,,,,0.0,0,0,0,有,無,52173000,60500,,0.0,0,,RPTNMLQKQHOFFFK37CA,0.0,0.0,0.0,,
竹南鎮,房地(土地+建物),苗栗縣竹南鎮頂埔里１５鄰中華路１３７巷８弄８之４號四樓,12.7,商,,,1080612,土地1建物1車位0,四層,十層,華廈(10層含以下有電梯),住家用,鋼筋混凝土造,0840106,93.11000000000001,2,1,1,有,有,3400000,36516,,0.0,0,,RPRNMLSLQHOFFDK27CA,67.39,0.0,2.54,,
苗栗市,土地,嘉福段503地號,387.51,住,,,1080626,土地1建物0車位0,,,其他,,,,0.0,0,0,0,有,無,15200000,39225,,0.0,0,,RPPOMLNJRHOFFBK98CA,0.0,0.0,0.0,,
苗栗市,房地(土地+建物),苗栗縣苗栗市福星里２５鄰福星街２０６號十二樓之一,38.8,住,,,1080618,土地4建物1車位0,十二層,,住宅大樓(11層含以上有電梯),住家用,鋼筋混凝土造,0810929,125.15,2,2,2,有,有,4200000,33560,,0.0,0,,RPQOMLNJRHOFFBK09CA,108.9,0.0,16.25,,
苗栗市,房地(土地+建物)+車位,苗栗縣苗栗市福麗里３３鄰忠孝１０９號三樓之二,92.96,,山坡地保育區,丙種建築用地,1080615,土地1建物1車位1,三層,五層,華廈(10層含以下有電梯),住家用,鋼筋混凝土造,1071205,137.45,3,2,2,有,有,6000000,43652,一樓平面,0.0,0,,RPTNMLLLQHOFFBK56CA,86.83,0.0,9.16,,
竹南鎮,房地(土地+建物),苗栗縣竹南鎮山佳里２５鄰店仔２７１號,129.9,住,,,1080625,土地3建物1車位0,全,三層,透天厝,住家用,鋼筋混凝土造,1061123,187.52,4,2,5,有,無,9800000,52261,,0.0,0,,RPRNMLLLQHOFFDK56CA,177.94,0.0,9.58,,
頭份市,房地(土地+建物),苗栗縣頭份市中興里７鄰中興路３７９巷２０弄３７號,104.14,住,,,1080623,土地3建物1車位0,全,三層,透天厝,住家用,鋼筋混凝土造,1080430,177.55,3,2,4,有,有,12050000,67868,,0.0,0,,RPOOMLQLQHOFFFK07CA,167.87,0.0,9.68,,
竹南鎮,房地(土地+建物),苗栗縣竹南鎮大埔里１鄰仁愛路５０２巷２２號,90.94,住,,,1080612,土地2建物1車位0,全,三層,透天厝,住家用,鋼筋混凝土造,1040303,245.25,3,2,3,有,無,11500000,46891,,0.0,0,,RPQOMLMJPHPFFDK09CA,212.71,5.05,0.0,,
竹南鎮,房地(土地+建物),苗栗縣竹南鎮竹興里１２鄰博愛街８７７號３樓之１,26.41,,鄉村區,乙種建築用地,1080627,土地1建物1車位0,三層,七層,華廈(10層含以下有電梯),住家用,鋼筋混凝土造,1070720,92.4,2,1,1,有,有,3500000,37879,,0.0,0,,RPRNMLRLQHOFFDK17CA,58.16,0.0,5.44,,
竹南鎮,房地(土地+建物),苗栗縣竹南鎮竹興里１２鄰博愛街８７７號３樓之２,24.78,,鄉村區,乙種建築用地,1080627,土地1建物1車位0,三層,七層,華廈(10層含以下有電梯),住家用,鋼筋混凝土造,1070720,86.59,2,1,1,有,有,3300000,38111,,0.0,0,,RPSNMLRLQHOFFDK27CA,53.9,0.0,5.46,,
竹南鎮,房地(土地+建物),苗栗縣竹南鎮竹興里１２鄰博愛街８７７號３樓之３,24.45,,鄉村區,乙種建築用地,1080627,土地1建物1車位0,三層,七層,華廈(10層含以下有電梯),住家用,鋼筋混凝土造,1070720,85.15,2,1,1,有,有,3200000,37581,,0.0,0,,RPTNMLRLQHOFFDK37CA,53.05,0.0,5.5,,
竹南鎮,房地(土地+建物),苗栗縣竹南鎮竹興里１２鄰博愛街８７７號３樓之５,22.66,,鄉村區,乙種建築用地,1080627,土地1建物1車位0,三層,七層,華廈(10層含以下有電梯),住家用,鋼筋混凝土造,1070720,79.2,2,1,1,有,有,3100000,39141,,0.0,0,,RPUNMLRLQHOFFDK47CA,48.3,0.0,5.87,,
竹南鎮,房地(土地+建物),苗栗縣竹南鎮崎頂里１６鄰和勇街３２巷２號,94.38,,工業區,丁種建築用地,1080624,土地2建物1車位0,全,四層,透天厝,住家用,鋼筋混凝土造,1030527,232.12,7,2,7,有,無,8200000,35327,,0.0,0,,RPUNMLMLQHOFFDK96CA,221.83,0.0,10.29,,
銅鑼鄉,土地,樟樹西段880地號,1377.45,,特定農業區,農牧用地,1080628,土地2建物0車位0,,,其他,,,,0.0,0,0,0,有,無,1600000,1162,,0.0,0,,RPRNMLRLQHOFFEK27CA,0.0,0.0,0.0,,
頭份市,房地(土地+建物),苗栗縣頭份市珊湖里２鄰學府路４２巷１２號二樓,83.91,,山坡地保育區,丙種建築用地,1080608,土地1建物1車位0,二層,四層,公寓(5樓含以下無電梯),住家用,鋼筋混凝土造,0840714,146.09,3,2,2,有,無,2700000,18482,,0.0,0,,RPSNMLTLQHOFFFK67CA,118.97,0.0,16.25,,
後龍鎮,土地,外埔段2267-2地號,330.0,,特定農業區,甲種建築用地,1080626,土地1建物0車位0,,,其他,,,,0.0,0,0,0,有,無,9900,30,,0.0,0,向政府機關承購之案件。；,RPUNMLNLQHOFFDK17DA,0.0,0.0,0.0,,
南庄鄉,土地,南埔段132-1地號,1776.79,,特定農業區,農牧用地,1080613,土地1建物0車位0,,,其他,,,,0.0,0,0,0,有,無,4200000,2364,,0.0,0,,RPRNMLNLQHOFFFK96CA,0.0,0.0,0.0,,
竹南鎮,房地(土地+建物),苗栗縣竹南鎮港墘里１７鄰仁德路２５９巷３８弄３２號,112.65,住,,,1080623,土地3建物1車位0,全,四層,透天厝,住家用,鋼筋混凝土造,1051228,225.32000000000002,4,2,5,有,有,13200000,58583,,0.0,0,,RPTOMLQLQHOFFDK37CA,202.5,0.0,14.33,,
竹南鎮,房地(土地+建物)+車位,苗栗縣竹南鎮山佳里５鄰龍山路三段１５０號１２樓之３,23.48,商,,,1080625,土地1建物1車位1,,,住宅大樓(11層含以上有電梯),住家用,,,170.08,3,2,2,有,有,6980000,48677,坡道平面,47.23,1000000,,RPSNMLNJRHOFFDK76CA,0.0,0.0,0.0,,
卓蘭鎮,房地(土地+建物),苗栗縣卓蘭鎮民生路１７號,45.0,商,,,1080630,土地1建物1車位0,全,二層,透天厝,住商用,鋼筋混凝土造,0730523,77.61,2,1,3,有,無,6300000,81175,,0.0,0,,RPRNMLTLQHOFFAK07CA,77.61,0.0,0.0,,
苗栗市,房地(土地+建物),苗栗縣苗栗市北苗里２０鄰義民街９巷１３號,76.76,住,,,1080630,土地1建物1車位0,全,二層,透天厝,住家用,加強磚造,,118.08,0,0,0,無,無,3570000,30234,,0.0,0,,RPPNMLRLQHOFFBK76CA,118.08,0.0,0.0,,
卓蘭鎮,土地,大坪林段88-653地號,2799.0,,山坡地保育區,農牧用地,1080602,土地3建物0車位0,,,其他,,,,0.0,0,0,0,有,無,2750000,982,,0.0,0,,RPQNMLPJRHOFFAK09CA,0.0,0.0,0.0,,
頭份市,房地(土地+建物),苗栗縣頭份市尖下里２鄰尖豐路３１２號,90.0,,特定農業區,甲種建築用地,1080628,土地1建物1車位0,全,三層,透天厝,住家用,見其他登記事項,0750103,207.12,4,2,2,有,無,5200000,25106,,0.0,0,親友、員工或其他特殊關係間之交易。；,RPPNMLQKRHOFFFK07CA,207.12,0.0,0.0,,
造橋鄉,土地,淡文湖段138地號,2689.62,,山坡地保育區,農牧用地,1080629,土地2建物0車位0,,,其他,,,,0.0,0,0,0,有,無,5000000,1859,,0.0,0,本賣賣含開發整地費用及道路持分未過戶在內,RPPNMLLJRHOFFDK88CA,0.0,0.0,0.0,,
造橋鄉,土地,淡文湖段138地號,2857.62,,山坡地保育區,農牧用地,1080629,土地3建物0車位0,,,其他,,,,0.0,0,0,0,有,無,5000000,1750,,0.0,0,本賣賣含開發整地費用及道路持分未過戶在內,RPQNMLLJRHOFFDK98CA,0.0,0.0,0.0,,
苑裡鎮,房地(土地+建物)+車位,苗栗縣苑裡鎮社苓里１２鄰安福街１１５號６樓之２,51.45,,特定農業區,甲種建築用地,1080623,土地1建物1車位1,六層,七層,華廈(10層含以下有電梯),住家用,鋼筋混凝土造,1070628,139.66,3,2,2,有,無,4880000,34942,一樓平面,0.0,0,,RPPNMLOLRHOFFCK66CA,88.98,0.0,11.84,,
頭份市,房地(土地+建物),苗栗縣頭份市民權里４鄰銀河路２３６號,90.67,住,,,1080620,土地1建物1車位0,全,三層,透天厝,住家用,鋼筋混凝土造,1071030,208.11,3,3,4,有,無,13000000,62467,,0.0,0,,RPRNMLTLQHOFFFK57CA,186.72,0.0,21.39,,
銅鑼鄉,土地,新雞隆段1537-8地號,2829.1,,山坡地保育區,農牧用地,1080604,土地2建物0車位0,,,其他,,,,0.0,0,0,0,有,無,2500000,884,,0.0,0,,RPQNMLSKRHOFFEK27CA,0.0,0.0,0.0,,
大湖鄉,土地,南湖段161-3地號,3017.0,,山坡地保育區,農牧用地,1080619,土地2建物0車位0,,,其他,,,,0.0,0,0,0,有,無,5600000,1856,,0.0,0,,RPPNMLOJRHOFFAK88CA,0.0,0.0,0.0,,
竹南鎮,房地(土地+建物)+車位,苗栗縣竹南鎮山佳里５鄰龍山路三段１５０號１３樓之１０,23.51,商,,,1080611,土地1建物1車位1,,,住宅大樓(11層含以上有電梯),住家用,,,176.4,3,2,2,有,有,6820000,45057,坡道平面,47.23,1000000,,RPRNMLQJRHOFFDK96CA,0.0,0.0,0.0,,
造橋鄉,土地,平安段757地號,316.12,,山坡地保育區,丙種建築用地,1080611,土地4建物0車位0,,,其他,,,,0.0,0,0,0,有,無,3820000,12084,,0.0,0,,RPWNMLTJRHOFFDK87DA,0.0,0.0,0.0,,
苗栗市,房地(土地+建物),苗栗縣苗栗市北苗里２８鄰北安街１５８號四樓之四,6.91,商,,,1080627,土地1建物1車位0,四層,十二層,住宅大樓(11層含以上有電梯),住家用,鋼筋混凝土造,0830723,95.87,2,2,2,有,有,4020000,41932,,0.0,0,,RPPNMLOLRHOFFBK56CA,72.48,0.0,5.66,,
苑裡鎮,房地(土地+建物),苗栗縣苑裡鎮西平里１７鄰出水８９之９號,3986.0,,特定農業區,農牧用地,1080612,土地3建物1車位0,一層，二層,二層,農舍,農業用,加強磚造,0810501,354.84,6,1,2,有,無,17000000,,,0.0,0,,RPSNMLNJRHOFFCK66CA,354.84,0.0,0.0,,
竹南鎮,房地(土地+建物)+車位,苗栗縣竹南鎮竹南里１２鄰民治街５０號,38.88,商,,,1080630,土地1建物1車位1,一層，二層，三層,十八層,店面(店鋪),商業用,鋼筋混凝土造,0871111,234.26999999999998,0,0,0,無,有,9350000,39911,坡道平面,0.0,0,三衛無隔間.,RPTNMLPJRHOFFDK07CA,169.63,8.82,11.02,,
頭份市,土地,山下段114地號,1275.23,農,,,1080603,土地1建物0車位0,,,其他,,,,0.0,0,0,0,有,無,16000000,12547,,0.0,0,,RPQNMLPJRHOFFFK96CA,0.0,0.0,0.0,,
頭份市,房地(土地+建物)+車位,苗栗縣頭份市山下里８鄰翠亨路１５６號十樓,24.86,住,,,1080624,土地1建物1車位1,十層,十四層,住宅大樓(11層含以上有電梯),住家用,鋼筋混凝土造,1080416,167.04,3,2,2,有,有,7200000,45283,坡道平面,29.02,950000,交易內含機車位1個,RPSNMLPJRHOFFFK17CA,81.55,0.0,8.97,,
頭份市,房地(土地+建物)+車位,苗栗縣頭份市後庄里７鄰公北三路１３２號十樓,14.31,商,,,1080629,土地2建物1車位1,十層,十五層,住宅大樓(11層含以上有電梯),住家用,鋼筋混凝土造,1080114,168.28,3,2,2,有,無,7980000,50399,坡道平面,27.8,900000,,RPVOMLPJRHOFFFK57CA,76.76,7.15,10.74,,
後龍鎮,土地,外埔段1501地號,2535.0,,特定農業區,農牧用地,1080621,土地1建物0車位0,,,其他,,,,0.0,0,0,0,有,無,2684000,1059,,0.0,0,,RPSNMLMKRHOFFDK76CA,0.0,0.0,0.0,,
公館鄉,房地(土地+建物)+車位,苗栗縣公館鄉中義村８鄰中義１８６之８號二樓,117.84,,特定農業區,甲種建築用地,1080617,土地2建物2車位1,二層,五層,華廈(10層含以下有電梯),住家用,鋼筋混凝土造,1080131,140.7,3,2,2,有,有,5680000,40370,其他,0.0,0,土地及建物分次登記案件。前案土地登記收件字號：；,RPSNMLNJIIOFFBK48DA,101.97,0.0,14.37,,
頭份市,房地(土地+建物)+車位,苗栗縣頭份市東庄里１９鄰富強二街６號六樓,28.15,住,,,1080617,土地1建物1車位1,六層,十四層,住宅大樓(11層含以上有電梯),住家用,鋼筋混凝土造,1080806,162.38,3,2,2,有,有,6000000,40738,坡道平面,37.19,900000,,RPPNMLRJRHOFFFK07CA,76.48,1.66,8.59,,
三義鄉,土地,伯公坑段464地號,323.5,,山坡地保育區,丙種建築用地,1080625,土地1建物0車位0,,,其他,,,,0.0,0,0,0,有,無,292200,903,,0.0,0,親友間特殊關係間之交易,RPPNMLTJRHOFFEK17CA,0.0,0.0,0.0,,
頭份市,土地,慶華段556地號,367.5,,山坡地保育區,丙種建築用地,1080627,土地2建物0車位0,,,其他,,,,0.0,0,0,0,有,無,4800000,13061,,0.0,0,,RPRNMLMKRHOFFFK86CA,0.0,0.0,0.0,,
公館鄉,房地(土地+建物),苗栗縣公館鄉館南村２鄰民權街７號四樓之二,31.26,住,,,1080602,土地1建物1車位0,四層,五層,華廈(10層含以下有電梯),住家用,鋼筋混凝土造,1080614,91.05,2,1,1,有,無,4200000,46129,,0.0,0,,RPUNMLSKRHOFFBK37CA,52.16,0.0,8.12,,
大湖鄉,房地(土地+建物),苗栗縣大湖鄉鴻福３號,137.58,,山坡地保育區,丙種建築用地,1080614,土地1建物1車位0,全,四層,透天厝,住家用,鋼筋混凝土造,0890106,177.52,5,2,4,有,無,3700000,20843,,0.0,0,,RPPNMLKKRHOFFAK58CA,158.36,0.0,19.16,,
頭份市,房地(土地+建物),苗栗縣頭份市民生里１２鄰中華路５２２巷３弄１３號,86.35,住,,,1080615,土地1建物1車位0,全,二層,透天厝,住家用,鋼筋混凝土加強磚造,0630724,100.0,4,2,3,有,無,5700000,57000,,0.0,0,,RPUPMLKKRHOFFFK17CA,100.0,0.0,0.0,,
苗栗市,房地(土地+建物)+車位,苗栗縣苗栗市福麗里３３鄰忠孝１１２號四樓之一,92.96,,山坡地保育區,丙種建築用地,1080611,土地1建物1車位1,四層,五層,華廈(10層含以下有電梯),住家用,鋼筋混凝土造,1071205,138.0,3,2,2,有,有,6080000,44058,一樓平面,0.0,0,,RPUNMLLKRHOFFBK66CA,87.45,0.0,9.09,,
苑裡鎮,土地,中溝段134地號,6894.53,,山坡地保育區,農牧用地,1080610,土地15建物0車位0,,,其他,,,,0.0,0,0,0,有,無,1400000,203,,0.0,0,土增稅由買方負擔,RPPNMLSJIIOFFCK68CA,0.0,0.0,0.0,,
苑裡鎮,房地(土地+建物)+車位,苗栗縣苑裡鎮社苓里１２鄰安福街１１５號四樓之１,51.45,,特定農業區,甲種建築用地,1080628,土地1建物1車位1,四層,七層,華廈(10層含以下有電梯),住家用,鋼筋混凝土造,1070628,139.66,3,2,2,有,無,4650000,33295,一樓平面,0.0,0,,RPRNMLTJIIOFFCK98CA,88.98,0.0,11.84,,
苗栗市,房地(土地+建物)+車位,苗栗縣苗栗市北苗里８鄰自治路５６７巷８０號三樓之二,40.04,住,,,1080625,土地1建物1車位1,三層,七層,華廈(10層含以下有電梯),住家用,鋼筋混凝土造,1080509,179.57,3,2,2,有,無,8650000,48171,一樓平面,0.0,0,,RPUPMLMKRHOFFBK96CA,107.99,0.0,7.92,,
造橋鄉,土地,造橋段612-1地號,62257.4,,山坡地保育區,農牧用地,1080618,土地72建物0車位0,,,其他,,,,0.0,0,0,0,有,無,10000000,161,,0.0,0,買賣含未登記之建物1棟,RPWNMLLJIIOFFDK78CA,0.0,0.0,0.0,,
頭份市,房地(土地+建物)+車位,苗栗縣頭份市東庄里１９鄰富強二街１２號十三樓,20.36,住,,,1080610,土地1建物1車位1,十三層,十四層,住宅大樓(11層含以上有電梯),住家用,鋼筋混凝土造,1080806,127.93,2,2,1,有,有,4480000,39453,坡道平面,37.19,900000,,RPUNMLKLRHOFFFK07CA,55.3,2.13,5.46,,
竹南鎮,土地,公義段84地號,878.74,工,,,1080613,土地2建物0車位0,,,其他,,,,0.0,0,0,0,有,無,26582000,30250,,0.0,0,,RPTNMLKMRHOFFDK86CA,0.0,0.0,0.0,,
竹南鎮,土地,竹興段628地號,68.09,住,,,1080617,土地1建物0車位0,,,其他,,,,0.0,0,0,0,有,無,1549048,22750,,0.0,0,增值稅由買方負擔,RPQNMLQLJIOFFDK98CA,0.0,0.0,0.0,,
頭份市,房地(土地+建物)+車位,苗栗縣頭份市山下里８鄰翠亨路１６６號三樓,26.5,住,,,1080609,土地1建物1車位2,三層,十四層,住宅大樓(11層含以上有電梯),住家用,鋼筋混凝土造,1080416,199.69,3,2,2,有,有,7930000,41843,坡道平面,53.2,1800000,交易內含機車位1個,RPTOMLRKRHOFFFK67CA,87.28,0.0,8.98,,
頭份市,房地(土地+建物)+車位,苗栗縣頭份市山下里８鄰翠亨路１４６號三樓,24.82,住,,,1080629,土地1建物1車位1,三層,十四層,住宅大樓(11層含以上有電梯),住家用,鋼筋混凝土造,1080416,164.17000000000002,3,2,2,有,有,6600000,41067,坡道平面,26.6,950000,交易內含機車位1個,RPQNMLSKRHOFFFK37CA,81.53,0.0,8.67,,
三灣鄉,土地,內灣段360-1地號,458.0,,,,1080616,土地1建物0車位0,,,其他,,,,0.0,0,0,0,有,無,687000,1500,,0.0,0,畸零地或有合併使用之交易。；,RPQNMLPJIIOFFFK78CA,0.0,0.0,0.0,,
竹南鎮,房地(土地+建物),苗栗縣竹南鎮照南里２５鄰立達街１８０巷１０號,240.49,住,,,1080627,土地2建物1車位0,全,五層,透天厝,住家用,鋼筋混凝土造,1010913,418.18,6,5,2,有,有,33880000,81018,,0.0,0,,RPTNMLTKRHOFFDK57CA,398.18,0.0,20.0,,
頭份市,房地(土地+建物),苗栗縣頭份市文化里１４鄰信東路二段２４２號,128.11,住,,,1080627,土地1建物1車位0,全,三層,透天厝,住家用,鋼筋混凝土造,0821214,276.75,6,3,3,有,無,5700000,20596,,0.0,0,親友、員工或其他特殊關係間之交易。；,RPUNMLSKRHOFFFK77CA,242.85,20.1,13.8,,
頭份市,房地(土地+建物)+車位,苗栗縣頭份市東庄里１９鄰富強二街８號九樓,28.15,住,,,1080610,土地1建物1車位1,九層,十四層,住宅大樓(11層含以上有電梯),住家用,鋼筋混凝土造,1080806,162.36,3,2,2,有,有,5980000,40185,坡道平面,37.19,950000,,RPOPMLKLRHOFFFK66CA,76.46,1.66,8.59,,
頭份市,房地(土地+建物)+車位,苗栗縣頭份市東庄里１９鄰富強二街５０號九樓,28.15,住,,,1080624,土地1建物1車位1,九層,十五層,住宅大樓(11層含以上有電梯),住家用,鋼筋混凝土造,1080806,163.91,3,2,2,有,有,6080000,40088,坡道平面,37.19,1000000,,RPPQMLKLRHOFFFK86CA,77.09,1.66,9.09,,
大湖鄉,土地,南湖段702-15地號,1953.0,,山坡地保育區,農牧用地,1080611,土地1建物0車位0,,,其他,,,,0.0,0,0,0,有,無,1200000,614,,0.0,0,,RPPNMLQLRHOFFAK66CA,0.0,0.0,0.0,,
竹南鎮,土地,大同段789地號,483.55,住,,,1080621,土地1建物0車位0,,,其他,,,,0.0,0,0,0,有,無,34060000,70437,,0.0,0,,RPUNMLPLRHOFFDK37CA,0.0,0.0,0.0,,
頭份市,房地(土地+建物)+車位,苗栗縣頭份市新華里３鄰中正一路５１９號八樓,41.32,,鄉村區,乙種建築用地,1080630,土地1建物1車位2,八層,九層,華廈(10層含以下有電梯),住家用,鋼筋混凝土造,1071206,216.38,3,2,2,有,有,7280000,33645,坡道平面,0.0,1900000,,RPQNMLRLRHOFFFK37CA,99.05,0.0,8.84,,
頭份市,房地(土地+建物)+車位,苗栗縣頭份市東庄里１９鄰富強二街６號十三樓,28.15,住,,,1080603,土地1建物1車位1,十三層,十四層,住宅大樓(11層含以上有電梯),住家用,鋼筋混凝土造,1080806,162.38,3,2,2,有,有,6100000,41537,坡道平面,37.19,900000,,RPPNMLLKIIOFFFK38CA,76.48,1.66,8.59,,
頭份市,房地(土地+建物)+車位,苗栗縣頭份市東庄里１９鄰富強二街５２號三樓,30.54,住,,,1080617,土地1建物1車位1,三層,十五層,住宅大樓(11層含以上有電梯),住家用,鋼筋混凝土造,1080806,169.26,3,2,2,有,有,6130000,39222,坡道平面,37.19,950000,,RPPOMLLKIIOFFFK48CA,80.77,0.0,10.67,,
頭份市,房地(土地+建物)+車位,苗栗縣頭份市山下里８鄰翠亨路１４６號七樓,24.82,住,,,1080618,土地1建物1車位1,七層,十四層,住宅大樓(11層含以上有電梯),住家用,鋼筋混凝土造,1080416,164.17000000000002,3,2,2,有,有,7130000,44919,坡道平面,26.6,950000,交易內含機車位1個,RPUOMLRLRHOFFFK87CA,81.53,0.0,8.67,,
後龍鎮,房地(土地+建物),苗栗縣後龍鎮南港里２鄰南勢山１８之１０號,27385.0,,山坡地保育區,丙種建築用地,1080627,土地14建物6車位0,一層,一層,工廠,工業用,鋼造,0800208,9031.62,0,0,0,無,無,146000000,,,0.0,0,,RPRNMLKMIIOFFDK48CA,8966.72,21.9,43.0,,
頭份市,房地(土地+建物)+車位,苗栗縣頭份市東庄里１９鄰富強二街１８號七樓,28.15,住,,,1080603,土地1建物1車位1,七層,十四層,住宅大樓(11層含以上有電梯),住家用,鋼筋混凝土造,1080806,162.36,3,2,2,有,有,5760000,38031,坡道平面,37.2,1000000,,RPPPMLKMIIOFFFK68CA,76.46,1.66,8.59,,
頭份市,房地(土地+建物)+車位,苗栗縣頭份市東庄里１９鄰富強二街１８號十三樓,28.15,住,,,1080610,土地1建物1車位1,十三層,十四層,住宅大樓(11層含以上有電梯),住家用,鋼筋混凝土造,1080806,162.36,3,2,2,有,有,5920000,39310,坡道平面,37.2,1000000,,RPQPMLKMIIOFFFK78CA,76.46,1.66,8.59,,
頭份市,房地(土地+建物)+車位,苗栗縣頭份市後庄里７鄰公北三路１１２號十五樓,11.13,商,,,1080616,土地2建物1車位1,十五層,十五層,住宅大樓(11層含以上有電梯),住家用,鋼筋混凝土造,1080114,132.57,2,2,2,有,無,6880000,54214,坡道平面,27.8,1200000,,RPTNMLNJIIOFFFK88CA,58.31,5.87,6.43,,
竹南鎮,房地(土地+建物)+車位,苗栗縣竹南鎮科專六路３１２號,23.1,住,,,1080627,土地1建物1車位1,一層,十一層,店面(店鋪),商業用,鋼筋混凝土造,1051012,86.34,0,0,0,無,有,6900000,79917,一樓平面,21.0,0,,RPOOMLSKIIOFFDK88CA,45.71,0.0,0.0,,
竹南鎮,房地(土地+建物)+車位,苗栗縣竹南鎮科專六路２９８號,23.1,住,,,1080627,土地1建物1車位1,一層,十一層,店面(店鋪),商業用,鋼筋混凝土造,1051012,86.34,0,0,0,無,有,6900000,79917,坡道平面,21.0,0,,SPOOMLSKIIOFFDK98CA,45.71,0.0,0.0,,
頭份市,房地(土地+建物),苗栗縣頭份市珊湖里２鄰學府路７３巷８號四樓,60.37,,山坡地保育區,丙種建築用地,1080616,土地1建物1車位0,,四層,公寓(5樓含以下無電梯),住家用,鋼筋混凝土造,0820703,117.75,6,0,6,有,有,1400000,11890,,0.0,0,,RPPVMLPKIIOFFFK96CA,102.51,0.0,8.84,,
頭份市,房地(土地+建物)+車位,苗栗縣頭份市山下里８鄰翠亨路１６０號九樓,26.5,住,,,1080623,土地1建物1車位1,,十四層,住宅大樓(11層含以上有電梯),住家用,鋼筋混凝土造,1080416,173.09,3,2,2,有,有,7550000,45051,坡道平面,26.6,950000,交易內含機車位1個,RPWNMLSJIIOFFFK07CA,87.28,0.0,8.98,,
造橋鄉,土地,平安段1446地號,102.38,住,,,1080603,土地2建物0車位0,,,其他,,,,0.0,0,0,0,有,無,278104,2716,,0.0,0,親友、員工或其他特殊關係間之交易。；,RPSNMLMLIIOFFDK68CA,0.0,0.0,0.0,,
銅鑼鄉,土地,竹圍段298-7地號,2239.0,,山坡地保育區,農牧用地,1080606,土地3建物0車位0,,,其他,,,,0.0,0,0,0,有,無,3688141,1647,,0.0,0,,RPTNMLTJIIOFFEK76CA,0.0,0.0,0.0,,
頭份市,房地(土地+建物)+車位,苗栗縣頭份市東庄里１９鄰富強二街８號八樓,28.15,住,,,1080624,土地1建物1車位1,八層,十四層,住宅大樓(11層含以上有電梯),住家用,鋼筋混凝土造,1080806,163.57999999999998,3,2,2,有,有,6050000,40345,坡道平面,38.41,1000000,,RPRNMLTKIIOFFFK76CA,76.46,1.66,8.59,,
頭份市,房地(土地+建物)+車位,苗栗縣頭份市東庄里１９鄰富強二街６號五樓,28.15,住,,,1080610,土地1建物1車位1,五層,十四層,住宅大樓(11層含以上有電梯),住家用,鋼筋混凝土造,1080806,162.38,3,2,2,有,有,6020000,40502,坡道平面,37.2,950000,,RPWPMLLMIIOFFFK86CA,76.48,1.66,8.59,,
頭份市,房地(土地+建物)+車位,苗栗縣頭份市東庄里１９鄰富強二街１２號十二樓,20.36,住,,,1080603,土地1建物1車位1,十二層,十四層,住宅大樓(11層含以上有電梯),住家用,鋼筋混凝土造,1080806,127.93,2,2,1,有,有,4600000,40780,坡道平面,37.2,900000,,RPORMLLMIIOFFFK88CA,55.3,2.13,5.46,,
頭份市,房地(土地+建物)+車位,苗栗縣頭份市東庄里１９鄰富強二街３６號十一樓,28.15,住,,,1080617,土地1建物1車位1,十一層,十五層,住宅大樓(11層含以上有電梯),住家用,鋼筋混凝土造,1080806,163.83999999999997,3,2,2,有,有,6200000,41061,坡道平面,37.2,1000000,,RPURMLLMIIOFFFK86CA,77.02,1.66,9.09,,
竹南鎮,土地,新山佳段425-4地號,9.79,住,,,1080614,土地1建物0車位0,,,其他,,,,0.0,0,0,0,有,無,259435,26500,,0.0,0,畸零地或有合併使用之交易。；,RPRNMLSKIIOFFDK09CA,0.0,0.0,0.0,,
公館鄉,土地,館學段484-1地號,116.99,住,,,1080621,土地1建物0車位0,,,其他,,,,0.0,0,0,0,有,無,2550000,21797,,0.0,0,,RPTNMLPKIIOFFBK78CA,0.0,0.0,0.0,,
頭份市,房地(土地+建物)+車位,苗栗縣頭份市民生街３０號八樓,24.36,住,,,1080628,土地1建物1車位1,八層,十二層,住宅大樓(11層含以上有電梯),住家用,鋼筋混凝土造,1080910,159.41,3,2,2,有,有,6350000,42346,坡道平面,35.43,1100000,土地及建物分次登記案件。前案土地登記收件字號：；,RPXTMLLMIIOFFFK37CA,73.58,0.0,9.75,,
苗栗市,房地(土地+建物)+車位,苗栗縣苗栗市福麗里１５鄰至公路５０１號五樓之一,29.58,住,,,1080626,土地1建物1車位1,五層,五層,華廈(10層含以下有電梯),住家用,鋼筋混凝土造,1080802,87.25,2,2,1,有,有,4450000,51003,一樓平面,0.0,0,,RPUNMLRJJIOFFBK09CA,53.45,0.0,3.31,,
竹南鎮,房地(土地+建物)+車位,苗栗縣竹南鎮開元里１０迎薰南路１２０號五樓,29.92,住,,,1080622,土地1建物1車位1,五層,七層,華廈(10層含以下有電梯),住家用,鋼筋混凝土造,1080327,133.77,2,2,1,有,有,5600000,49253,坡道平面,37.33,850000,,RPQNMLMJJIOFFDK38CA,58.93,0.0,6.83,,
竹南鎮,房地(土地+建物)+車位,苗栗縣竹南鎮開元里１０鄰迎薰南路１２６號六樓,37.75,住,,,1080622,土地1建物1車位1,六層,七層,華廈(10層含以下有電梯),住家用,鋼筋混凝土造,1080327,158.8,3,2,2,有,有,7000000,50630,坡道平面,37.33,850000,,RPRNMLMJJIOFFDK48CA,76.19,0.0,7.21,,
頭份市,房地(土地+建物)+車位,苗栗縣頭份市山下里８鄰翠亨路１６２號九樓,26.54,住,,,1080608,土地1建物1車位2,九層,十四層,住宅大樓(11層含以上有電梯),住家用,鋼筋混凝土造,1080416,200.16,3,2,2,有,有,8450000,44910,坡道平面,53.2,1850000,交易內含機車位1個,RPPOMLLLIIOFFFK58CA,87.3,0.0,9.3,,
頭份市,房地(土地+建物)+車位,苗栗縣頭份市東庄里１９鄰富強二街５０號二樓,28.15,住,,,1080624,土地1建物1車位1,二層,十五層,住宅大樓(11層含以上有電梯),住家用,鋼筋混凝土造,1080806,162.25,3,2,2,有,有,6050000,40384,坡道平面,37.2,1000000,,RPSTMLLMIIOFFFK86CA,77.09,0.0,9.09,,
頭份市,房地(土地+建物)+車位,苗栗縣頭份市東庄里１９鄰富強二街８號六樓,28.15,住,,,1080617,土地1建物1車位1,六層,十四層,住宅大樓(11層含以上有電梯),住家用,鋼筋混凝土造,1080806,162.36,3,2,2,有,有,5950000,39949,坡道平面,37.2,950000,,RPPSMLLMIIOFFFK09CA,76.46,1.66,8.59,,
銅鑼鄉,房地(土地+建物),苗栗縣銅鑼鄉銅鑼村３９鄰雙峰路文園巷８３之１號,254.08,,山坡地保育區,丙種建築用地,1080601,土地9建物1車位0,全,四層,透天厝,住家用,鋼筋混凝土造,0911017,357.04,5,2,6,有,無,12000000,33610,,0.0,0,,RPRNMLOKJIOFFEK88CA,340.24,0.0,16.8,,
竹南鎮,房地(土地+建物)+車位,苗栗縣竹南鎮大埔一街１９７號六樓之三,28.8,住,,,1080619,土地1建物1車位1,六層,十層,華廈(10層含以下有電梯),商業用,鋼筋混凝土造,1050421,100.24,2,1,1,有,有,5000000,49880,坡道機械,0.0,0,,RPXNMLPKJIOFFDK86CA,51.21,9.44,3.15,,
大湖鄉,土地,大窩段124地號,57136.97,,山坡地保育區,林業用地,1080616,土地8建物0車位0,,,其他,,,,0.0,0,0,0,有,無,8500000,149,,0.0,0,,RPQNMLQLIIOFFAK58CA,0.0,0.0,0.0,,
頭份市,房地(土地+建物)+車位,苗栗縣頭份市民生街４２號六樓,17.25,住,,,1080623,土地1建物1車位1,六層,十二層,住宅大樓(11層含以上有電梯),住家用,鋼筋混凝土造,1080910,123.35,2,2,1,有,有,4380000,37875,坡道平面,35.43,1050000,土地及建物分次登記案件。前案土地登記收件字號：；,RPWUMLLMIIOFFFK37CA,55.34,0.0,3.71,,
頭份市,房地(土地+建物)+車位,苗栗縣頭份市東庄里１９鄰富強二街１８號八樓,28.15,住,,,1080617,土地1建物1車位1,八層,十四層,住宅大樓(11層含以上有電梯),住家用,鋼筋混凝土造,1080806,162.36,3,2,2,有,有,5810000,38830,坡道平面,37.2,950000,,RPVNMLLJJIOFFFK98CA,76.46,1.66,8.59,,
頭份市,房地(土地+建物)+車位,苗栗縣頭份市東庄里１９鄰富強二街５０號七樓,28.15,住,,,1080617,土地1建物1車位1,七層,十五層,住宅大樓(11層含以上有電梯),住家用,鋼筋混凝土造,1080806,163.91,3,2,2,有,有,5950000,39460,坡道平面,37.2,950000,,RPTOMLMJJIOFFFK98CA,77.09,1.66,9.09,,
頭份市,土地,蘆竹湳段流水潭小段260地號,2900.0,工,,,1080605,土地2建物0車位0,,,其他,,,,0.0,0,0,0,有,無,120000000,41379,,0.0,0,,RPQNMLPJJIOFFFK88CA,0.0,0.0,0.0,,
後龍鎮,土地,過港段979-88地號,13732.0,,山坡地保育區,農牧用地,1080627,土地2建物0車位0,,,其他,,,,0.0,0,0,0,有,無,8000000,583,,0.0,0,,RPUNMLKMIIOFFDK78CA,0.0,0.0,0.0,,
頭份市,房地(土地+建物),苗栗縣頭份市東庄里１１鄰中央路７８巷５弄１０號,99.87,住,,,1080628,土地4建物1車位0,全,四層,透天厝,住家用,鋼筋混凝土造,1070208,260.22,5,3,5,有,有,14950000,57451,,0.0,0,,RPPNMLRJJIOFFFK98CA,247.45,0.0,12.77,,
苗栗市,土地,苗栗段67-15地號,234.0,住,,,1080531,土地4建物0車位0,,,其他,,,,0.0,0,0,0,有,無,3000000,12821,,0.0,0,買方尚需負擔土地被占用拆遷補償費約300萬元,RPPNMLNKQHOFFBK88CA,0.0,0.0,0.0,,
後龍鎮,土地,外埔段1090-2地號,860.0,住,,,1080517,土地3建物0車位0,,,其他,,,,0.0,0,0,0,有,無,10244707,11912,,0.0,0,包含公共設施保留地之交易。；,RPSNMLOKQHOFFDK86CA,0.0,0.0,0.0,,
後龍鎮,土地,外埔段1125-1地號,5040.0,住,,,1080517,土地7建物0車位0,,,其他,,,,0.0,0,0,0,有,無,36060828,7155,,0.0,0,,RPVNMLOKQHOFFDK17CA,0.0,0.0,0.0,,
竹南鎮,房地(土地+建物)+車位,苗栗縣竹南鎮新南里１２鄰維新路３１７巷１號十一樓之五,21.24,住,,,1080529,土地1建物1車位1,十一層,十一層,住宅大樓(11層含以上有電梯),住家用,鋼筋混凝土造,1060218,135.07,2,2,1,有,無,6150000,54940,坡道平面,31.32,450000,,RPQNMLPKQHOFFDK76CA,63.69,0.0,8.0,,
頭份市,土地,信義段601地號,487.07,住,,,1080529,土地1建物0車位0,,,其他,,,,0.0,0,0,0,有,無,20580000,42253,,0.0,0,,RPPNMLTKQHOFFFK27CA,0.0,0.0,0.0,,
竹南鎮,房地(土地+建物),苗栗縣竹南鎮大埔里２鄰科專六路４７號三樓之六,48.69,住,,,1080524,土地2建物2車位0,五層,五層,華廈(10層含以下有電梯),住家用,鋼筋混凝土造,1041029,138.81,3,0,3,有,有,7200000,51869,,0.0,0,,RPPOMLRLQHOFFDK07CA,93.36,0.0,10.37,,
苗栗市,土地,恭敬段1244地號,23.89,都市：其他:道路,,,1080509,土地1建物0車位0,,,其他,,,,0.0,0,0,0,有,無,1235724,51726,,0.0,0,包含公共設施保留地之交易。；,RPUNMLQKRHOFFBK17CA,0.0,0.0,0.0,,
苗栗市,土地,恭敬段1244地號,23.89,都市：其他:道路用地,,,1080509,土地1建物0車位0,,,其他,,,,0.0,0,0,0,有,無,1235724,51726,,0.0,0,包含公共設施保留地之交易。；,RPVNMLKKRHOFFBK66CA,0.0,0.0,0.0,,
頭份市,土地,雙喜段741地號,1325.73,,山坡地保育區,農牧用地,1080530,土地9建物0車位0,,,其他,,,,0.0,0,0,0,有,無,2240000,1690,,0.0,0,增值稅買方繳,RPVNMLLLQHOFFFK17CA,0.0,0.0,0.0,,
頭份市,土地,光華段1063地號,622.67,農,,,1080505,土地6建物0車位0,,,其他,,,,0.0,0,0,0,有,無,17500000,28105,,0.0,0,,RPRNMLLLQHOFFFK76CA,0.0,0.0,0.0,,
頭份市,土地,新興段139地號,365.58,,鄉村區,乙種建築用地,1080501,土地1建物0車位0,,,其他,,,,0.0,0,0,0,有,無,5800000,15865,,0.0,0,,RPUNMLMKRHOFFFK17CA,0.0,0.0,0.0,,
苗栗市,房地(土地+建物),苗栗縣苗栗市嘉盛里１９鄰育英街１１巷１７號,339.0,,鄉村區,乙種建築用地,1080528,土地1建物1車位0,全,二層,透天厝,住家用,加強磚造,,169.28,3,3,2,有,無,12000000,70888,,0.0,0,親友、員工或其他特殊關係間之交易。；,RPWOMLSKRHOFFBK67CA,169.28,0.0,0.0,,
後龍鎮,土地,苦苓腳段4391-5地號,206.0,,特定農業區,甲種建築用地,1080521,土地1建物0車位0,,,其他,,,,0.0,0,0,0,有,無,741600,3600,,0.0,0,親友、員工或其他特殊關係間之交易。；含增建或未登記建物。；,RPSNMLQKRHOFFDK27DA,0.0,0.0,0.0,,
後龍鎮,土地,苦苓腳段4391-6地號,182.0,,特定農業區,甲種建築用地,1080521,土地1建物0車位0,,,其他,,,,0.0,0,0,0,有,無,655200,3600,,0.0,0,親友、員工或其他特殊關係間之交易。；含增建或未登記建物。；,RPUNMLQKRHOFFDK47DA,0.0,0.0,0.0,,
後龍鎮,土地,苦苓腳段4391-4地號,265.0,,特定農業區,甲種建築用地,1080521,土地2建物0車位0,,,其他,,,,0.0,0,0,0,有,無,954000,3600,,0.0,0,親友、員工或其他特殊關係間之交易。；含增建或未登記建物。；,RPWNMLQKRHOFFDK67DA,0.0,0.0,0.0,,
苗栗市,土地,南勢坑段下南勢坑小段1044地號,5187.0,,山坡地保育區,林業用地,1080529,土地1建物0車位0,,,其他,,,,0.0,0,0,0,有,無,3319680,640,,0.0,0,親屬間交易，該土地偏遠且地勢陡峭親友、員工或其他特殊關係間之交易。；,RPQNMLOJRHOFFBK09CA,0.0,0.0,0.0,,
竹南鎮,房地(土地+建物)+車位,苗栗縣竹南鎮新南里１１鄰立華街６８號六樓,26.53,住,,,1080505,土地1建物1車位1,六層,十一層,住宅大樓(11層含以上有電梯),其他,鋼筋混凝土造,1080311,98.07,2,2,1,有,有,4700000,47925,坡道機械,0.0,0,,RPSNMLMJRHOFFDK66CA,51.79,1.73,6.67,,
頭份市,房地(土地+建物)+車位,苗栗縣頭份市山下里８鄰翠亨路１６６號九樓,26.5,住,,,1080511,土地1建物1車位1,九層,十四層,住宅大樓(11層含以上有電梯),住家用,鋼筋混凝土造,1080416,173.09,3,2,2,有,有,7450000,44710,坡道平面,26.6,900000,交易內含機車位1個,RPVNMLPJRHOFFFK47CA,87.28,0.0,8.98,,
頭份市,房地(土地+建物)+車位,苗栗縣頭份市成功里８鄰建國路二段５號七樓,40.81,住,,,1080516,土地1建物1車位2,七層,十三層,住宅大樓(11層含以上有電梯),住家用,鋼筋混凝土造,1070913,259.24,3,2,2,有,無,14680000,56627,坡道平面,0.0,2200000,,RPSNMLNJRHOFFFK96CA,116.02,13.66,12.54,,
西湖鄉,土地,高埔段354-39地號,2573.0,,山坡地保育區,農牧用地,1080508,土地1建物0車位0,,,其他,,,,0.0,0,0,0,有,無,6000000,2332,,0.0,0,含道路持分待道路持分分割完成另行移轉,RPQNMLPJRHOFFEK86CA,0.0,0.0,0.0,,
銅鑼鄉,土地,新雞隆段1537-8地號,2715.1,,山坡地保育區,農牧用地,1080509,土地2建物0車位0,,,其他,,,,0.0,0,0,0,有,無,2500000,921,,0.0,0,,RPSNMLRKRHOFFEK37CA,0.0,0.0,0.0,,
頭份市,房地(土地+建物)+車位,苗栗縣頭份市東庄里１９鄰富強二街２０號十四樓,20.36,住,,,1080513,土地1建物1車位1,十四層,十四層,住宅大樓(11層含以上有電梯),住家用,鋼筋混凝土造,1080806,128.0,2,2,1,有,有,4450000,39093,坡道平面,37.19,900000,,RPXNMLRJRHOFFFK87CA,55.37,2.13,5.46,,
頭份市,房地(土地+建物)+車位,苗栗縣頭份市山下里８鄰翠亨路１６２號五樓,26.54,住,,,1080525,土地1建物1車位1,五層,十四層,住宅大樓(11層含以上有電梯),住家用,鋼筋混凝土造,1080416,173.56,3,2,2,有,有,7200000,42529,坡道平面,26.6,950000,交易內含機車位1個,RPROMLKKRHOFFFK76CA,87.3,0.0,9.3,,
頭份市,房地(土地+建物)+車位,苗栗縣頭份市新華里３鄰中正一路５１３之１號八樓,34.01,,鄉村區,乙種建築用地,1080528,土地1建物1車位1,八層,九層,華廈(10層含以下有電梯),住家用,鋼筋混凝土造,1071206,156.87,3,2,2,有,有,5800000,36973,坡道平面,0.0,900000,,RPPNMLKKRHOFFFK09CA,81.18,0.0,8.65,,
竹南鎮,房地(土地+建物)+車位,苗栗縣竹南鎮新南里１１鄰立華街６８號十一樓,26.53,住,,,1080505,土地1建物1車位1,十一層,十一層,住宅大樓(11層含以上有電梯),其他,鋼筋混凝土造,1080311,87.49,2,2,1,有,有,4500000,51434,坡道機械,0.0,0,,RPROMLMKRHOFFDK76CA,51.79,1.73,6.67,,
頭份市,房地(土地+建物)+車位,苗栗縣頭份市中興里３鄰中央路１６８號五樓,36.32,住,,,1080529,土地1建物1車位1,五層,十一層,住宅大樓(11層含以上有電梯),住家用,鋼筋混凝土造,1080318,196.47,3,2,2,有,無,12500000,68072,坡道平面,29.0,1100000,,RPVNMLTKRHOFFFK97CA,101.34,0.0,11.38,,
頭份市,房地(土地+建物)+車位,苗栗縣頭份市山下里８鄰翠亨路１５６號四樓,24.86,住,,,1080521,土地1建物1車位1,四層,十四層,住宅大樓(11層含以上有電梯),住家用,鋼筋混凝土造,1080416,164.62,3,2,2,有,有,6590000,41226,坡道平面,26.6,900000,交易內含機車位1個,RPSOMLRKRHOFFFK57CA,81.55,0.0,8.97,,
頭份市,房地(土地+建物)+車位,苗栗縣頭份市山下里８鄰翠亨路１４６號五樓,24.82,住,,,1080506,土地1建物1車位1,五層,十四層,住宅大樓(11層含以上有電梯),住家用,鋼筋混凝土造,1080416,164.17000000000002,3,2,2,有,有,6700000,42157,坡道平面,26.6,900000,交易內含機車位1個,RPWOMLRKRHOFFFK97CA,81.53,0.0,8.67,,
頭份市,房地(土地+建物)+車位,苗栗縣頭份市山下里８鄰翠亨路１６２號七樓,26.54,住,,,1080524,土地1建物1車位1,七層,十四層,住宅大樓(11層含以上有電梯),住家用,鋼筋混凝土造,1080416,179.82,3,2,2,有,有,7370000,43233,坡道平面,29.02,850000,交易內含機車位2個,RPRNMLSKRHOFFFK47CA,87.3,0.0,9.3,,
頭份市,房地(土地+建物)+車位,苗栗縣頭份市民權里４鄰銀河路２５２號五樓,27.28,住,,,1080506,土地1建物1車位1,五層,十三層,住宅大樓(11層含以上有電梯),住家用,鋼筋混凝土造,1070809,147.68,3,2,2,有,有,5900000,40349,坡道平面,26.24,1000000,,RPTNMLPLRHOFFFK47CA,73.36,1.52,6.96,,
後龍鎮,土地,崎頂段297-19地號,334.0,,一般農業區,農牧用地,1080531,土地1建物0車位0,,,其他,,,,0.0,0,0,0,有,無,1300000,3892,,0.0,0,含增建或未登記建物。；,RPSOMLMJIIOFFDK58CA,0.0,0.0,0.0,,
公館鄉,房地(土地+建物),苗栗縣公館鄉尖山村１３鄰１８５１號,203.13,,特定農業區,甲種建築用地,1080524,土地1建物1車位0,全,一層,透天厝,住家用,木造,0320301,94.0,2,1,1,有,無,1600000,17021,,0.0,0,,RPQNMLMLIIOFFBK38DA,94.0,0.0,0.0,,
頭份市,房地(土地+建物)+車位,苗栗縣頭份市山下里８鄰翠亨路１５８號七樓,26.57,住,,,1080501,土地1建物1車位1,七層,十四層,住宅大樓(11層含以上有電梯),住家用,鋼筋混凝土造,1080416,173.57999999999998,3,2,2,有,有,7300000,43543,坡道平面,26.6,900000,交易內含機車位1個,RPRNMLQLRHOFFFK37CA,87.3,0.0,9.3,,
竹南鎮,土地,新山佳段425-6地號,14.68,住,,,1080506,土地1建物0車位0,,,其他,,,,0.0,0,0,0,有,無,389000,26499,,0.0,0,畸零地或有合併使用之交易。；,RPUNMLTJIIOFFDK76CA,0.0,0.0,0.0,,
苗栗市,土地,勝利段2747-202地號,115.0,住,,,1080503,土地1建物0車位0,,,其他,,,,0.0,0,0,0,有,無,5200000,45217,,0.0,0,,RPQOMLRLRHOFFBK07CA,0.0,0.0,0.0,,
竹南鎮,房地(土地+建物)+車位,苗栗縣竹南鎮開元里１０鄰迎薰南路１２６號二樓,37.75,住,,,1080528,土地1建物1車位1,二層,七層,華廈(10層含以下有電梯),住家用,鋼筋混凝土造,1080327,158.8,3,2,2,有,有,6600000,47337,坡道平面,37.33,850000,,RPTNMLMJIIOFFDK58CA,76.19,0.0,7.21,,
竹南鎮,土地,新山佳段425-1地號,4.52,住,,,1080517,土地1建物0車位0,,,其他,,,,0.0,0,0,0,有,無,119700,26482,,0.0,0,畸零地或有合併使用之交易。；,RPPNMLOJIIOFFDK38CA,0.0,0.0,0.0,,
竹南鎮,房地(土地+建物)+車位,苗栗縣竹南鎮開元里１０鄰迎薰南路１１８號四樓,39.99,住,,,1080526,土地1建物1車位1,四層,七層,華廈(10層含以下有電梯),住家用,鋼筋混凝土造,1080327,166.85,3,2,2,有,有,7180000,48873,坡道平面,37.33,850000,,RPWNMLNJIIOFFDK98CA,78.8,0.0,9.52,,
竹南鎮,房地(土地+建物)+車位,苗栗縣竹南鎮開元里１０鄰迎薰南路１２０號七樓,29.92,住,,,1080506,土地1建物1車位1,七層,七層,華廈(10層含以下有電梯),住家用,鋼筋混凝土造,1080327,133.77,2,2,1,有,有,5350000,46661,坡道平面,37.33,850000,,RPXNMLNJIIOFFDK09CA,58.93,0.0,6.83,,
頭份市,房地(土地+建物)+車位,苗栗縣頭份市山下里９鄰永忠街５０號二樓,11.89,商,,,1080531,土地1建物1車位1,二層,十五層,住宅大樓(11層含以上有電梯),住家用,鋼筋混凝土造,1060731,120.05,2,2,1,有,有,5200000,47485,坡道平面,31.18,980000,,RPSNMLSJIIOFFFK66CA,53.59,2.21,6.74,,
三灣鄉,土地,九份寮段528地號,65950.28,,山坡地保育區,農牧用地,1080516,土地5建物0車位0,,,其他,,,,0.0,0,0,0,有,無,10200000,155,,0.0,0,,RPPNMLLJIIOFFFK28CA,0.0,0.0,0.0,,
頭份市,房地(土地+建物)+車位,苗栗縣頭份市東庄里１９鄰富強二街１６號二樓,28.15,住,,,1080506,土地1建物1車位1,二層,十四層,住宅大樓(11層含以上有電梯),住家用,鋼筋混凝土造,1080806,160.7,3,2,2,有,有,5580000,37490,坡道平面,37.2,950000,,RPUOMLKMIIOFFFK09CA,76.46,0.0,8.59,,
頭份市,房地(土地+建物)+車位,苗栗縣頭份市東庄里１９鄰富強二街５０號六樓,28.15,住,,,1080506,土地1建物1車位1,六層,十五層,住宅大樓(11層含以上有電梯),住家用,鋼筋混凝土造,1080806,163.91,3,2,2,有,有,5980000,39302,坡道平面,37.2,1000000,,RPPPMLLMIIOFFFK78CA,77.09,1.66,9.09,,
頭份市,房地(土地+建物)+車位,苗栗縣頭份市東庄里１９鄰富強二街５０號十樓,28.15,住,,,1080513,土地1建物1車位1,十層,十五層,住宅大樓(11層含以上有電梯),住家用,鋼筋混凝土造,1080806,163.91,3,2,2,有,有,6040000,39776,坡道平面,37.2,1000000,,RPQPMLLMIIOFFFK88CA,77.09,1.66,9.09,,
頭份市,房地(土地+建物)+車位,苗栗縣頭份市東庄里１９鄰富強二街３０號六樓,28.15,住,,,1080506,土地1建物1車位1,六層,十五層,住宅大樓(11層含以上有電梯),住家用,鋼筋混凝土造,1080806,163.92,3,2,2,有,有,6000000,39457,坡道平面,37.2,1000000,,RPUOMLLMIIOFFFK56CA,77.1,1.66,9.09,,
頭份市,房地(土地+建物)+車位,苗栗縣頭份市東庄里１９鄰富強二街３０號十樓,28.15,住,,,1080513,土地1建物1車位1,十層,十五層,住宅大樓(11層含以上有電梯),住家用,鋼筋混凝土造,1080806,163.92,3,2,2,有,有,6100000,40641,坡道平面,37.2,950000,,RPVOMLLMIIOFFFK66CA,77.1,1.66,9.09,,
竹南鎮,房地(土地+建物)+車位,苗栗縣竹南鎮大埔里２鄰科專七路１９５號十一樓之一,26.06,住,,,1080528,土地1建物1車位1,十一層,十二層,住宅大樓(11層含以上有電梯),住家用,見其他登記事項,1050414,91.86,2,2,1,有,有,4720000,51383,其他,0.0,0,,RPTPMLOLIIOFFDK56CA,50.82,0.0,5.75,,
竹南鎮,房地(土地+建物)+車位,苗栗縣竹南鎮大埔里２鄰科專七路２０５號十一樓之二,26.13,住,,,1080528,土地1建物1車位1,十一層,十二層,住宅大樓(11層含以上有電梯),住家用,見其他登記事項,1050414,92.05,2,2,1,有,有,4750000,51602,其他,0.0,0,,SPTPMLOLIIOFFDK66CA,51.01,0.0,5.75,,
頭份市,房地(土地+建物)+車位,苗栗縣頭份市民生街４２號四樓,17.25,住,,,1080530,土地1建物1車位1,四層,十二層,住宅大樓(11層含以上有電梯),住家用,鋼筋混凝土造,1080910,122.25999999999999,2,2,1,有,有,4450000,39809,坡道平面,34.34,950000,土地及建物分次登記案件。前案土地登記收件字號：；,RPUUMLLMIIOFFFK17CA,55.34,0.0,3.71,,
苗栗市,土地,苗栗段67-20地號,252.0,住,,,1080531,土地2建物0車位0,,,其他,,,,0.0,0,0,0,有,無,11430000,45357,,0.0,0,,RPPNMLTLIIOFFBK88CA,0.0,0.0,0.0,,
苑裡鎮,土地,苑港段1616-2地號,758.0,農,,,1080427,土地2建物0車位0,,,其他,,,,0.0,0,0,0,有,無,4250000,5607,,0.0,0,,RPQNMLPJRHOFFCK66CA,0.0,0.0,0.0,,
苗栗市,土地,恭敬段1383地號,42.0,都市：其他:道路用地,,,1080430,土地1建物0車位0,,,其他,,,,0.0,0,0,0,有,無,1464204,34862,,0.0,0,包含公共設施保留地之交易。；,RPRNMLKKRHOFFBK88CA,0.0,0.0,0.0,,
通霄鎮,土地,土城段512-5地號,162.0,,山坡地保育區,丙種建築用地,1080424,土地1建物0車位0,,,其他,,,,0.0,0,0,0,有,無,1700000,10494,,0.0,0,親友、員工或其他特殊關係間之交易。；含增建或未登記建物。；,RPSNMLOJRHOFFCK76CA,0.0,0.0,0.0,,
頭份市,房地(土地+建物),苗栗縣頭份市中興里７鄰中興路３７９巷２０弄５１號,104.2,住,,,1080413,土地4建物1車位0,全,三層,透天厝,住家用,鋼筋混凝土造,1080430,177.55,3,2,4,有,有,12250000,68995,,0.0,0,,RPQOMLQLQHOFFFK27CA,167.87,0.0,9.68,,
三義鄉,土地,西湖段1-1地號,47970.9,,山坡地保育區,農牧用地,1080409,土地3建物0車位0,,,其他,,,,0.0,0,0,0,有,無,21766796,454,,0.0,0,,RPPNMLLLQHOFFEK09CA,0.0,0.0,0.0,,
苗栗市,土地,恭敬段1248地號,2.5,都市：其他:道路,,,1080430,土地1建物0車位0,,,其他,,,,0.0,0,0,0,有,無,106043,42417,,0.0,0,包含公共設施保留地之交易。；,RPPNMLQKRHOFFBK66CA,0.0,0.0,0.0,,
苗栗市,土地,恭敬段1395地號,28.0,都市：其他:道路用地,,,1080430,土地1建物0車位0,,,其他,,,,0.0,0,0,0,有,無,976136,34862,,0.0,0,包含公共設施保留地之交易。；,RPSPMLMKRHOFFBK76CA,0.0,0.0,0.0,,
苗栗市,土地,恭敬段1397地號,133.0,都市：其他:道路用地,,,1080430,土地3建物0車位0,,,其他,,,,0.0,0,0,0,有,無,4636646,34862,,0.0,0,包含公共設施保留地之交易。；,RPTPMLMKRHOFFBK86CA,0.0,0.0,0.0,,
苗栗市,土地,恭敬段1248地號,2.5,都市：其他:道路用地,,,1080430,土地1建物0車位0,,,其他,,,,0.0,0,0,0,有,無,106043,42417,,0.0,0,包含公共設施保留地之交易。；,RPUNMLMKRHOFFBK76CA,0.0,0.0,0.0,,
苗栗市,土地,恭敬段1257地號,94.0,都市：其他:道路用地,,,1080430,土地2建物0車位0,,,其他,,,,0.0,0,0,0,有,無,3277028,34862,,0.0,0,包含公共設施保留地之交易。；,RPVNMLMKRHOFFBK86CA,0.0,0.0,0.0,,
苗栗市,土地,恭敬段1292地號,16.0,都市：其他:道路用地,,,1080430,土地1建物0車位0,,,其他,,,,0.0,0,0,0,有,無,557792,34862,,0.0,0,包含公共設施保留地之交易。；,RPPOMLMKRHOFFBK98CA,0.0,0.0,0.0,,
苗栗市,土地,恭敬段1297地號,23.0,都市：其他:道路用地,,,1080430,土地2建物0車位0,,,其他,,,,0.0,0,0,0,有,無,801826,34862,,0.0,0,包含公共設施保留地之交易。；,RPQOMLMKRHOFFBK09CA,0.0,0.0,0.0,,
苗栗市,土地,恭敬段1303地號,233.0,都市：其他:道路用地,,,1080430,土地2建物0車位0,,,其他,,,,0.0,0,0,0,有,無,8122846,34862,,0.0,0,包含公共設施保留地之交易。；,RPROMLMKRHOFFBK56CA,0.0,0.0,0.0,,
苗栗市,土地,恭敬段1301地號,102.0,都市：其他:道路用地,,,1080430,土地1建物0車位0,,,其他,,,,0.0,0,0,0,有,無,3555924,34862,,0.0,0,包含公共設施保留地之交易。；,RPSOMLMKRHOFFBK66CA,0.0,0.0,0.0,,
苗栗市,土地,恭敬段1303-1地號,183.0,都市：其他:道路用地,,,1080430,土地1建物0車位0,,,其他,,,,0.0,0,0,0,有,無,6379746,34862,,0.0,0,包含公共設施保留地之交易。；,RPUOMLMKRHOFFBK86CA,0.0,0.0,0.0,,
苗栗市,土地,恭敬段1378地號,2.0,都市：其他:道路用地,,,1080430,土地1建物0車位0,,,其他,,,,0.0,0,0,0,有,無,69724,34862,,0.0,0,包含公共設施保留地之交易。；,RPVOMLMKRHOFFBK96CA,0.0,0.0,0.0,,
苗栗市,土地,恭敬段1379地號,32.5,都市：其他:道路用地,,,1080430,土地1建物0車位0,,,其他,,,,0.0,0,0,0,有,無,1133015,34862,,0.0,0,包含公共設施保留地之交易。；,RPWOMLMKRHOFFBK07CA,0.0,0.0,0.0,,
苗栗市,土地,恭敬段1243地號,326.0,都市：其他:道路用地,,,1080430,土地2建物0車位0,,,其他,,,,0.0,0,0,0,有,無,13837253,42446,,0.0,0,包含公共設施保留地之交易。；,RPTNMLKKRHOFFBK09CA,0.0,0.0,0.0,,
苗栗市,土地,恭敬段1384地號,85.0,都市：其他:道路用地,,,1080430,土地1建物0車位0,,,其他,,,,0.0,0,0,0,有,無,2963270,34862,,0.0,0,包含公共設施保留地之交易。；,RPOPMLMKRHOFFBK98CA,0.0,0.0,0.0,,
苗栗市,土地,恭敬段1260地號,13.0,都市：其他:道路用地,,,1080430,土地1建物0車位0,,,其他,,,,0.0,0,0,0,有,無,453206,34862,,0.0,0,包含公共設施保留地之交易。；,RPOOMLSKRHOFFBK86CA,0.0,0.0,0.0,,
苗栗市,土地,恭敬段1385地號,42.5,都市：其他:道路用地,,,1080430,土地1建物0車位0,,,其他,,,,0.0,0,0,0,有,無,1481635,34862,,0.0,0,包含公共設施保留地之交易。；,RPROMLSKRHOFFBK17CA,0.0,0.0,0.0,,
苗栗市,土地,恭敬段1293地號,5.0,都市：其他:道路用地,,,1080430,土地1建物0車位0,,,其他,,,,0.0,0,0,0,有,無,174310,34862,,0.0,0,包含公共設施保留地之交易。；,RPSOMLSKRHOFFBK27CA,0.0,0.0,0.0,,
後龍鎮,土地,龍社段1168地號,4677.79,,山坡地保育區,丁種建築用地,1080422,土地2建物0車位0,,,其他,,,,0.0,0,0,0,有,無,70751500,15125,,0.0,0,承租人承買,RPPNMLLLQHOFFDK98CA,0.0,0.0,0.0,,
頭份市,房地(土地+建物),苗栗縣頭份市興隆里４鄰興隆路一段３０１號,351.1,,山坡地保育區,丙種建築用地,1080404,土地3建物2車位0,一層，騎樓,一層,廠辦,住家用,加強磚造,0701005,157.16,0,0,0,無,無,7300000,46449,,0.0,0,,RPRNMLMJRHOFFFK76CA,157.16,0.0,0.0,,
苗栗市,土地,恭敬段1291地號,20.5,都市：其他:道路用地,,,1080430,土地1建物0車位0,,,其他,,,,0.0,0,0,0,有,無,714671,34862,,0.0,0,包含公共設施保留地之交易。；,RPPOMLSKRHOFFBK96CA,0.0,0.0,0.0,,
苗栗市,土地,恭敬段1291地號,20.5,都市：其他:道路用地,,,1080430,土地1建物0車位0,,,其他,,,,0.0,0,0,0,有,無,714671,34862,,0.0,0,包含公共設施保留地之交易。；,RPQOMLSKRHOFFBK07CA,0.0,0.0,0.0,,
苗栗市,土地,恭敬段1385地號,42.5,都市：其他:道路用地,,,1080430,土地1建物0車位0,,,其他,,,,0.0,0,0,0,有,無,1481635,34862,,0.0,0,包含公共設施保留地之交易。；,RPQPMLMKRHOFFBK56CA,0.0,0.0,0.0,,
苗栗市,土地,恭敬段1244地號,71.67,都市：其他:道路用地,,,1080430,土地1建物0車位0,,,其他,,,,0.0,0,0,0,有,無,3707173,51726,,0.0,0,包含公共設施保留地之交易。；,RPOOMLKKRHOFFBK68CA,0.0,0.0,0.0,,
苗栗市,土地,恭敬段1244地號,35.83,都市：其他:道路用地,,,1080430,土地1建物0車位0,,,其他,,,,0.0,0,0,0,有,無,1853587,51733,,0.0,0,包含公共設施保留地之交易。；,RPPOMLKKRHOFFBK78CA,0.0,0.0,0.0,,
苗栗市,土地,恭敬段1379地號,32.5,都市：其他:道路用地,,,1080430,土地1建物0車位0,,,其他,,,,0.0,0,0,0,有,無,1133015,34862,,0.0,0,包含公共設施保留地之交易。；,RPXOMLMKRHOFFBK17CA,0.0,0.0,0.0,,
苗栗市,土地,恭敬段1244地號,23.89,都市：其他:道路,,,1080430,土地1建物0車位0,,,其他,,,,0.0,0,0,0,有,無,1235724,51726,,0.0,0,包含公共設施保留地之交易。；,RPQNMLQKRHOFFBK76CA,0.0,0.0,0.0,,
造橋鄉,土地,造橋段939-2地號,182.0,,,,1080415,土地1建物0車位0,,,其他,,,,0.0,0,0,0,有,無,91000,500,,0.0,0,親友、員工或其他特殊關係間之交易。；畸零地或有合併使用之交易。；,RPOOMLLLQHOFFDK98CA,0.0,0.0,0.0,,
銅鑼鄉,土地,竹森段1608地號,6661.75,,山坡地保育區,農牧用地,1080410,土地5建物0車位0,,,其他,,,,0.0,0,0,0,有,無,7000000,1051,,0.0,0,親友、員工或其他特殊關係間之交易。；,RPQNMLQLQHOFFEK07CA,0.0,0.0,0.0,,
銅鑼鄉,房地(土地+建物)+車位,苗栗縣銅鑼鄉銅鑼村３２鄰永樂路６之７號五樓之二,53.14,住,,,1080422,土地2建物1車位1,五層,五層,華廈(10層含以下有電梯),住家用,見其他登記事項,1071105,129.6,3,2,2,有,有,6400000,49383,一樓平面,0.0,500000,,RPPNMLKLRHOFFEK56DA,82.89,0.0,7.97,,
頭份市,土地,上興段1057地號,118.02,,山坡地保育區,丙種建築用地,1080427,土地1建物0車位0,,,其他,,,,0.0,0,0,0,有,無,380000,3220,,0.0,0,,RPXOMLKKRHOFFFK37CA,0.0,0.0,0.0,,
頭份市,土地,上興段1057-19地號,26.85,,山坡地保育區,丙種建築用地,1080427,土地1建物0車位0,,,其他,,,,0.0,0,0,0,有,無,320000,11918,,0.0,0,,RPOPMLKKRHOFFFK56CA,0.0,0.0,0.0,,
竹南鎮,房地(土地+建物)+車位,苗栗縣竹南鎮開元里１０鄰迎薰南路１２０號六樓,29.92,住,,,1080413,土地1建物1車位1,六層,七層,華廈(10層含以下有電梯),住家用,鋼筋混凝土造,1080327,133.77,2,2,1,有,有,5350000,46661,坡道平面,37.33,850000,,RPRNMLOJRHOFFDK76CA,58.93,0.0,6.83,,
銅鑼鄉,房地(土地+建物)+車位,苗栗縣銅鑼鄉銅鑼村３２鄰永樂路６之７號五樓之三,44.11,住,,,1080422,土地2建物1車位1,五層,五層,華廈(10層含以下有電梯),住家用,見其他登記事項,1071105,111.61000000000001,2,2,1,有,有,5300000,47487,一樓平面,0.0,500000,,RPPNMLRKRHOFFEK17DA,64.94,0.0,7.93,,
造橋鄉,房地(土地+建物),苗栗縣造橋鄉大西村２鄰慈聖路二段２５７巷５號,83.84,,山坡地保育區,丙種建築用地,1080418,土地2建物1車位0,全,四層,透天厝,住家用,鋼筋混凝土造,0840801,177.78,4,1,3,有,無,2500000,14062,,0.0,0,,RPRNMLQLQHOFFDK07CA,171.69,0.0,6.09,,
公館鄉,土地,鶴子岡段199-2地號,192.0,,鄉村區,乙種建築用地,1080407,土地1建物0車位0,,,其他,,,,0.0,0,0,0,有,無,4480000,23333,,0.0,0,,RPPNMLSLQHOFFBK86CA,0.0,0.0,0.0,,
通霄鎮,土地,大坪頂段323地號,15344.0,,山坡地保育區,特定目的事業用地,1080403,土地1建物0車位0,,,其他,,,,0.0,0,0,0,有,無,23000000,1499,,0.0,0,,RPRNMLSLQHOFFCK17CA,0.0,0.0,0.0,,
頭份市,土地,斗煥段690-1地號,119.79,,山坡地保育區,丙種建築用地,1080411,土地1建物0車位0,,,其他,,,,0.0,0,0,0,有,無,2700000,22539,,0.0,0,總價包含未保存登記之建物親友、員工或其他特殊關係間之交易。；,RPSNMLTJRHOFFFK57CA,0.0,0.0,0.0,,
後龍鎮,土地,苦苓腳段370-61地號,2854.0,,特定農業區,農牧用地,1080410,土地2建物0車位0,,,其他,,,,0.0,0,0,0,有,無,5180000,1815,,0.0,0,,RPUNMLKKRHOFFDK76CA,0.0,0.0,0.0,,
苑裡鎮,土地,苑南段931地號,573.65,住,,,1080402,土地1建物0車位0,,,其他,,,,0.0,0,0,0,有,無,30627500,53391,,0.0,0,,RPPNMLOJRHOFFCK09CA,0.0,0.0,0.0,,
頭份市,房地(土地+建物)+車位,苗栗縣頭份市山下里８鄰翠亨路１５８號八樓,26.57,住,,,1080417,土地1建物1車位1,八層,十四層,住宅大樓(11層含以上有電梯),住家用,鋼筋混凝土造,1080416,171.41,3,2,2,有,有,7350000,43884,坡道平面,24.43,900000,交易內含機車位1個,RPWNMLPJRHOFFFK57CA,87.3,0.0,9.3,,
頭份市,房地(土地+建物)+車位,苗栗縣頭份市山下里８鄰翠亨路１６２號十樓,26.54,住,,,1080420,土地1建物1車位1,十層,十四層,住宅大樓(11層含以上有電梯),住家用,鋼筋混凝土造,1080416,173.56,3,2,2,有,有,7600000,45250,坡道平面,26.6,950000,交易內含機車位1個,RPXNMLPJRHOFFFK67CA,87.3,0.0,9.3,,
頭份市,房地(土地+建物)+車位,苗栗縣頭份市山下里８鄰翠亨路１５６號七樓,24.86,住,,,1080420,土地1建物1車位1,七層,十四層,住宅大樓(11層含以上有電梯),住家用,鋼筋混凝土造,1080416,164.62,3,2,2,有,有,7000000,44196,坡道平面,26.6,900000,交易內含機車位1個,RPQOMLPJRHOFFFK07CA,81.55,0.0,8.97,,
頭份市,房地(土地+建物)+車位,苗栗縣頭份市山下里８鄰翠亨路１５０號六樓,24.86,住,,,1080402,土地1建物1車位1,六層,十四層,住宅大樓(11層含以上有電梯),住家用,鋼筋混凝土造,1080416,164.62,3,2,2,有,有,6700000,42023,坡道平面,26.6,900000,交易內含機車位1個,RPOPMLPJRHOFFFK96CA,81.55,0.0,8.97,,
苗栗市,房地(土地+建物),苗栗縣苗栗市文山里８鄰文發路１５７巷４８號,132.62,住,,,1080409,土地3建物1車位0,全,四層,透天厝,住家用,鋼筋混凝土造,1080325,222.05,6,2,3,有,無,10300000,46386,,0.0,0,土地及建物分次登記案件。前案土地登記收件字號：；,RPSNMLSLRHOFFBK27CA,206.98,0.0,15.07,,
公館鄉,房地(土地+建物),苗栗縣公館鄉館南村２鄰民權街７號三樓之二,31.26,住,,,1080417,土地1建物1車位0,三層,五層,華廈(10層含以下有電梯),住家用,鋼筋混凝土造,1080614,91.05,2,1,1,有,無,4150000,45579,,0.0,0,,RPSNMLSKRHOFFBK17CA,52.16,0.0,8.12,,
頭份市,房地(土地+建物)+車位,苗栗縣頭份市東庄里１９鄰富強二街２０號十一樓,20.36,住,,,1080408,土地1建物1車位1,十一層,十四層,住宅大樓(11層含以上有電梯),住家用,鋼筋混凝土造,1080806,128.0,2,2,1,有,有,4580000,40524,坡道平面,37.19,900000,,RPWNMLRJRHOFFFK77CA,55.37,2.13,5.46,,
頭份市,房地(土地+建物),苗栗縣頭份市上興里１６鄰永和路２４２號,98.21,,山坡地保育區,丙種建築用地,1080417,土地2建物1車位0,全,四層,透天厝,商業用,鋼筋混凝土造,0860827,218.21,4,2,4,有,無,4000000,18331,,0.0,0,,RPVNMLNJIIOFFFK09CA,172.75,45.46,0.0,,
頭份市,房地(土地+建物)+車位,苗栗縣頭份市東庄里１９鄰富強二街１０號十二樓,20.36,住,,,1080415,土地1建物1車位1,十二層,十四層,住宅大樓(11層含以上有電梯),住家用,鋼筋混凝土造,1080806,128.0,2,2,1,有,有,4540000,40084,坡道平面,37.19,900000,,RPSNMLKLRHOFFFK86CA,55.37,2.13,5.46,,
三灣鄉,土地,崁頂寮段452-8地號,43387.78,,山坡地保育區,農牧用地,1080425,土地20建物0車位0,,,其他,,,,0.0,0,0,0,有,無,13380000,308,,0.0,0,,RPUNMLRKRHOFFFK67CA,0.0,0.0,0.0,,
頭份市,房地(土地+建物)+車位,苗栗縣頭份市東庄里１９鄰富強二街１８號九樓,28.15,住,,,1080415,土地1建物1車位1,九層,十四層,住宅大樓(11層含以上有電梯),住家用,鋼筋混凝土造,1080806,162.36,3,2,2,有,有,5800000,38747,坡道平面,37.19,950000,,RPWNMLKLRHOFFFK27CA,76.46,1.66,8.59,,
頭份市,房地(土地+建物)+車位,苗栗縣頭份市山下里８鄰翠亨路１５０號七樓,24.86,住,,,1080428,土地1建物1車位2,七層,十四層,住宅大樓(11層含以上有電梯),住家用,鋼筋混凝土造,1080416,189.05,3,2,2,有,有,7850000,43834,坡道平面,51.03,1800000,交易內含機車位1個,RPVOMLRKRHOFFFK87CA,81.55,0.0,8.97,,
頭份市,房地(土地+建物)+車位,苗栗縣頭份市東庄里１９鄰富強二街３２號十二樓,30.54,住,,,1080429,土地1建物1車位1,十二層,十五層,住宅大樓(11層含以上有電梯),住家用,鋼筋混凝土造,1080806,170.64,3,2,2,有,有,6330000,40315,坡道平面,37.19,950000,,RPWPMLKLRHOFFFK47CA,80.77,1.38,10.67,,
頭份市,土地,東庄段1487地號,20.25,住,,,1080422,土地1建物0車位0,,,其他,,,,0.0,0,0,0,有,無,581878,28735,,0.0,0,全部土地簽立一份買賣契約書，移轉持分1/9,RPUNMLKMRHOFFFK17CA,0.0,0.0,0.0,,
竹南鎮,房地(土地+建物)+車位,苗栗縣竹南鎮開元里１０鄰迎薰南路１２２號五樓,29.92,住,,,1080413,土地1建物1車位1,五層,七層,華廈(10層含以下有電梯),住家用,鋼筋混凝土造,1080327,133.07999999999998,2,2,1,有,有,5450000,48042,坡道平面,37.33,850000,,RPSNMLMJIIOFFDK48CA,58.93,0.0,6.84,,
頭份市,房地(土地+建物)+車位,苗栗縣頭份市山下里８鄰翠亨路１６２號六樓,26.54,住,,,1080401,土地1建物1車位1,六層,十四層,住宅大樓(11層含以上有電梯),住家用,鋼筋混凝土造,1080416,173.56,3,2,2,有,有,7100000,42529,坡道平面,26.6,850000,交易內含機車位1個,RPRNMLOLRHOFFFK17CA,87.3,0.0,9.3,,
竹南鎮,房地(土地+建物)+車位,苗栗縣竹南鎮開元里１０鄰迎薰南路１３０號四樓,38.03,住,,,1080411,土地1建物1車位1,四層,七層,華廈(10層含以下有電梯),住家用,鋼筋混凝土造,1080327,157.09,3,2,2,有,有,6500000,47178,坡道平面,37.33,850000,,RPVNMLNJIIOFFDK88CA,76.61,0.0,7.08,,
頭份市,房地(土地+建物)+車位,苗栗縣頭份市東庄里１９鄰富強二街１０號十三樓,20.36,住,,,1080408,土地1建物1車位1,十三層,十四層,住宅大樓(11層含以上有電梯),住家用,鋼筋混凝土造,1080806,128.0,2,2,1,有,有,4600000,40744,坡道平面,37.19,900000,,RPQNMLLKIIOFFFK48CA,55.37,2.13,5.46,,
頭份市,房地(土地+建物)+車位,苗栗縣頭份市東庄里１９鄰富強二街１６號六樓,28.15,住,,,1080401,土地1建物1車位1,六層,十四層,住宅大樓(11層含以上有電梯),住家用,鋼筋混凝土造,1080806,162.38,3,2,2,有,有,5800000,39141,坡道平面,37.19,900000,,RPSNMLLKIIOFFFK68CA,76.48,1.66,8.59,,
頭份市,房地(土地+建物)+車位,苗栗縣頭份市東庄里１９鄰富強二街２２號十四樓,20.36,住,,,1080415,土地1建物1車位1,十四層,十四層,住宅大樓(11層含以上有電梯),住家用,鋼筋混凝土造,1080806,127.93,2,2,1,有,有,4520000,39894,坡道平面,37.19,900000,,RPUNMLLKIIOFFFK88CA,55.3,2.13,5.46,,
頭份市,房地(土地+建物)+車位,苗栗縣頭份市山下里８鄰翠亨路１５２號四樓,24.82,住,,,1080420,土地1建物1車位1,四層,十四層,住宅大樓(11層含以上有電梯),住家用,鋼筋混凝土造,1080416,164.17000000000002,3,2,2,有,有,6500000,40704,坡道平面,26.6,900000,交易內含機車位1個,RPPOMLRLRHOFFFK37CA,81.53,0.0,8.67,,
頭份市,房地(土地+建物)+車位,苗栗縣頭份市山下里８鄰翠亨路１６６號五樓,26.5,住,,,1080413,土地1建物1車位1,五層,十四層,住宅大樓(11層含以上有電梯),住家用,鋼筋混凝土造,1080416,173.09,3,2,2,有,有,7100000,41980,坡道平面,26.6,950000,交易內含機車位1個,RPSOMLRLRHOFFFK67CA,87.28,0.0,8.98,,
頭份市,房地(土地+建物)+車位,苗栗縣頭份市東庄里１９鄰富強二街２０號十二樓,20.36,住,,,1080429,土地1建物1車位1,十二層,十四層,住宅大樓(11層含以上有電梯),住家用,鋼筋混凝土造,1080806,128.0,2,2,1,有,有,4500000,39648,坡道平面,37.2,900000,,RPVNMLLMIIOFFFK56CA,55.37,2.13,5.46,,
頭份市,房地(土地+建物)+車位,苗栗縣頭份市東庄里１９鄰富強二街１６號八樓,28.15,住,,,1080401,土地1建物1車位1,八層,十四層,住宅大樓(11層含以上有電梯),住家用,鋼筋混凝土造,1080806,163.60000000000002,3,2,2,有,有,5900000,39939,坡道平面,38.41,900000,,RPPPMLLKIIOFFFK58CA,76.48,1.66,8.59,,
頭份市,房地(土地+建物)+車位,苗栗縣頭份市東庄里１９鄰富強二街５２號四樓,30.54,住,,,1080408,土地1建物1車位1,,十五層,住宅大樓(11層含以上有電梯),住家用,鋼筋混凝土造,1080806,170.64,3,2,2,有,有,6100000,38969,坡道平面,37.2,900000,,RPUPMLLMIIOFFFK66CA,80.77,1.38,10.67,,
頭份市,房地(土地+建物)+車位,苗栗縣頭份市民生街４０號六樓,24.36,住,,,1080406,土地1建物1車位1,六層,十二層,住宅大樓(11層含以上有電梯),住家用,鋼筋混凝土造,1080910,159.45999999999998,3,2,2,有,有,6080000,40555,坡道平面,35.43,1050000,土地及建物分次登記案件。前案土地登記收件字號：；,RPTSMLLMIIOFFFK86CA,73.58,0.0,9.75,,
頭份市,房地(土地+建物)+車位,苗栗縣頭份市民生街３２號十二樓,17.25,住,,,1080410,土地1建物1車位1,十二層,十二層,住宅大樓(11層含以上有電梯),住家用,鋼筋混凝土造,1080910,123.31,2,2,1,有,有,4550000,39827,坡道平面,35.43,1050000,土地及建物分次登記案件。前案土地登記收件字號：；,RPSUMLLMIIOFFFK96CA,55.34,0.0,3.71,,
頭份市,房地(土地+建物)+車位,苗栗縣頭份市山下里８鄰八德二路３３８號,85.5,住,,,1080416,土地1建物1車位1,一層,十四層,店面(店鋪),商業用,鋼筋混凝土造,1080416,121.6,0,0,1,有,有,10450000,100000,坡道平面,26.6,950000,交易內含機車位1個,RPRNMLLLIIOFFFK68CA,69.13,0.0,0.0,,
頭份市,房地(土地+建物)+車位,苗栗縣頭份市山下里８鄰八德二路３５２號,108.73,住,,,1080416,土地1建物1車位1,一層,十四層,店面(店鋪),商業用,鋼筋混凝土造,1080416,118.8,0,0,1,有,有,10450000,103026,坡道平面,26.6,950000,交易內含機車位1個,RPSNMLLLIIOFFFK78CA,66.83,0.0,0.0,,
頭份市,房地(土地+建物)+車位,苗栗縣頭份市東庄里１９鄰富強二街１８號二樓,28.15,住,,,1080422,土地1建物1車位1,二層,十四層,住宅大樓(11層含以上有電梯),住家用,鋼筋混凝土造,1080806,160.7,3,2,2,有,有,6050000,40891,坡道平面,37.2,1000000,,RPUSMLLMIIOFFFK96CA,76.46,0.0,8.59,,
頭份市,房地(土地+建物)+車位,苗栗縣頭份市東庄里１９鄰富強二街１８號六樓,28.15,住,,,1080429,土地1建物1車位1,六層,十四層,住宅大樓(11層含以上有電梯),住家用,鋼筋混凝土造,1080806,162.36,3,2,2,有,有,5800000,38750,坡道平面,37.2,950000,,RPVSMLLMIIOFFFK07CA,76.46,1.66,8.59,,
頭份市,房地(土地+建物)+車位,苗栗縣頭份市東庄里１９鄰富強二街１８號十樓,28.15,住,,,1080401,土地1建物1車位1,十層,十四層,住宅大樓(11層含以上有電梯),住家用,鋼筋混凝土造,1080806,162.36,3,2,2,有,有,5900000,39150,坡道平面,37.2,1000000,,RPXSMLLMIIOFFFK27CA,76.46,1.66,8.59,,
公館鄉,土地,關爺埔段1143地號,5787.15,,特定農業區,農牧用地,1080430,土地5建物0車位0,,,其他,,,,0.0,0,0,0,有,無,14170000,2449,,0.0,0,,RPUNMLPLIIOFFBK09DA,0.0,0.0,0.0,,
獅潭鄉,土地,八角林段434-3地號,246.0,,山坡地保育區,特定目的事業用地,1080418,土地1建物0車位0,,,其他,,,,0.0,0,0,0,有,無,558174,2269,,0.0,0,台灣電力公司電塔用地。,RPQNMLOLIIOFFAK38CA,0.0,0.0,0.0,,
頭份市,房地(土地+建物)+車位,苗栗縣頭份市民生街３２號七樓,17.25,住,,,1080410,土地1建物1車位1,七層,十二層,住宅大樓(11層含以上有電梯),住家用,鋼筋混凝土造,1080910,123.31,2,2,1,有,有,4660000,41079,坡道平面,35.43,1050000,土地及建物分次登記案件。前案土地登記收件字號：；,RPXUMLLMIIOFFFK47CA,55.34,0.0,3.71,,
頭份市,土地,大化段259地號,1866.15,,鄉村區,乙種建築用地,1080419,土地1建物0車位0,,,其他,,,,0.0,0,0,0,有,無,18000000,9646,,0.0,0,,RPPNMLOLIIOFFFK78CA,0.0,0.0,0.0,,
頭份市,房地(土地+建物)+車位,苗栗縣頭份市東庄里１９鄰富強二街６號,59.88,住,,,1080401,土地1建物1車位1,一層,十四層,店面(店鋪),商業用,鋼筋混凝土造,1080806,297.98,0,0,0,無,有,18100000,65573,坡道平面,37.2,1000000,,RPRNMLLJJIOFFFK58CA,164.01,0.0,14.18,,
頭份市,房地(土地+建物)+車位,苗栗縣頭份市東庄里１９鄰富強二街３２號八樓,30.54,住,,,1080429,土地1建物1車位1,八層,十五層,住宅大樓(11層含以上有電梯),住家用,鋼筋混凝土造,1080806,170.64,3,2,2,有,有,6220000,39868,坡道平面,37.2,900000,,RPXNMLMJJIOFFFK66CA,80.77,1.38,10.67,,
頭份市,房地(土地+建物)+車位,苗栗縣頭份市東庄里１９鄰富強二街３８號九樓,28.15,住,,,1080422,土地1建物1車位1,九層,十五層,住宅大樓(11層含以上有電梯),住家用,鋼筋混凝土造,1080806,163.93,3,2,2,有,有,6080000,40874,坡道平面,37.2,900000,,RPROMLMJJIOFFFK78CA,77.11,1.66,9.09,,
公館鄉,房地(土地+建物),苗栗縣公館鄉館南村１４鄰館南３５８之６號,142.0,,特定農業區,甲種建築用地,1080427,土地1建物1車位0,全,三層,透天厝,住家用,鋼筋混凝土造,1080610,161.88,5,2,3,有,無,9500000,58685,,0.0,0,,RPSNMLSKJIOFFBK09CA,150.73,0.0,11.15,,
竹南鎮,土地,頂科段288地號,237.8,住,,,1080424,土地1建物0車位0,,,其他,,,,0.0,0,0,0,有,無,4518200,19000,,0.0,0,買賣總價包含未辦建物第一次登記之建物親友、員工或其他特殊關係間之交易。；,RPTNMLLLJHPFFDK78CA,0.0,0.0,0.0,,
頭份市,房地(土地+建物),苗栗縣頭份市上興里１６鄰永祥街２號,369.75,,山坡地保育區,丙種建築用地,1080427,土地1建物1車位0,全,一層,透天厝,商業用,鋼筋混凝土造,0860827,325.51,0,0,1,有,無,4328000,13296,,0.0,0,,RPPOMLMLJIOFFFK78CA,325.51,0.0,0.0,,
苗栗市,土地,恭敬段1244地號,35.83,都市：其他:道路用地,,,1080331,土地1建物0車位0,,,其他,,,,0.0,0,0,0,有,無,1853587,51733,,0.0,0,包含公共設施保留地之交易。；,RPUNMLKKRHOFFBK56CA,0.0,0.0,0.0,,
竹南鎮,房地(土地+建物),苗栗縣竹南鎮營盤里１６鄰營盤邊４０之１１號,138.98,住,,,1080327,土地1建物1車位0,全,二層,透天厝,住家用,鋼筋混凝土造,0670620,159.56,5,2,3,有,無,6100000,38230,,0.0,0,親友、員工或其他特殊關係間之交易。；,RPSNMLMLQHOFFDK76CA,159.56,0.0,0.0,,
公館鄉,房地(土地+建物),苗栗縣公館鄉中義村８鄰中義１８６之１３號,265.13,,特定農業區,甲種建築用地,1080330,土地4建物1車位0,全,四層,透天厝,住家用,鋼筋混凝土造,1071022,256.41,5,2,6,有,無,11500000,44850,,0.0,0,親友、員工或其他特殊關係間之交易。；,RPUNMLNJRHOFFBK76CA,248.91,0.0,7.5,,
頭份市,房地(土地+建物),苗栗縣頭份市上興里１５鄰永昌街５巷７號,22.31,,山坡地保育區,丙種建築用地,1080327,土地1建物1車位0,一層,七層,華廈(10層含以下有電梯),住家用,鋼筋混凝土造,0860827,91.08,3,2,2,有,無,2350000,25801,,0.0,0,,RPXQMLKLRHOFFFK67CA,72.07,5.92,0.0,,
頭份市,房地(土地+建物)+車位,苗栗縣頭份市山下里８鄰翠亨路１６６號七樓,26.5,住,,,1080320,土地1建物1車位1,七層,十四層,住宅大樓(11層含以上有電梯),住家用,鋼筋混凝土造,1080416,173.09,3,2,2,有,有,7300000,43686,坡道平面,26.6,900000,交易內含機車位1個,RPROMLPJRHOFFFK17CA,87.28,0.0,8.98,,
苗栗市,房地(土地+建物),苗栗縣苗栗市文山里８鄰文發路１５７巷３８號,112.77,住,,,1080321,土地3建物1車位0,全,四層,透天厝,住家用,鋼筋混凝土造,1080325,211.13,5,2,3,有,無,9400000,44522,,0.0,0,土地及建物分次登記案件。前案土地登記收件字號：；,RPUNMLRLRHOFFBK37CA,195.78,0.0,15.35,,
苗栗市,房地(土地+建物),苗栗縣苗栗市文山里８鄰文發路１５７巷５３號,123.04,住,,,1080331,土地3建物1車位0,全,四層,透天厝,住家用,鋼筋混凝土造,1080325,221.8,6,2,3,有,無,9800000,44184,,0.0,0,土地及建物分次登記案件。前案土地登記收件字號：；,RPRNMLSLRHOFFBK17CA,206.4,0.0,15.4,,
頭份市,房地(土地+建物)+車位,苗栗縣頭份市山下里８鄰翠亨路１５２號三樓,24.82,住,,,1080302,土地1建物1車位1,三層,十四層,住宅大樓(11層含以上有電梯),住家用,鋼筋混凝土造,1080416,168.01999999999998,3,2,2,有,有,6570000,40447,坡道平面,26.6,850000,交易內含機車位2個,RPVNMLKKRHOFFFK07CA,81.53,0.0,8.67,,
頭份市,房地(土地+建物)+車位,苗栗縣頭份市山下里８鄰翠亨路１５２號九樓,24.82,住,,,1080310,土地1建物1車位1,九層,十四層,住宅大樓(11層含以上有電梯),住家用,鋼筋混凝土造,1080416,168.01999999999998,3,2,2,有,有,7180000,44053,坡道平面,26.6,950000,交易內含機車位2個,RPOOMLKKRHOFFFK09CA,81.53,0.0,8.67,,
通霄鎮,土地,大坪頂段546-1地號,10026.0,,山坡地保育區,農牧用地,1080315,土地2建物0車位0,,,其他,,,,0.0,0,0,0,有,無,6065730,605,,0.0,0,,RPUNMLMJIIOFFCK58CA,0.0,0.0,0.0,,
通霄鎮,土地,大坪頂段546-2地號,1087.0,,山坡地保育區,農牧用地,1080315,土地1建物0車位0,,,其他,,,,0.0,0,0,0,有,無,657635,605,,0.0,0,,RPVNMLMJIIOFFCK68CA,0.0,0.0,0.0,,
西湖鄉,土地,三湖段145-31地號,10098.0,,特定農業區,農牧用地,1080322,土地8建物0車位0,,,其他,,,,0.0,0,0,0,有,無,9889000,979,,0.0,0,,RPPNMLSKRHOFFEK17CA,0.0,0.0,0.0,,
頭份市,房地(土地+建物)+車位,苗栗縣頭份市山下里８鄰翠亨路１５２號七樓,24.82,住,,,1080310,土地1建物1車位1,七層,十四層,住宅大樓(11層含以上有電梯),住家用,鋼筋混凝土造,1080416,168.01999999999998,3,2,2,有,有,7030000,43346,坡道平面,26.6,900000,交易內含機車位2個,RPXOMLRKRHOFFFK08CA,81.53,0.0,8.67,,
竹南鎮,房地(土地+建物)+車位,苗栗縣竹南鎮開元里１０鄰迎薰南路１３６號四樓,37.75,住,,,1080330,土地1建物1車位1,四層,七層,華廈(10層含以下有電梯),住家用,鋼筋混凝土造,1080327,157.42000000000002,3,2,2,有,有,6350000,45799,坡道平面,37.33,850000,,RPSNMLNJIIOFFDK58CA,75.96,0.0,6.9,,
頭份市,房地(土地+建物)+車位,苗栗縣頭份市山下里８鄰翠亨路１５２號十樓,24.82,住,,,1080307,土地1建物1車位1,十層,十四層,住宅大樓(11層含以上有電梯),住家用,鋼筋混凝土造,1080416,164.17000000000002,3,2,2,有,有,7100000,44701,坡道平面,26.6,950000,交易內含機車位1個,RPTNMLQLRHOFFFK57CA,81.53,0.0,8.67,,
頭份市,房地(土地+建物)+車位,苗栗縣頭份市山下里８鄰翠亨路１５６號三樓,24.86,住,,,1080306,土地1建物1車位1,三層,十四層,住宅大樓(11層含以上有電梯),住家用,鋼筋混凝土造,1080416,164.62,3,2,2,有,有,6640000,41226,坡道平面,26.6,950000,交易內含機車位1個,RPUNMLPLRHOFFFK57CA,81.55,0.0,8.97,,
竹南鎮,房地(土地+建物)+車位,苗栗縣竹南鎮開元里１０鄰迎薰南路１２８號二樓,39.71,住,,,1080307,土地1建物1車位1,二層,七層,華廈(10層含以下有電梯),住家用,鋼筋混凝土造,1080327,162.20999999999998,3,2,2,有,有,6650000,46445,坡道平面,37.33,850000,,RPXNMLMJIIOFFDK98CA,78.83,0.0,8.44,,
頭份市,房地(土地+建物),苗栗縣頭份市濫坑里３鄰尖豐路９８３號,83.01,,特定農業區,甲種建築用地,1080304,土地1建物1車位0,全,三層,透天厝,住家用,鋼筋混凝土造,1070424,174.46,4,2,3,有,有,7000000,40124,,0.0,0,,RPRNMLPJIIOFFFK88CA,157.56,4.16,12.74,,
頭份市,房地(土地+建物)+車位,苗栗縣頭份市東庄里１９鄰富強二街３２號五樓,31.14,住,,,1080309,土地1建物1車位2,五層,十五層,住宅大樓(11層含以上有電梯),住家用,鋼筋混凝土造,1080806,209.05,3,2,2,有,有,7080000,39191,坡道平面,75.6,1850000,,RPWNMLLKIIOFFFK09CA,80.77,1.38,10.67,,
頭份市,房地(土地+建物)+車位,苗栗縣頭份市東庄里１９鄰富強二街３８號七樓,28.15,住,,,1080325,土地1建物1車位1,七層,十五層,住宅大樓(11層含以上有電梯),住家用,鋼筋混凝土造,1080806,163.93,3,2,2,有,有,6050000,40634,坡道平面,37.19,900000,,RPXNMLLKIIOFFFK56CA,77.11,1.66,9.09,,
頭份市,房地(土地+建物)+車位,苗栗縣頭份市東庄里１９鄰富強二街５０號五樓,28.15,住,,,1080304,土地1建物1車位1,五層,十五層,住宅大樓(11層含以上有電梯),住家用,鋼筋混凝土造,1080806,163.91,3,2,2,有,有,5960000,39536,坡道平面,37.19,950000,,RPOOMLLKIIOFFFK38CA,77.09,1.66,9.09,,
頭份市,房地(土地+建物)+車位,苗栗縣頭份市東庄里１９鄰富強二街６號三樓,28.15,住,,,1080325,土地1建物1車位1,三層,十四層,住宅大樓(11層含以上有電梯),住家用,鋼筋混凝土造,1080806,162.38,3,2,2,有,有,5900000,39942,坡道平面,37.2,900000,,RPSOMLKMIIOFFFK88CA,76.48,1.66,8.59,,
頭份市,房地(土地+建物)+車位,苗栗縣頭份市東庄里１９鄰富強二街３２號六樓,30.54,住,,,1080325,土地1建物1車位1,六層,十五層,住宅大樓(11層含以上有電梯),住家用,鋼筋混凝土造,1080806,170.64,3,2,2,有,有,6180000,39568,坡道平面,37.2,900000,,RPVPMLLMIIOFFFK76CA,80.77,1.38,10.67,,
頭份市,房地(土地+建物)+車位,苗栗縣頭份市東庄里１９鄰富強二街３２號三樓,30.54,住,,,1080308,土地1建物1車位1,三層,十五層,住宅大樓(11層含以上有電梯),住家用,鋼筋混凝土造,1080806,169.26,3,2,2,有,有,6200000,39755,坡道平面,37.2,950000,,RPVQMLLMIIOFFFK86CA,80.77,0.0,10.67,,
頭份市,房地(土地+建物)+車位,苗栗縣頭份市東庄里１９鄰富強二街１０號二樓,20.36,住,,,1080318,土地1建物1車位1,二層,十四層,住宅大樓(11層含以上有電梯),住家用,鋼筋混凝土造,1080806,126.27,2,2,1,有,有,5100000,46593,坡道平面,37.2,950000,,RPQSMLLMIIOFFFK56CA,55.43,0.0,5.63,,
頭份市,房地(土地+建物),苗栗縣頭份市上興里１６鄰永和路２６４號,76.14,,山坡地保育區,丙種建築用地,1080331,土地2建物1車位0,全,四層,透天厝,商業用,鋼筋混凝土造,0860827,218.22,4,1,4,有,無,4350000,19934,,0.0,0,,RPVOMLSLJIOFFFK37CA,172.7,45.52,0.0,,
頭份市,房地(土地+建物),苗栗縣頭份市中興里７鄰中興路３７９巷２０弄５７號,104.27,住,,,1080228,土地4建物1車位0,全,三層,透天厝,住家用,鋼筋混凝土造,1080430,177.55,3,2,4,有,有,12100000,68150,,0.0,0,,RPSOMLQLQHOFFFK47CA,167.87,0.0,9.68,,
苗栗市,房地(土地+建物)+車位,苗栗縣苗栗市維新里１９鄰新東街３７３號二樓之五,39.81,,鄉村區,乙種建築用地,1080201,土地1建物1車位1,二層,五層,華廈(10層含以下有電梯),住家用,鋼筋混凝土造,1080119,136.81,3,2,2,有,有,6130000,44807,一樓平面,0.0,0,,RPSNMLLLQHOFFBK09CA,87.48,0.0,10.72,,
通霄鎮,土地,福興段374-2地號,9897.0,,山坡地保育區,農牧用地,1080201,土地9建物0車位0,,,其他,,,,0.0,0,0,0,有,無,18000000,1819,,0.0,0,含增建或未登記建物。；,RPPNMLMJRHOFFCK88CA,0.0,0.0,0.0,,
頭份市,房地(土地+建物),苗栗縣頭份市山下里９鄰信東路二段９１巷２１號,107.68,住,,,1080222,土地4建物1車位0,全,五層,透天厝,住家用,鋼筋混凝土造,1080131,296.58,5,2,4,有,有,26000000,87666,,0.0,0,,RPROMLQLQHOFFFK37CA,259.89,0.0,36.69,,
頭份市,房地(土地+建物)+車位,苗栗縣頭份市山下里８鄰翠亨路１５２號八樓,24.82,住,,,1080201,土地1建物1車位1,八層,十四層,住宅大樓(11層含以上有電梯),住家用,鋼筋混凝土造,1080416,164.17000000000002,3,2,2,有,有,7020000,44120,坡道平面,26.6,950000,交易內含機車位1個,RPRNMLPJRHOFFFK07CA,81.53,0.0,8.67,,
頭份市,房地(土地+建物)+車位,苗栗縣頭份市山下里８鄰翠亨路１６２號四樓,26.54,住,,,1080214,土地1建物1車位1,四層,十四層,住宅大樓(11層含以上有電梯),住家用,鋼筋混凝土造,1080416,173.56,3,2,2,有,有,6900000,41168,坡道平面,26.6,850000,交易內含機車位1個,RPSNMLKKRHOFFFK76CA,87.3,0.0,9.3,,
頭份市,房地(土地+建物)+車位,苗栗縣頭份市東庄里１９鄰富強二街２２號十樓,20.36,住,,,1080211,土地1建物1車位1,十層,十四層,住宅大樓(11層含以上有電梯),住家用,鋼筋混凝土造,1080806,127.93,2,2,1,有,有,4540000,40115,坡道平面,37.19,900000,,RPROMLRJRHOFFFK37CA,55.3,2.13,5.46,,
頭份市,房地(土地+建物)+車位,苗栗縣頭份市山下里８鄰翠亨路１６０號八樓,26.5,住,,,1080202,土地1建物1車位2,八層,十四層,住宅大樓(11層含以上有電梯),住家用,鋼筋混凝土造,1080416,199.69,3,2,2,有,有,8220000,44164,坡道平面,53.2,1750000,交易內含機車位1個,RPSNMLOLRHOFFFK27CA,87.28,0.0,8.98,,
頭份市,房地(土地+建物)+車位,苗栗縣頭份市東庄里１９鄰富強二街１６號十二樓,28.15,住,,,1080222,土地1建物1車位1,十二層,十四層,住宅大樓(11層含以上有電梯),住家用,鋼筋混凝土造,1080806,162.38,3,2,2,有,有,6360000,42815,坡道平面,37.19,1000000,,RPTNMLLKIIOFFFK78CA,76.48,1.66,8.59,,
頭份市,房地(土地+建物)+車位,苗栗縣頭份市東庄里１９鄰富強二街１６號五樓,28.15,住,,,1080211,土地1建物1車位1,五層,十四層,住宅大樓(11層含以上有電梯),住家用,鋼筋混凝土造,1080806,162.38,3,2,2,有,有,5800000,39144,坡道平面,37.2,900000,,RPWOMLKMIIOFFFK66CA,76.48,1.66,8.59,,
頭份市,房地(土地+建物)+車位,苗栗縣頭份市東庄里１９鄰富強二街２６號二樓,25.75,住,,,1080211,土地1建物1車位1,二層,十五層,住宅大樓(11層含以上有電梯),住家用,鋼筋混凝土造,1080806,149.45,3,2,2,有,有,5100000,37416,坡道平面,37.2,900000,,RPOTMLLMIIOFFFK09CA,69.44,0.0,7.88,,
頭份市,房地(土地+建物)+車位,苗栗縣頭份市東庄里１９鄰富強二街６號十一樓,28.15,住,,,1080225,土地1建物1車位1,十一層,十四層,住宅大樓(11層含以上有電梯),住家用,鋼筋混凝土造,1080806,163.60000000000002,3,2,2,有,有,6030000,41776,坡道平面,38.41,800000,,RPSNMLLJJIOFFFK68CA,76.48,1.66,8.59,,
公館鄉,土地,北河段395-236地號,3835.0,,山坡地保育區,農牧用地,1080126,土地2建物0車位0,,,其他,,,,0.0,0,0,0,有,無,7500000,1956,,0.0,0,,RPVNMLNLQHOFFBK96CA,0.0,0.0,0.0,,
銅鑼鄉,房地(土地+建物)+車位,苗栗縣銅鑼鄉文化街１５之２號三樓之一,41.72,住,,,1080124,土地2建物1車位1,三層,五層,華廈(10層含以下有電梯),住家用,見其他登記事項,1080506,142.2,3,2,2,有,無,5930000,41702,一樓平面,0.0,0,,RPRNMLSLQHOFFEK37CA,93.82,0.0,6.65,,
公館鄉,土地,南河段906地號,7736.0,,山坡地保育區,農牧用地,1080110,土地2建物0車位0,,,其他,,,,0.0,0,0,0,有,無,2350000,304,,0.0,0,親友、員工或其他特殊關係間之交易。；,RPPNMLLKRHOFFBK78CA,0.0,0.0,0.0,,
公館鄉,土地,南河段495地號,3123.0,,山坡地保育區,農牧用地,1080110,土地1建物0車位0,,,其他,,,,0.0,0,0,0,有,無,1900000,608,,0.0,0,親友、員工或其他特殊關係間之交易。；,SPPNMLLKRHOFFBK88CA,0.0,0.0,0.0,,
竹南鎮,房地(土地+建物)+車位,苗栗縣竹南鎮開元里１０鄰迎薰南路１１２號七樓,31.6,住,,,1080131,土地1建物1車位2,七層,七層,華廈(10層含以下有電梯),住家用,鋼筋混凝土造,1080327,174.89,2,2,1,有,有,6350000,46393,坡道平面,74.66,1700000,,RPSNMLRJRHOFFDK17CA,62.31,0.0,6.83,,
苗栗市,房地(土地+建物),苗栗縣苗栗市文山里８鄰文發路１５７巷２９號,126.68,住,,,1080121,土地3建物1車位0,全,四層,透天厝,住家用,鋼筋混凝土造,1080325,220.37,6,2,3,有,無,9780000,44380,,0.0,0,土地及建物分次登記案件。前案土地登記收件字號：；,RPSNMLRLRHOFFBK17CA,205.3,0.0,15.07,,
苗栗市,房地(土地+建物),苗栗縣苗栗市文山里８鄰文發路１５７巷３０號,134.89,住,,,1080130,土地3建物1車位0,全,四層,透天厝,住家用,鋼筋混凝土造,1080325,220.37,6,2,3,有,無,10100000,45832,,0.0,0,土地及建物分次登記案件。前案土地登記收件字號：；,RPTNMLRLRHOFFBK27CA,205.3,0.0,15.07,,
苗栗市,房地(土地+建物),苗栗縣苗栗市文山里８鄰文發路１５７巷３６號,110.57,住,,,1080117,土地3建物1車位0,全,四層,透天厝,住家用,鋼筋混凝土造,1080325,206.44,5,2,3,有,無,9460000,45824,,0.0,0,土地及建物分次登記案件。前案土地登記收件字號：；,RPXNMLRLRHOFFBK67CA,191.37,0.0,15.07,,
苗栗市,房地(土地+建物),苗栗縣苗栗市文山里８鄰文發路１５７巷３３號,110.57,住,,,1080118,土地3建物1車位0,全,四層,透天厝,住家用,鋼筋混凝土造,1080325,206.44,5,2,3,有,無,9220000,44662,,0.0,0,土地及建物分次登記案件。前案土地登記收件字號：；,RPOOMLRLRHOFFBK86CA,191.37,0.0,15.07,,
苗栗市,房地(土地+建物),苗栗縣苗栗市文山里８鄰文發路１５７巷５７號,266.66,住,,,1080130,土地5建物1車位0,全,四層,透天厝,住家用,鋼筋混凝土造,1080325,428.42,6,2,4,有,無,20000000,46683,,0.0,0,土地及建物分次登記案件。前案土地登記收件字號：；,RPPOMLRLRHOFFBK96CA,396.1,0.0,32.32,,
苗栗市,房地(土地+建物),苗栗縣苗栗市文山里８鄰文發路１５７巷５６號,114.29,住,,,1080103,土地3建物1車位0,全,四層,透天厝,住家用,鋼筋混凝土造,1080325,210.88,5,2,3,有,無,9350000,44338,,0.0,0,土地及建物分次登記案件。前案土地登記收件字號：；,RPPNMLSLRHOFFBK96CA,195.48,0.0,15.4,,
苗栗市,房地(土地+建物),苗栗縣苗栗市文山里８鄰文發路１５７巷５５號,117.47,住,,,1080103,土地3建物1車位0,全,四層,透天厝,住家用,鋼筋混凝土造,1080325,210.88,5,2,3,有,無,9430000,44717,,0.0,0,土地及建物分次登記案件。前案土地登記收件字號：；,RPQNMLSLRHOFFBK07CA,195.48,0.0,15.4,,
苗栗市,房地(土地+建物),苗栗縣苗栗市文山里８鄰文發路１５７巷４７號,138.18,住,,,1080119,土地3建物1車位0,全,四層,透天厝,住家用,鋼筋混凝土造,1080325,225.42,6,2,3,有,無,10500000,46580,,0.0,0,土地及建物分次登記案件。前案土地登記收件字號：；,RPTNMLSLRHOFFBK37CA,210.35,0.0,15.07,,
苗栗市,房地(土地+建物),苗栗縣苗栗市文山里８鄰文發路１５７巷４６號,156.13,住,,,1080130,土地3建物1車位0,全,四層,透天厝,住家用,鋼筋混凝土造,1080325,230.81,6,2,3,有,無,10500000,45492,,0.0,0,土地及建物分次登記案件。前案土地登記收件字號：；,RPUNMLSLRHOFFBK47CA,215.35,0.0,15.46,,
頭份市,房地(土地+建物)+車位,苗栗縣頭份市東庄里１９鄰富強二街１６號十一樓,28.15,住,,,1080128,土地1建物1車位1,十一層,十四層,住宅大樓(11層含以上有電梯),住家用,鋼筋混凝土造,1080806,162.38,3,2,2,有,有,5830000,38981,坡道平面,37.19,950000,,RPUNMLRJRHOFFFK57CA,76.48,1.66,8.59,,
頭份市,房地(土地+建物)+車位,苗栗縣頭份市山下里８鄰翠亨路１６６號十樓,26.5,住,,,1080104,土地1建物1車位1,十層,十四層,住宅大樓(11層含以上有電梯),住家用,鋼筋混凝土造,1080416,175.51,3,2,2,有,有,7550000,45054,坡道平面,29.02,950000,交易內含機車位1個,RPWNMLKKRHOFFFK17CA,87.28,0.0,8.98,,
竹南鎮,房地(土地+建物)+車位,苗栗縣竹南鎮新南里１１鄰立華街６８號八樓,33.56,住,,,1080112,土地3建物1車位1,八層,十一層,住宅大樓(11層含以上有電梯),其他,鋼筋混凝土造,1080311,98.07,2,2,1,有,有,5000000,50984,坡道機械,0.0,500000,,RPSNMLTJRHOFFDK37CA,51.79,1.73,6.67,,
竹南鎮,房地(土地+建物)+車位,苗栗縣竹南鎮開元里１０鄰迎薰南路１２８號七樓,41.11,住,,,1080119,土地1建物1車位1,七層,七層,華廈(10層含以下有電梯),住家用,鋼筋混凝土造,1080327,166.82999999999998,3,2,2,有,有,7000000,47490,坡道平面,37.33,850000,,RPTNMLNJIIOFFDK68CA,78.83,0.0,11.67,,
竹南鎮,房地(土地+建物)+車位,苗栗縣竹南鎮開元里１０鄰迎薰南路１３２號三樓,38.03,住,,,1080105,土地1建物1車位1,三層,七層,華廈(10層含以下有電梯),住家用,鋼筋混凝土造,1080327,158.63,3,2,2,有,有,6650000,47815,坡道平面,37.33,850000,,RPOOMLNJIIOFFDK28CA,76.61,0.0,7.08,,
南庄鄉,土地,北獅里興段北獅里興小段158-4地號,5530.0,,山坡地保育區,農牧用地,1080130,土地1建物0車位0,,,其他,,,,0.0,0,0,0,有,無,14800000,2676,,0.0,0,,RPSNMLKMRHOFFFK96CA,0.0,0.0,0.0,,
苑裡鎮,房地(土地+建物),苗栗縣苑裡鎮西勢里１１鄰南苑二巷１之５號,118.38,住,,,1080111,土地1建物1車位0,全,三層,透天厝,住家用,鋼筋混凝土造,1080806,200.15,3,2,4,有,無,8500000,42468,,0.0,0,,RPQNMLSJIIOFFCK78CA,200.15,0.0,0.0,,
頭份市,房地(土地+建物)+車位,苗栗縣頭份市東庄里１９鄰富強二街１８號十二樓,28.15,住,,,1080107,土地1建物1車位1,十二層,十四層,住宅大樓(11層含以上有電梯),住家用,鋼筋混凝土造,1080806,162.36,3,2,2,有,有,5900000,39549,坡道平面,37.2,950000,,RPOQMLLMIIOFFFK78CA,76.46,1.66,8.59,,
頭份市,房地(土地+建物)+車位,苗栗縣頭份市東庄里１９鄰富強二街２８號十二樓,25.75,住,,,1080128,土地1建物1車位1,十二層,十五層,住宅大樓(11層含以上有電梯),住家用,鋼筋混凝土造,1080806,149.96,3,2,2,有,有,5500000,39908,坡道平面,37.2,1000000,,RPSQMLLMIIOFFFK56CA,68.99,1.3,7.88,,
頭份市,房地(土地+建物)+車位,苗栗縣頭份市東庄里１９鄰富強二街１６號十四樓,28.15,住,,,1080114,土地1建物1車位1,十四層,十四層,住宅大樓(11層含以上有電梯),住家用,鋼筋混凝土造,1080806,162.38,3,2,2,有,有,5900000,39144,坡道平面,37.2,1000000,,RPROMLKMIIOFFFK78CA,76.48,1.66,8.59,,
卓蘭鎮,土地,豐田段669地號,5912.76,,特定農業區,農牧用地,1080105,土地3建物0車位0,,,其他,,,,0.0,0,0,0,有,無,34500000,5835,,0.0,0,本案件交易總價含土地增值稅676200元。,RPPNMLSLIIOFFAK68CA,0.0,0.0,0.0,,
頭份市,房地(土地+建物)+車位,苗栗縣頭份市民生街３０號六樓,24.36,住,,,1080106,土地1建物1車位1,六層,十二層,住宅大樓(11層含以上有電梯),住家用,鋼筋混凝土造,1080910,159.41,3,2,2,有,有,6180000,41781,坡道平面,35.43,1000000,土地及建物分次登記案件。前案土地登記收件字號：；,RPWTMLLMIIOFFFK27CA,73.58,0.0,9.75,,
頭份市,房地(土地+建物)+車位,苗栗縣頭份市民生街３０號九樓,24.36,住,,,1080126,土地1建物1車位1,九層,十二層,住宅大樓(11層含以上有電梯),住家用,鋼筋混凝土造,1080910,159.41,3,2,2,有,有,6250000,41539,坡道平面,35.43,1100000,土地及建物分次登記案件。前案土地登記收件字號：；,RPOUMLLMIIOFFFK56CA,73.58,0.0,9.75,,
頭份市,房地(土地+建物)+車位,苗栗縣頭份市民生街３２號五樓,17.25,住,,,1080106,土地1建物1車位1,五層,十二層,住宅大樓(11層含以上有電梯),住家用,鋼筋混凝土造,1080910,123.31,2,2,1,有,有,4710000,41648,坡道平面,35.43,1050000,土地及建物分次登記案件。前案土地登記收件字號：；,RPQUMLLMIIOFFFK76CA,55.34,0.0,3.71,,
苑裡鎮,房地(土地+建物),苗栗縣苑裡鎮田心里７鄰田心６４之９號,81.0,,特定農業區,甲種建築用地,1080127,土地1建物1車位0,全,三層,透天厝,住家用,鋼筋混凝土造,1080816,155.6,4,2,4,有,無,7300000,46915,,0.0,0,,RPXNMLRKIIOFFCK86CA,149.01,0.0,6.59,,
頭份市,房地(土地+建物),苗栗縣頭份市上埔里７鄰上埔路８３巷１００號,2175.0,農,,,1080104,土地4建物1車位0,全,一層,透天厝,住家用,見其他登記事項,0640908,96.86,4,1,2,有,無,19060000,196779,,0.0,0,,RPQNMLNLIIOFFFK78CA,96.86,0.0,0.0,,
頭份市,房地(土地+建物)+車位,苗栗縣頭份市東庄里１９鄰富強二街２２號七樓,20.36,住,,,1080107,土地1建物1車位1,七層,十四層,住宅大樓(11層含以上有電梯),住家用,鋼筋混凝土造,1080806,126.84,2,2,1,有,有,4450000,39674,坡道平面,36.1,850000,,RPOOMLQLIIOFFFK98CA,55.3,2.13,5.46,,
頭份市,房地(土地+建物)+車位,苗栗縣頭份市東庄里１９鄰富強二街１６號三樓,28.15,住,,,1080107,土地1建物1車位1,三層,十四層,住宅大樓(11層含以上有電梯),住家用,鋼筋混凝土造,1080806,162.38,3,2,2,有,有,5650000,37147,坡道平面,37.2,1000000,,RPTNMLLJJIOFFFK78CA,76.48,1.66,8.59,,
頭份市,房地(土地+建物)+車位,苗栗縣頭份市東庄里１９鄰富強二街３８號十樓,28.15,住,,,1080121,土地1建物1車位1,十層,十五層,住宅大樓(11層含以上有電梯),住家用,鋼筋混凝土造,1080806,163.93,3,2,2,有,有,6180000,40874,坡道平面,37.2,1000000,,RPSOMLMJJIOFFFK88CA,77.11,1.66,9.09,,
苑裡鎮,房地(土地+建物)+車位,苗栗縣苑裡鎮西平里９鄰介壽路２００號五樓之６,27.29,商,,,1080107,土地1建物1車位1,五層,八層,華廈(10層含以下有電梯),住家用,鋼筋混凝土造,1080220,111.13,2,1,1,有,無,4600000,41393,坡道平面,0.0,0,,RPQNMLMLJIOFFCK48CA,57.72,0.0,4.13,,
三義鄉,土地,中心段760地號,24.69,商,,,1080115,土地1建物0車位0,,,其他,,,,0.0,0,0,0,有,無,666630,27000,,0.0,0,政府價購案件,RPPNMLMLJIOFFEK58CA,0.0,0.0,0.0,,
公館鄉,房地(土地+建物),苗栗縣公館鄉鶴岡村２鄰鶴岡４６之２０號二樓,40.0,,特定農業區,甲種建築用地,1080123,土地1建物1車位0,二層,五層,華廈(10層含以下有電梯),住家用,鋼筋混凝土造,1080911,129.45,3,1,2,有,無,5060000,39088,,0.0,0,,RPXNMLKLJIOFFBK88CA,87.45,0.0,10.22,,
頭份市,房地(土地+建物)+車位,苗栗縣頭份市後庄里７鄰公園三街１２１號十四樓,18.6,商,,,1071230,土地1建物1車位1,十四層,十五層,住宅大樓(11層含以上有電梯),住家用,鋼筋混凝土造,1070606,207.45,3,2,2,有,有,9950000,54635,坡道平面,39.06,750000,,RPSNMLTKQHOFFFK57CA,115.07,0.0,11.78,,
銅鑼鄉,房地(土地+建物)+車位,苗栗縣銅鑼鄉文化街１５之２號二樓之一,41.72,住,,,1071217,土地2建物1車位1,二層,五層,華廈(10層含以下有電梯),住家用,見其他登記事項,1080506,142.56,3,2,2,有,無,5880000,41246,一樓平面,0.0,0,,RPPNMLSLQHOFFEK17CA,94.18,0.0,6.65,,
銅鑼鄉,房地(土地+建物)+車位,苗栗縣銅鑼鄉文化街１５之２號二樓之二,41.72,住,,,1071217,土地2建物1車位1,二層,五層,華廈(10層含以下有電梯),住家用,見其他登記事項,1080506,150.37,3,2,2,有,無,6080000,40434,一樓平面,0.0,0,,RPQNMLSLQHOFFEK27CA,102.5,0.0,6.14,,
竹南鎮,房地(土地+建物),苗栗縣竹南鎮開元里１０鄰迎薰南路１１２號五樓,31.04,住,,,1071217,土地1建物1車位0,五層,七層,華廈(10層含以下有電梯),住家用,鋼筋混凝土造,1080327,100.23,2,2,1,有,有,4650000,46393,,0.0,0,,RPRNMLRJRHOFFDK07CA,62.31,0.0,6.83,,
苗栗市,房地(土地+建物),苗栗縣苗栗市文山里８鄰文發路１５７巷３７號,110.57,住,,,1071220,土地3建物1車位0,全,四層,透天厝,住家用,鋼筋混凝土造,1080325,206.44,5,2,3,有,無,9300000,45049,,0.0,0,土地及建物分次登記案件。前案土地登記收件字號：；,RPWNMLRLRHOFFBK57CA,191.37,0.0,15.07,,
頭份市,房地(土地+建物)+車位,苗栗縣頭份市山下里８鄰翠亨路１６６號八樓,26.5,住,,,1071223,土地1建物1車位1,八層,十四層,住宅大樓(11層含以上有電梯),住家用,鋼筋混凝土造,1080416,176.94,3,2,2,有,有,7400000,42903,坡道平面,26.6,950000,交易內含機車位2個,RPQNMLKKRHOFFFK56CA,87.28,0.0,8.98,,
頭份市,房地(土地+建物)+車位,苗栗縣頭份市東庄里１９鄰富強二街２２號九樓,20.36,住,,,1071210,土地1建物1車位1,九層,十四層,住宅大樓(11層含以上有電梯),住家用,鋼筋混凝土造,1080806,127.93,2,2,1,有,有,4600000,40776,坡道平面,37.19,900000,,RPQOMLRJRHOFFFK27CA,55.3,2.13,5.46,,
頭份市,房地(土地+建物),苗栗縣頭份市文化里１０鄰文化街３２巷１３９號,120.23,住,,,1071228,土地1建物1車位0,全,四層,透天厝,住家用,鋼筋混凝土造,1080527,260.44,4,2,5,有,無,15000000,57595,,0.0,0,,RPTNMLQJRHOFFFK37CA,235.54,0.0,24.9,,
竹南鎮,房地(土地+建物)+車位,苗栗縣竹南鎮新南里１１鄰立華街６８號十樓,33.56,住,,,1071216,土地3建物1車位1,十層,十一層,住宅大樓(11層含以上有電梯),其他,鋼筋混凝土造,1080311,109.97,2,2,1,有,有,5500000,50014,坡道平面,0.0,500000,,RPOOMLQJRHOFFDK76CA,51.79,1.73,6.67,,
苑裡鎮,土地,田心段218地號,658.8,,特定農業區,甲種建築用地,1071231,土地2建物0車位0,,,其他,,,,0.0,0,0,0,有,無,12953200,19662,,0.0,0,,RPPNMLKKRHOFFCK78CA,0.0,0.0,0.0,,
竹南鎮,房地(土地+建物)+車位,苗栗縣竹南鎮開元里１０鄰迎薰南路１３０號六樓,59.28,住,,,1071223,土地1建物1車位1,六層，七層,七層,華廈(10層含以下有電梯),住家用,鋼筋混凝土造,1080327,225.01,4,2,2,有,有,10300000,50352,坡道平面,37.33,850000,,RPUOMLQLRHOFFDK57CA,117.02,0.0,14.16,,
頭份市,房地(土地+建物)+車位,苗栗縣頭份市東庄里１９鄰富強二街１０號八樓,20.36,住,,,1071224,土地1建物1車位1,八層,十四層,住宅大樓(11層含以上有電梯),住家用,鋼筋混凝土造,1080806,128.0,2,2,1,有,有,4650000,41295,坡道平面,37.19,900000,,RPPPMLKLRHOFFFK76CA,55.37,2.13,5.46,,
頭份市,房地(土地+建物)+車位,苗栗縣頭份市東庄里１９鄰富強二街５２號十二樓,30.54,住,,,1071210,土地1建物1車位1,十二層,十五層,住宅大樓(11層含以上有電梯),住家用,鋼筋混凝土造,1080806,170.64,3,2,2,有,有,6320000,40614,坡道平面,37.19,900000,,RPQQMLKLRHOFFFK96CA,80.77,1.38,10.67,,
竹南鎮,房地(土地+建物)+車位,苗栗縣竹南鎮開元里１０鄰迎薰南路１３０號五樓,38.03,住,,,1071210,土地1建物1車位1,五層,七層,華廈(10層含以下有電梯),住家用,鋼筋混凝土造,1080327,157.09,3,2,2,有,有,6750000,49265,坡道平面,37.33,850000,,RPRNMLNJIIOFFDK48CA,76.61,0.0,7.08,,
竹南鎮,房地(土地+建物)+車位,苗栗縣竹南鎮開元里１０鄰迎薰南路１２８號四樓,40.27,住,,,1071231,土地1建物1車位1,四層,七層,華廈(10層含以下有電梯),住家用,鋼筋混凝土造,1080327,164.04000000000002,3,2,2,有,有,6700000,46168,坡道平面,37.33,850000,,RPOOMLMJIIOFFDK18CA,78.83,0.0,9.71,,
竹南鎮,房地(土地+建物),苗栗縣竹南鎮開元里１０鄰迎薰南路１２０號四樓,29.64,住,,,1071214,土地1建物1車位0,四層,七層,華廈(10層含以下有電梯),住家用,鋼筋混凝土造,1080327,96.44,2,2,1,有,有,4300000,44587,,0.0,0,,RPRNMLMJIIOFFDK38CA,58.93,0.0,6.83,,
頭份市,房地(土地+建物)+車位,苗栗縣頭份市山下里８鄰翠亨路１５２號六樓,24.82,住,,,1071213,土地1建物1車位1,六層,十四層,住宅大樓(11層含以上有電梯),住家用,鋼筋混凝土造,1080416,164.17000000000002,3,2,2,有,有,6650000,41794,坡道平面,26.6,900000,交易內含機車位1個,RPQNMLQLRHOFFFK27CA,81.53,0.0,8.67,,
苑裡鎮,土地,慈護段220-2地號,5704.81,,山坡地保育區,農牧用地,1071206,土地1建物0車位0,,,其他,,,,0.0,0,0,0,有,無,5890000,1032,,0.0,0,,RPPNMLMJIIOFFCK08CA,0.0,0.0,0.0,,
竹南鎮,房地(土地+建物)+車位,苗栗縣竹南鎮開元里１０鄰迎薰南路１２６號五樓,38.87,住,,,1071202,土地1建物1車位1,五層,七層,華廈(10層含以下有電梯),住家用,鋼筋混凝土造,1080327,161.54000000000002,3,2,2,有,有,6680000,46937,坡道平面,37.33,850000,,RPWNMLMJIIOFFDK88CA,76.19,0.0,9.1,,
頭份市,房地(土地+建物)+車位,苗栗縣頭份市山下里８鄰翠亨路１５２號五樓,24.82,住,,,1071201,土地1建物1車位1,五層,十四層,住宅大樓(11層含以上有電梯),住家用,鋼筋混凝土造,1080416,164.17000000000002,3,2,2,有,有,6700000,41794,坡道平面,26.6,950000,交易內含機車位1個,RPROMLRLRHOFFFK57CA,81.53,0.0,8.67,,
頭份市,房地(土地+建物)+車位,苗栗縣頭份市東庄里１９鄰富強二街２２號四樓,20.36,住,,,1071231,土地1建物1車位1,四層,十四層,住宅大樓(11層含以上有電梯),住家用,鋼筋混凝土造,1080806,127.93,2,2,1,有,有,4420000,38796,坡道平面,37.2,900000,,RPWNMLLMIIOFFFK66CA,55.3,2.13,5.46,,
頭份市,房地(土地+建物)+車位,苗栗縣頭份市東庄里１９鄰富強二街５２號十一樓,30.54,住,,,1071217,土地1建物1車位1,,十五層,住宅大樓(11層含以上有電梯),住家用,鋼筋混凝土造,1080806,170.64,3,2,2,有,有,6320000,40618,坡道平面,37.2,900000,,RPTPMLLMIIOFFFK56CA,80.77,1.38,10.67,,
大湖鄉,土地,大窩段282地號,11125.67,,山坡地保育區,農牧用地,1071209,土地9建物0車位0,,,其他,,,,0.0,0,0,0,有,無,2410658,217,,0.0,0,,RPSNMLTJIIOFFAK88CA,0.0,0.0,0.0,,
頭份市,房地(土地+建物)+車位,苗栗縣頭份市東庄里１９鄰富強二街２２號六樓,20.36,住,,,1071224,土地1建物1車位1,六層,十四層,住宅大樓(11層含以上有電梯),住家用,鋼筋混凝土造,1080806,127.93,2,2,1,有,有,4480000,39458,坡道平面,37.2,900000,,RPPQMLLMIIOFFFK88CA,55.3,2.13,5.46,,
頭份市,房地(土地+建物)+車位,苗栗縣頭份市民生街４０號四樓,24.36,住,,,1071230,土地1建物1車位1,四層,十二層,住宅大樓(11層含以上有電梯),住家用,鋼筋混凝土造,1080910,159.45999999999998,3,2,2,有,有,5980000,40152,坡道平面,35.43,1000000,土地及建物分次登記案件。前案土地登記收件字號：；,RPOSMLLMIIOFFFK98CA,73.58,0.0,9.75,,
頭份市,房地(土地+建物)+車位,苗栗縣頭份市東庄里１９鄰富強二街１６號七樓,28.15,住,,,1071217,土地1建物1車位1,七層,十四層,住宅大樓(11層含以上有電梯),住家用,鋼筋混凝土造,1080806,162.38,3,2,2,有,有,5700000,38345,坡道平面,37.2,900000,,RPRSMLLMIIOFFFK66CA,76.48,1.66,8.59,,
頭份市,房地(土地+建物)+車位,苗栗縣頭份市東庄里１９鄰富強二街１６號十三樓,28.15,住,,,1071217,土地1建物1車位1,十三層,十四層,住宅大樓(11層含以上有電梯),住家用,鋼筋混凝土造,1080806,162.38,3,2,2,有,有,5950000,39942,坡道平面,37.2,950000,,RPSSMLLMIIOFFFK76CA,76.48,1.66,8.59,,
泰安鄉,土地,南洗水段1336地號,1070.0,,山坡地保育區,農牧用地,1071203,土地2建物0車位0,,,其他,,,,0.0,0,0,0,有,無,500000,467,,0.0,0,,RPPNMLNLIIOFFAK18CA,0.0,0.0,0.0,,
苗栗市,房地(土地+建物),苗栗縣苗栗市維新里９鄰新庄街１８號,113.42,,鄉村區,乙種建築用地,1071204,土地2建物1車位0,全,四層,透天厝,住家用,鋼筋混凝土造,1080823,269.24,4,3,4,有,無,15180000,56381,,0.0,0,,RPVNMLLMIIOFFBK78CA,250.24,0.0,19.0,,
苑裡鎮,土地,鎮安段1067地號,290.89,,特定農業區,甲種建築用地,1071103,土地1建物0車位0,,,其他,,,,0.0,0,0,0,有,無,5719624,19662,,0.0,0,,RPRNMLKKRHOFFCK98CA,0.0,0.0,0.0,,
苑裡鎮,土地,鎮安段1069地號,712.28,,特定農業區,甲種建築用地,1071103,土地1建物0車位0,,,其他,,,,0.0,0,0,0,有,無,12927882,18150,,0.0,0,,SPRNMLKKRHOFFCK09CA,0.0,0.0,0.0,,
苗栗市,土地,文山段764-59地號,243.0,,山坡地保育區,丙種建築用地,1071129,土地2建物0車位0,,,其他,,,,0.0,0,0,0,有,無,1628100,6700,,0.0,0,親友、員工或其他特殊關係間之交易。；,RPPNMLMLQHOFFBK88CA,0.0,0.0,0.0,,
苗栗市,房地(土地+建物),苗栗縣苗栗市新英里５鄰新英６６號,1129.0,,山坡地保育區,農牧用地,1071129,土地2建物1車位0,一層，二層,,農舍,農業用,鋼筋混凝土造,0840501,125.71,3,2,2,有,無,1985400,,,0.0,0,親友、員工或其他特殊關係間之交易。；,RPQNMLMLQHOFFBK98CA,125.71,0.0,0.0,,
頭屋鄉,房地(土地+建物),苗栗縣頭屋鄉曲洞村４鄰曲洞３９之１０號,179.0,,鄉村區,乙種建築用地,1071129,土地1建物1車位0,全,,透天厝,住家用,加強磚造,0691008,161.98,2,1,1,有,無,2500000,15434,,0.0,0,親友、員工或其他特殊關係間之交易。；,RPTNMLMLQHOFFBK66CA,161.98,0.0,0.0,,
頭份市,房地(土地+建物),苗栗縣頭份市中興里７鄰中興路３７９巷２０弄５３號,104.22,住,,,1071103,土地4建物1車位0,全,三層,透天厝,住家用,鋼筋混凝土造,1080430,177.55,3,2,4,有,有,11950000,67305,,0.0,0,,RPWOMLQLQHOFFFK87CA,167.87,0.0,9.68,,
頭份市,房地(土地+建物)+車位,苗栗縣頭份市上興里１６鄰永泰街５巷１２號二樓,50.02,,山坡地保育區,丙種建築用地,1071125,土地3建物1車位1,二層,七層,華廈(10層含以下有電梯),住家用,鋼筋混凝土造,0860827,92.47,3,2,2,有,無,3170000,42864,一樓平面,25.28,290000,,RPQOMLRKRHOFFFK37CA,67.83,0.0,9.37,,
銅鑼鄉,房地(土地+建物)+車位,苗栗縣銅鑼鄉文化街１５之２號四樓之一,41.72,住,,,1071116,土地2建物1車位1,四層,五層,華廈(10層含以下有電梯),住家用,見其他登記事項,1080506,142.56,3,2,2,有,無,5850000,41035,一樓平面,0.0,0,,RPPNMLKMQHOFFEK09CA,94.18,0.0,6.65,,
銅鑼鄉,房地(土地+建物)+車位,苗栗縣銅鑼鄉文化街１５之２號四樓之二,41.72,住,,,1071116,土地2建物1車位1,四層,五層,華廈(10層含以下有電梯),住家用,見其他登記事項,1080506,150.37,3,2,2,有,無,6050000,40234,一樓平面,0.0,0,,SPPNMLKMQHOFFEK56CA,102.5,0.0,6.14,,
竹南鎮,房地(土地+建物)+車位,苗栗縣竹南鎮開元里１０鄰迎薰南路１２２號六樓,29.92,住,,,1071124,土地1建物1車位1,六層,七層,華廈(10層含以下有電梯),住家用,鋼筋混凝土造,1080327,133.07999999999998,2,2,1,有,有,5500000,48564,坡道平面,37.33,850000,,RPPNMLRJRHOFFDK86CA,58.93,0.0,6.84,,
竹南鎮,房地(土地+建物)+車位,苗栗縣竹南鎮開元里１０鄰迎薰南路１２６號七樓,38.87,住,,,1071119,土地1建物1車位1,七層,七層,華廈(10層含以下有電梯),住家用,鋼筋混凝土造,1080327,161.54000000000002,3,2,2,有,有,6680000,46937,坡道平面,37.33,850000,,RPQNMLRJRHOFFDK96CA,76.19,0.0,9.1,,
頭份市,房地(土地+建物)+車位,苗栗縣頭份市山下里８鄰翠亨路１４６號六樓,24.82,住,,,1071129,土地1建物1車位1,六層,十四層,住宅大樓(11層含以上有電梯),住家用,鋼筋混凝土造,1080416,164.17000000000002,3,2,2,有,有,6700000,41794,坡道平面,26.6,950000,交易內含機車位1個,RPPOMLPJRHOFFFK96CA,81.53,0.0,8.67,,
銅鑼鄉,房地(土地+建物)+車位,苗栗縣銅鑼鄉文化街１５之２號三樓之二,41.72,住,,,1071117,土地2建物1車位1,三層,五層,華廈(10層含以下有電梯),住家用,見其他登記事項,1080506,148.82999999999998,3,2,2,有,無,6100000,40986,一樓平面,0.0,0,,RPSNMLNJRHOFFEK86CA,100.96,0.0,6.14,,
苗栗市,房地(土地+建物),苗栗縣苗栗市文山里８鄰文發路１５７巷２７號,119.38,住,,,1071107,土地3建物1車位0,全,四層,透天厝,住家用,鋼筋混凝土造,1080325,218.86,5,2,3,有,無,9850000,45006,,0.0,0,土地及建物分次登記案件。前案土地登記收件字號：；,RPRNMLRLRHOFFBK07CA,202.21,0.0,16.65,,
頭份市,房地(土地+建物)+車位,苗栗縣頭份市東庄里１９鄰富強二街１２號八樓,20.36,住,,,1071105,土地1建物1車位1,八層,十四層,住宅大樓(11層含以上有電梯),住家用,鋼筋混凝土造,1080806,127.93,2,2,1,有,有,4550000,40225,坡道平面,37.19,900000,,RPTNMLRJRHOFFFK47CA,55.3,2.13,5.46,,
頭份市,房地(土地+建物)+車位,苗栗縣頭份市東庄里１９鄰富強二街６號十樓,28.15,住,,,1071112,土地1建物1車位1,十層,十四層,住宅大樓(11層含以上有電梯),住家用,鋼筋混凝土造,1080806,162.38,3,2,2,有,有,6130000,40978,坡道平面,37.19,1000000,,RPQNMLKLRHOFFFK66CA,76.48,1.66,8.59,,
頭份市,房地(土地+建物)+車位,苗栗縣頭份市東庄里１９鄰富強二街３２號九樓,30.54,住,,,1071112,土地1建物1車位1,九層,十五層,住宅大樓(11層含以上有電梯),住家用,鋼筋混凝土造,1080806,170.64,3,2,2,有,有,6310000,40540,坡道平面,37.19,900000,,RPTOMLKLRHOFFFK07CA,80.77,1.38,10.67,,
苗栗市,房地(土地+建物),苗栗縣苗栗市文山里８鄰文發路１５７巷３９號,112.77,住,,,1071118,土地3建物1車位0,全,四層,透天厝,住家用,鋼筋混凝土造,1080325,211.38,5,2,3,有,無,9600000,45416,,0.0,0,土地及建物分次登記案件。前案土地登記收件字號：；,RPVNMLSLRHOFFBK57CA,195.92,0.0,15.46,,
竹南鎮,房地(土地+建物),苗栗縣竹南鎮開元里１０鄰迎薰南路１２６號三樓,38.59,住,,,1071127,土地1建物1車位0,三層,七層,華廈(10層含以下有電梯),住家用,鋼筋混凝土造,1080327,124.22,3,2,2,有,有,5730000,46128,,0.0,0,,RPUNMLMJIIOFFDK68CA,76.19,0.0,9.11,,
頭份市,房地(土地+建物)+車位,苗栗縣頭份市東庄里１９鄰富強二街１６號四樓,28.15,住,,,1071119,土地1建物1車位1,四層,十四層,住宅大樓(11層含以上有電梯),住家用,鋼筋混凝土造,1080806,162.38,3,2,2,有,有,5600000,37147,坡道平面,37.2,950000,,RPVOMLKMIIOFFFK56CA,76.48,1.66,8.59,,
頭份市,房地(土地+建物)+車位,苗栗縣頭份市東庄里１９鄰富強二街１８號四樓,28.15,住,,,1071112,土地1建物1車位1,四層,十四層,住宅大樓(11層含以上有電梯),住家用,鋼筋混凝土造,1080806,163.57999999999998,3,2,2,有,有,5630000,37424,坡道平面,37.19,900000,,RPRPMLLKIIOFFFK78CA,76.46,1.66,8.59,,
頭份市,房地(土地+建物)+車位,苗栗縣頭份市東庄里１９鄰富強二街２８號十一樓,25.75,住,,,1071112,土地1建物1車位1,十一層,十五層,住宅大樓(11層含以上有電梯),住家用,鋼筋混凝土造,1080806,149.96,3,2,2,有,有,5460000,39553,坡道平面,37.2,1000000,,RPSOMLLMIIOFFFK98CA,68.99,1.3,7.88,,
頭份市,房地(土地+建物)+車位,苗栗縣頭份市東庄里１９鄰富強二街３２號十一樓,30.54,住,,,1071112,土地1建物1車位1,十一層,十五層,住宅大樓(11層含以上有電梯),住家用,鋼筋混凝土造,1080806,170.64,3,2,2,有,有,6400000,40468,坡道平面,37.2,1000000,,RPWOMLLMIIOFFFK76CA,80.77,1.38,10.67,,
頭份市,房地(土地+建物)+車位,苗栗縣頭份市東庄里１９鄰富強二街５２號七樓,31.14,住,,,1071105,土地1建物1車位2,,十五層,住宅大樓(11層含以上有電梯),住家用,鋼筋混凝土造,1080806,206.74,3,2,2,有,有,7150000,39718,坡道平面,73.3,1850000,,RPSPMLLMIIOFFFK09CA,80.77,1.38,10.67,,
頭份市,房地(土地+建物)+車位,苗栗縣頭份市山下里８鄰翠亨路１６２號八樓,26.54,住,,,1071127,土地1建物1車位1,,十四層,住宅大樓(11層含以上有電梯),住家用,鋼筋混凝土造,1080416,177.39999999999998,3,2,2,有,有,7400000,43101,坡道平面,26.6,900000,交易內含機車位2個,RPROMLSJIIOFFFK66CA,87.3,0.0,9.3,,
頭份市,房地(土地+建物)+車位,苗栗縣頭份市東庄里１９鄰富強二街６號七樓,28.15,住,,,1071105,土地1建物1車位1,七層,十四層,住宅大樓(11層含以上有電梯),住家用,鋼筋混凝土造,1080806,162.38,3,2,2,有,有,6100000,41141,坡道平面,37.2,950000,,RPXPMLLMIIOFFFK96CA,76.48,1.66,8.59,,
頭份市,房地(土地+建物)+車位,苗栗縣頭份市東庄里１９鄰富強二街２６號十四樓,25.75,住,,,1071112,土地1建物1車位1,十四層,十五層,住宅大樓(11層含以上有電梯),住家用,鋼筋混凝土造,1080806,150.75,3,2,2,有,有,5500000,40070,坡道平面,37.2,950000,,RPRRMLLMIIOFFFK56CA,69.44,1.3,7.88,,
頭份市,房地(土地+建物)+車位,苗栗縣頭份市民生街３２號六樓,17.25,住,,,1071130,土地1建物1車位1,六層,十二層,住宅大樓(11層含以上有電梯),住家用,鋼筋混凝土造,1080910,123.31,2,2,1,有,有,4600000,40965,坡道平面,35.43,1000000,土地及建物分次登記案件。前案土地登記收件字號：；,RPVNMLPJJIOFFFK76CA,55.34,0.0,3.71,,
頭份市,房地(土地+建物)+車位,苗栗縣頭份市山下里８鄰翠亨路１５６號八樓,24.86,住,,,1071121,土地1建物1車位1,八層,十四層,住宅大樓(11層含以上有電梯),住家用,鋼筋混凝土造,1080416,164.62,3,2,2,有,有,6950000,43472,坡道平面,26.6,950000,交易內含機車位1個,RPVNMLLLIIOFFFK09CA,81.55,0.0,8.97,,
頭份市,房地(土地+建物)+車位,苗栗縣頭份市東庄里１９鄰富強二街１６號十樓,28.15,住,,,1071112,土地1建物1車位1,十層,十四層,住宅大樓(11層含以上有電梯),住家用,鋼筋混凝土造,1080806,162.38,3,2,2,有,有,5880000,39783,坡道平面,37.2,900000,,RPUNMLLJJIOFFFK88CA,76.48,1.66,8.59,,
頭份市,房地(土地+建物)+車位,苗栗縣頭份市東庄里１９鄰富強二街３８號五樓,28.74,住,,,1071105,土地1建物1車位2,五層,十五層,住宅大樓(11層含以上有電梯),住家用,鋼筋混凝土造,1080806,201.13,3,2,2,有,有,7060000,39927,坡道平面,74.4,2000000,,RPPOMLMJJIOFFFK58CA,77.11,1.66,9.09,,
卓蘭鎮,土地,大坪林段88-1799地號,126.0,,山坡地保育區,特定目的事業用地,1071121,土地1建物0車位0,,,其他,,,,0.0,0,0,0,有,無,686070,5445,,0.0,0,台電電塔用地。,RPPNMLNJJIOFFAK08CA,0.0,0.0,0.0,,
頭份市,土地,民族段452地號,58.71,住,,,1071005,土地1建物0車位0,,,其他,,,,0.0,0,0,0,有,無,1562860,26620,,0.0,0,,RPPPMLKKRHOFFFK66CA,0.0,0.0,0.0,,
頭份市,土地,民族段460地號,21.67,住,,,1071005,土地1建物0車位0,,,其他,,,,0.0,0,0,0,有,無,576855,26620,,0.0,0,,SPPPMLKKRHOFFFK76CA,0.0,0.0,0.0,,
竹南鎮,房地(土地+建物)+車位,苗栗縣竹南鎮新南里１１鄰立華街６２號五樓,32.85,住,,,1071015,土地1建物1車位1,五層,十一層,住宅大樓(11層含以上有電梯),其他,鋼筋混凝土造,1080311,128.67000000000002,3,2,2,有,有,6000000,46631,坡道平面,0.0,1000000,,RPUNMLMJRHOFFDK86CA,66.25,0.0,6.14,,
頭份市,房地(土地+建物)+車位,苗栗縣頭份市山下里８鄰翠亨路１６６號六樓,26.5,住,,,1071008,土地1建物1車位1,六層,十四層,住宅大樓(11層含以上有電梯),住家用,鋼筋混凝土造,1080416,173.09,3,2,2,有,有,7100000,41980,坡道平面,26.6,950000,交易內含機車位1個,RPTNMLPJRHOFFFK27CA,87.28,0.0,8.98,,
頭份市,房地(土地+建物),苗栗縣頭份市上興里１５鄰永昌街５２巷２號六樓,25.79,,山坡地保育區,丙種建築用地,1071010,土地2建物1車位0,六層,七層,華廈(10層含以下有電梯),住家用,鋼筋混凝土造,0860827,96.60000000000001,3,2,2,有,無,2980000,30849,,0.0,0,,RPVOMLRLRHOFFFK97CA,72.55,0.0,8.26,,
頭份市,房地(土地+建物)+車位,苗栗縣頭份市山下里８鄰翠亨路１５６號六樓,24.86,住,,,1071020,土地1建物1車位1,六層,十四層,住宅大樓(11層含以上有電梯),住家用,鋼筋混凝土造,1080416,164.62,3,2,2,有,有,6700000,41661,坡道平面,26.6,950000,交易內含機車位1個,RPUNMLKKRHOFFFK96CA,81.55,0.0,8.97,,
頭份市,房地(土地+建物)+車位,苗栗縣頭份市東庄里１９鄰富強二街５２號九樓,30.54,住,,,1071029,土地1建物1車位1,九層,十五層,住宅大樓(11層含以上有電梯),住家用,鋼筋混凝土造,1080806,170.64,3,2,2,有,有,6370000,40614,坡道平面,37.19,950000,,RPTOMLRJRHOFFFK57CA,80.77,1.38,10.67,,
公館鄉,房地(土地+建物),苗栗縣公館鄉館南村２鄰民權街７號五樓之二,31.26,住,,,1071009,土地1建物1車位0,五層,五層,華廈(10層含以下有電梯),住家用,鋼筋混凝土造,1080614,91.05,2,1,1,有,無,4100000,45030,,0.0,0,,RPWNMLSKRHOFFBK57CA,52.16,0.0,8.12,,
頭份市,房地(土地+建物)+車位,苗栗縣頭份市山下里８鄰翠亨路１４６號八樓,24.82,住,,,1071006,土地1建物1車位1,八層,十四層,住宅大樓(11層含以上有電梯),住家用,鋼筋混凝土造,1080416,170.43,3,2,2,有,有,6980000,42639,坡道平面,29.02,950000,交易內含機車位2個,RPVNMLOLRHOFFFK57CA,81.53,0.0,8.67,,
頭份市,房地(土地+建物)+車位,苗栗縣頭份市東庄里１９鄰富強二街５２號五樓,30.54,住,,,1071008,土地1建物1車位1,五層,十五層,住宅大樓(11層含以上有電梯),住家用,鋼筋混凝土造,1080806,170.64,3,2,2,有,有,6360000,40165,坡道平面,37.19,1000000,,RPQOMLLKIIOFFFK58CA,80.77,1.38,10.67,,
頭份市,房地(土地+建物)+車位,苗栗縣頭份市東庄里１９鄰富強二街５２號十樓,30.54,住,,,1071025,土地1建物1車位1,十層,十五層,住宅大樓(11層含以上有電梯),住家用,鋼筋混凝土造,1080806,170.64,3,2,2,有,有,6370000,40989,坡道平面,37.19,900000,,RPROMLLKIIOFFFK68CA,80.77,1.38,10.67,,
頭份市,房地(土地+建物)+車位,苗栗縣頭份市山下里８鄰翠亨路１５８號六樓,26.57,住,,,1071015,土地1建物1車位1,六層,十四層,住宅大樓(11層含以上有電梯),住家用,鋼筋混凝土造,1080416,177.42,3,2,2,有,有,7330000,42299,坡道平面,26.6,950000,交易內含機車位2個,RPXNMLRLRHOFFFK08CA,87.3,0.0,9.3,,
公館鄉,土地,鶴子岡段368-1地號,145.62,,特定農業區,甲種建築用地,1071017,土地4建物0車位0,,,其他,,,,0.0,0,0,0,有,無,1900000,13048,,0.0,0,,RPPNMLKMRHOFFBK88CA,0.0,0.0,0.0,,
頭份市,房地(土地+建物)+車位,苗栗縣頭份市東庄里１９鄰富強二街２６號九樓,25.75,住,,,1071001,土地1建物1車位1,九層,十五層,住宅大樓(11層含以上有電梯),住家用,鋼筋混凝土造,1080806,150.75,3,2,2,有,有,5450000,39630,坡道平面,37.2,950000,,RPQQMLLMIIOFFFK98CA,69.44,1.3,7.88,,
頭份市,房地(土地+建物)+車位,苗栗縣頭份市東庄里１９鄰富強二街３２號十五樓,30.54,住,,,1071001,土地1建物1車位1,十五層,十五層,住宅大樓(11層含以上有電梯),住家用,鋼筋混凝土造,1080806,170.64,3,2,2,有,有,6390000,41142,坡道平面,37.2,900000,,RPWQMLLMIIOFFFK96CA,80.77,1.38,10.67,,
頭份市,房地(土地+建物)+車位,苗栗縣頭份市東庄里１９鄰富強二街３６號七樓,28.15,住,,,1071022,土地1建物1車位1,七層,十五層,住宅大樓(11層含以上有電梯),住家用,鋼筋混凝土造,1080806,163.83999999999997,3,2,2,有,有,6200000,41456,坡道平面,37.2,950000,,RPXQMLLMIIOFFFK07CA,77.02,1.66,9.09,,
頭份市,房地(土地+建物)+車位,苗栗縣頭份市東庄里１９鄰富強二街５０號四樓,28.15,住,,,1071008,土地1建物1車位1,四層,十五層,住宅大樓(11層含以上有電梯),住家用,鋼筋混凝土造,1080806,163.91,3,2,2,有,有,5940000,39381,坡道平面,37.2,950000,,RPWRMLLMIIOFFFK07CA,77.09,1.66,9.09,,
頭份市,房地(土地+建物)+車位,苗栗縣頭份市東庄里１９鄰富強二街５０號八樓,28.15,住,,,1071001,土地1建物1車位1,八層,十五層,住宅大樓(11層含以上有電梯),住家用,鋼筋混凝土造,1080806,163.91,3,2,2,有,有,6160000,40723,坡道平面,37.2,1000000,,RPXRMLLMIIOFFFK17CA,77.09,1.66,9.09,,
頭份市,房地(土地+建物)+車位,苗栗縣頭份市東庄里１９鄰富強二街２６號十二樓,25.75,住,,,1071022,土地1建物1車位1,十二層,十五層,住宅大樓(11層含以上有電梯),住家用,鋼筋混凝土造,1080806,150.75,3,2,2,有,有,5500000,40070,坡道平面,37.2,950000,,RPPOMLLJJIOFFFK48CA,69.44,1.3,7.88,,
頭份市,房地(土地+建物)+車位,苗栗縣頭份市東庄里１９鄰富強二街３０號十五樓,28.15,住,,,1071008,土地1建物1車位1,十五層,十五層,住宅大樓(11層含以上有電梯),住家用,鋼筋混凝土造,1080806,165.14,3,2,2,有,有,5990000,40953,坡道平面,38.41,800000,,RPVNMLMJJIOFFFK09CA,77.1,1.66,9.09,,
竹南鎮,房地(土地+建物)+車位,苗栗縣竹南鎮開元里１０鄰迎薰南路１１２號三樓,31.32,住,,,1071025,土地1建物1車位1,三層,七層,華廈(10層含以下有電梯),住家用,鋼筋混凝土造,1080327,137.56,2,2,1,有,有,5580000,47191,坡道平面,37.33,850000,,RPPNMLTJJIOFFDK98CA,62.31,0.0,6.83,,
頭份市,房地(土地+建物)+車位,苗栗縣頭份市上興里１５鄰永昌街５２巷１號四樓,26.55,,山坡地保育區,丙種建築用地,1070901,土地2建物1車位1,四層,七層,華廈(10層含以下有電梯),住家用,鋼筋混凝土造,0860827,112.85000000000001,3,2,2,有,無,3530000,31684,坡道平面,13.43,380000,,RPOOMLPLRHOFFFK07CA,73.5,0.0,9.7,,
頭份市,房地(土地+建物),苗栗縣頭份市上興里１５鄰永昌街５２巷６號二樓,25.41,,山坡地保育區,丙種建築用地,1070928,土地2建物1車位0,二層,七層,華廈(10層含以下有電梯),住家用,鋼筋混凝土造,0860827,94.94,3,2,1,有,無,2950000,31072,,0.0,0,,RPXNMLQLRHOFFFK97CA,70.49,0.0,8.91,,
頭份市,房地(土地+建物)+車位,苗栗縣頭份市東庄里１９鄰富強二街２６號四樓,25.75,住,,,1070917,土地1建物1車位1,四層,十五層,住宅大樓(11層含以上有電梯),住家用,鋼筋混凝土造,1080806,150.75,3,2,2,有,有,5080000,36809,坡道平面,37.19,900000,,RPSOMLRJRHOFFFK47CA,69.44,1.3,7.88,,
頭份市,房地(土地+建物)+車位,苗栗縣頭份市東庄里１９鄰富強二街１０號九樓,20.36,住,,,1070903,土地1建物1車位1,九層,十四層,住宅大樓(11層含以上有電梯),住家用,鋼筋混凝土造,1080806,128.0,2,2,1,有,有,4530000,39974,坡道平面,37.19,900000,,RPQPMLKLRHOFFFK86CA,55.37,2.13,5.46,,
頭份市,房地(土地+建物)+車位,苗栗縣頭份市東庄里１９鄰富強二街２８號九樓,25.75,住,,,1070910,土地1建物1車位1,九層,十五層,住宅大樓(11層含以上有電梯),住家用,鋼筋混凝土造,1080806,151.18,3,2,2,有,有,5200000,38574,坡道平面,38.41,850000,,RPSPMLKLRHOFFFK07CA,68.99,1.3,7.88,,
頭份市,房地(土地+建物)+車位,苗栗縣頭份市東庄里１９鄰富強二街２８號十樓,25.75,住,,,1070901,土地1建物1車位1,十層,十五層,住宅大樓(11層含以上有電梯),住家用,鋼筋混凝土造,1080806,149.96,3,2,2,有,有,5380000,39727,坡道平面,37.19,900000,,RPVNMLLKIIOFFFK98CA,68.99,1.3,7.88,,
頭份市,土地,隆興段586地號,2072.11,農,,,1070914,土地1建物0車位0,,,其他,,,,0.0,0,0,0,有,無,20000000,9652,,0.0,0,,RPQNMLOKIIOFFFK78CA,0.0,0.0,0.0,,
頭份市,房地(土地+建物)+車位,苗栗縣頭份市民生街４０號七樓,24.36,住,,,1070929,土地1建物1車位1,七層,十二層,住宅大樓(11層含以上有電梯),住家用,鋼筋混凝土造,1080910,159.45999999999998,3,2,2,有,有,6350000,42328,坡道平面,35.43,1100000,土地及建物分次登記案件。前案土地登記收件字號：；,RPWNMLPJJIOFFFK86CA,73.58,0.0,9.75,,
頭份市,房地(土地+建物)+車位,苗栗縣頭份市東庄里１９鄰富強二街５０號三樓,28.15,住,,,1070924,土地1建物1車位1,三層,十五層,住宅大樓(11層含以上有電梯),住家用,鋼筋混凝土造,1080806,162.25,3,2,2,有,有,5950000,39584,坡道平面,37.2,1000000,,RPTTMLLMIIOFFFK96CA,77.09,0.0,9.09,,
南庄鄉,土地,田尾段32-2地號,310.0,,山坡地保育區,丙種建築用地,1070911,土地1建物0車位0,,,其他,,,,0.0,0,0,0,有,無,1800000,5806,,0.0,0,,RPPNMLNLIIOFFFK68CA,0.0,0.0,0.0,,
頭份市,房地(土地+建物)+車位,苗栗縣頭份市東庄里１９鄰富強二街２６號十五樓,25.75,住,,,1070924,土地1建物1車位1,十五層,十五層,住宅大樓(11層含以上有電梯),住家用,鋼筋混凝土造,1080806,150.75,3,2,2,有,有,5420000,39806,坡道平面,37.2,900000,,RPROMLLJJIOFFFK68CA,69.44,1.3,7.88,,
頭份市,房地(土地+建物)+車位,苗栗縣頭份市東庄里１９鄰富強二街２８號十五樓,25.75,住,,,1070917,土地1建物1車位1,十五層,十五層,住宅大樓(11層含以上有電梯),住家用,鋼筋混凝土造,1080806,149.96,3,2,2,有,有,5500000,40795,坡道平面,37.2,900000,,RPSNMLMJJIOFFFK78CA,68.99,1.3,7.88,,
頭份市,房地(土地+建物)+車位,苗栗縣頭份市東庄里１９鄰富強二街１２號五樓,20.36,住,,,1070806,土地1建物1車位1,五層,十四層,住宅大樓(11層含以上有電梯),住家用,鋼筋混凝土造,1080806,127.93,2,2,1,有,有,4490000,39013,坡道平面,37.19,950000,,RPRNMLRJRHOFFFK27CA,55.3,2.13,5.46,,
頭份市,房地(土地+建物)+車位,苗栗縣頭份市東庄里１９鄰富強二街１２號六樓,20.36,住,,,1070806,土地1建物1車位1,六層,十四層,住宅大樓(11層含以上有電梯),住家用,鋼筋混凝土造,1080806,127.93,2,2,1,有,有,4510000,39233,坡道平面,37.19,950000,,RPSNMLRJRHOFFFK37CA,55.3,2.13,5.46,,
頭份市,房地(土地+建物)+車位,苗栗縣頭份市東庄里１９鄰富強二街２２號五樓,20.36,住,,,1070820,土地1建物1車位1,五層,十四層,住宅大樓(11層含以上有電梯),住家用,鋼筋混凝土造,1080806,129.15,2,2,1,有,有,4400000,40776,坡道平面,38.41,700000,,RPOOMLRJRHOFFFK07CA,55.3,2.13,5.46,,
苗栗市,房地(土地+建物),苗栗縣苗栗市福星里７鄰福星街１１０巷４８弄１２號,115.3,住,,,1070802,土地2建物1車位0,全,三層,透天厝,住家用,鋼筋混凝土造,1080527,214.39,5,2,5,有,無,12800000,59704,,0.0,0,,RPRNMLPLRHOFFBK86CA,194.0,0.0,20.39,,
頭份市,房地(土地+建物)+車位,苗栗縣頭份市東庄里１９鄰富強二街２２號三樓,20.36,住,,,1070813,土地1建物1車位1,三層,十四層,住宅大樓(11層含以上有電梯),住家用,鋼筋混凝土造,1080806,125.80000000000001,2,2,1,有,有,4360000,39048,坡道平面,37.19,900000,,RPUQMLKLRHOFFFK37CA,55.3,0.0,5.46,,
頭份市,房地(土地+建物)+車位,苗栗縣頭份市東庄里１９鄰富強二街２６號八樓,25.75,住,,,1070820,土地1建物1車位1,八層,十五層,住宅大樓(11層含以上有電梯),住家用,鋼筋混凝土造,1080806,150.75,3,2,2,有,有,5280000,38570,坡道平面,37.19,900000,,RPROMLKLRHOFFFK86CA,69.44,1.3,7.88,,
頭份市,房地(土地+建物)+車位,苗栗縣頭份市東庄里１９鄰富強二街１２號九樓,20.36,住,,,1070813,土地1建物1車位1,九層,十四層,住宅大樓(11層含以上有電梯),住家用,鋼筋混凝土造,1080806,129.15,2,2,1,有,有,4350000,40225,坡道平面,38.41,700000,,RPTNMLKLRHOFFFK96CA,55.3,2.13,5.46,,
頭份市,房地(土地+建物)+車位,苗栗縣頭份市東庄里１９鄰富強二街２６號十樓,25.75,住,,,1070827,土地1建物1車位1,十層,十五層,住宅大樓(11層含以上有電梯),住家用,鋼筋混凝土造,1080806,150.75,3,2,2,有,有,5500000,40067,坡道平面,37.19,950000,,RPRPMLKLRHOFFFK96CA,69.44,1.3,7.88,,
頭份市,房地(土地+建物)+車位,苗栗縣頭份市東庄里１９鄰富強二街１２號七樓,20.36,住,,,1070806,土地1建物1車位1,七層,十四層,住宅大樓(11層含以上有電梯),住家用,鋼筋混凝土造,1080806,127.93,2,2,1,有,有,4500000,39674,坡道平面,37.19,900000,,RPRNMLLKIIOFFFK58CA,55.3,2.13,5.46,,
頭份市,房地(土地+建物)+車位,苗栗縣頭份市東庄里１９鄰富強二街１０號三樓,20.36,住,,,1070806,土地1建物1車位1,三層,十四層,住宅大樓(11層含以上有電梯),住家用,鋼筋混凝土造,1080806,127.09,2,2,1,有,有,4300000,38904,坡道平面,38.41,850000,,RPTOMLLKIIOFFFK88CA,55.37,0.0,5.46,,
苗栗市,房地(土地+建物),苗栗縣苗栗市福星里７鄰福星街１１０巷４８弄８號,168.25,住,,,1070808,土地2建物1車位0,全,三層,透天厝,住家用,鋼筋混凝土造,1080527,223.07,5,2,5,有,無,14100000,63209,,0.0,0,,RPWNMLPLIIOFFBK56CA,209.74,0.0,13.33,,
頭份市,房地(土地+建物)+車位,苗栗縣頭份市東庄里１９鄰富強二街２８號八樓,25.75,住,,,1070813,土地1建物1車位1,八層,十五層,住宅大樓(11層含以上有電梯),住家用,鋼筋混凝土造,1080806,149.96,3,2,2,有,有,5350000,39021,坡道平面,37.2,950000,,RPROMLLMIIOFFFK88CA,68.99,1.3,7.88,,
苑裡鎮,房地(土地+建物),苗栗縣苑裡鎮中正路一段８０巷１５號,105.1,住,,,1070830,土地1建物1車位0,全,四層,透天厝,住家用,鋼筋混凝土造,1080809,234.29,4,3,4,有,無,13880000,59243,,0.0,0,,RPPNMLLLIIOFFCK18CA,217.0,0.0,17.29,,
公館鄉,房地(土地+建物),苗栗縣公館鄉館南村１４鄰館南３５８之３號,123.0,,特定農業區,甲種建築用地,1070821,土地1建物1車位0,全,三層,透天厝,住家用,鋼筋混凝土造,1080610,171.54,5,2,3,有,無,8500000,49551,,0.0,0,,RPQNMLLMIIOFFBK28CA,155.19,0.0,16.35,,
銅鑼鄉,土地,樟樹段200-1地號,79.66,,,,1070731,土地1建物0車位0,,,其他,,,,0.0,0,0,0,有,無,39830,500,,0.0,0,親友、員工或其他特殊關係間之交易。；畸零地或有合併使用之交易。；,RPQNMLMKRHOFFEK66CA,0.0,0.0,0.0,,
苗栗市,房地(土地+建物),苗栗縣苗栗市福星里９鄰國華路２７２巷１１號,102.34,住,,,1070731,土地2建物1車位0,全,四層,透天厝,住家用,鋼筋混凝土造,1080527,227.64,6,2,4,有,無,13200000,57986,,0.0,0,,RPXOMLSKRHOFFBK77CA,212.03,0.0,15.61,,
苗栗市,房地(土地+建物),苗栗縣苗栗市福星里９鄰國華路２８０號,94.96,住,,,1070714,土地1建物1車位0,一層，二層，三層，四層,四層,店面(店鋪),住家用,鋼筋混凝土造,1080531,234.02,4,3,4,有,無,15380000,65721,,0.0,0,,RPVOMLSKRHOFFBK57CA,212.44,0.0,21.58,,
竹南鎮,房地(土地+建物)+車位,苗栗縣竹南鎮大埔里２鄰科專七路２０５號十樓之二,26.13,住,,,1070728,土地1建物1車位1,十層,十二層,住宅大樓(11層含以上有電梯),住家用,見其他登記事項,1050414,99.58,2,2,1,有,有,4400000,44186,坡道平面,0.0,0,,RPRNMLMJRHOFFDK56CA,51.01,0.0,5.75,,
公館鄉,房地(土地+建物),苗栗縣公館鄉館南村２鄰民權街７號二樓之一,32.07,住,,,1070726,土地1建物1車位0,二層,五層,華廈(10層含以下有電梯),住家用,鋼筋混凝土造,1080614,92.78,2,1,1,有,無,4000000,43113,,0.0,0,,RPRNMLSKRHOFFBK07CA,54.74,0.0,6.87,,
頭份市,房地(土地+建物)+車位,苗栗縣頭份市東庄里１９鄰富強二街２０號九樓,20.36,住,,,1070716,土地1建物1車位1,九層,十四層,住宅大樓(11層含以上有電梯),住家用,鋼筋混凝土造,1080806,128.0,2,2,1,有,有,4540000,40084,坡道平面,37.19,900000,,RPVNMLRJRHOFFFK67CA,55.37,2.13,5.46,,
頭份市,房地(土地+建物)+車位,苗栗縣頭份市東庄里１９鄰富強二街２２號八樓,20.36,住,,,1070723,土地1建物1車位1,八層,十四層,住宅大樓(11層含以上有電梯),住家用,鋼筋混凝土造,1080806,127.93,2,2,1,有,有,4580000,40555,坡道平面,37.19,900000,,RPPOMLRJRHOFFFK17CA,55.3,2.13,5.46,,
竹南鎮,土地,鹽館前段山子坪小段216-3地號,2492.0,工,,,1070716,土地2建物0車位0,,,其他,,,,0.0,0,0,0,有,無,63358652,25425,,0.0,0,,RPPNMLRLRHOFFDK07CA,0.0,0.0,0.0,,
頭份市,房地(土地+建物)+車位,苗栗縣頭份市東庄里１９鄰富強二街１０號六樓,20.36,住,,,1070723,土地1建物1車位1,六層,十四層,住宅大樓(11層含以上有電梯),住家用,鋼筋混凝土造,1080806,128.0,2,2,1,有,有,4600000,40744,坡道平面,37.19,900000,,RPRNMLKLRHOFFFK76CA,55.37,2.13,5.46,,
苑裡鎮,房地(土地+建物),苗栗縣苑裡鎮泰田里４鄰泰田６４之１６號,99.03,,特定農業區,甲種建築用地,1070718,土地3建物1車位0,全,三層,透天厝,住家用,鋼筋混凝土造,1080130,174.86,4,2,3,有,無,7500000,42891,,0.0,0,,RPPNMLSKRHOFFCK96CA,166.0,0.0,8.86,,
頭份市,房地(土地+建物)+車位,苗栗縣頭份市東庄里１９鄰富強二街２８號十四樓,25.75,住,,,1070716,土地1建物1車位1,十四層,十五層,住宅大樓(11層含以上有電梯),住家用,鋼筋混凝土造,1080806,149.96,3,2,2,有,有,5580000,41057,坡道平面,37.19,950000,,RPVPMLKLRHOFFFK37CA,68.99,1.3,7.88,,
頭份市,房地(土地+建物)+車位,苗栗縣頭份市東庄里１９鄰富強二街１２號四樓,20.36,住,,,1070709,土地1建物1車位1,四層,十四層,住宅大樓(11層含以上有電梯),住家用,鋼筋混凝土造,1080806,127.93,2,2,1,有,有,4430000,38907,坡道平面,37.2,900000,,RPTOMLKMIIOFFFK98CA,55.3,2.13,5.46,,
頭份市,房地(土地+建物)+車位,苗栗縣頭份市東庄里１９鄰富強二街２０號三樓,20.36,住,,,1070723,土地1建物1車位1,三層,十四層,住宅大樓(11層含以上有電梯),住家用,鋼筋混凝土造,1080806,125.87,2,2,1,有,有,4400000,39472,坡道平面,37.2,900000,,RPSNMLLMIIOFFFK88CA,55.37,0.0,5.46,,
頭份市,房地(土地+建物)+車位,苗栗縣頭份市東庄里１９鄰富強二街１０號七樓,20.36,住,,,1070716,土地1建物1車位1,七層,十四層,住宅大樓(11層含以上有電梯),住家用,鋼筋混凝土造,1080806,126.91,2,2,1,有,有,4500000,40194,坡道平面,36.1,850000,,RPUOMLLKIIOFFFK98CA,55.37,2.13,5.46,,
頭份市,房地(土地+建物)+車位,苗栗縣頭份市東庄里１９鄰富強二街２０號七樓,20.36,住,,,1070716,土地1建物1車位1,七層,十四層,住宅大樓(11層含以上有電梯),住家用,鋼筋混凝土造,1080806,126.91,2,2,1,有,有,4500000,40194,坡道平面,36.1,850000,,RPOQMLLKIIOFFFK58CA,55.37,2.13,5.46,,
頭份市,房地(土地+建物)+車位,苗栗縣頭份市東庄里１９鄰富強二街２８號四樓,25.75,住,,,1070709,土地1建物1車位1,四層,十五層,住宅大樓(11層含以上有電梯),住家用,鋼筋混凝土造,1080806,149.96,3,2,2,有,有,5300000,39021,坡道平面,37.2,900000,,RPOOMLLMIIOFFFK58CA,68.99,1.3,7.88,,
頭份市,房地(土地+建物)+車位,苗栗縣頭份市東庄里１９鄰富強二街２８號七樓,25.75,住,,,1070723,土地1建物1車位1,七層,十五層,住宅大樓(11層含以上有電梯),住家用,鋼筋混凝土造,1080806,149.96,3,2,2,有,有,5400000,39908,坡道平面,37.2,900000,,RPQOMLLMIIOFFFK78CA,68.99,1.3,7.88,,
頭份市,房地(土地+建物)+車位,苗栗縣頭份市東庄里１９鄰富強二街２８號五樓,25.75,住,,,1070709,土地1建物1車位1,五層,十五層,住宅大樓(11層含以上有電梯),住家用,鋼筋混凝土造,1080806,149.96,3,2,2,有,有,5300000,38578,坡道平面,37.2,950000,,RPRQMLLMIIOFFFK09CA,68.99,1.3,7.88,,
西湖鄉,土地,三湖段608地號,6160.0,,山坡地保育區,農牧用地,1070711,土地3建物0車位0,,,其他,,,,0.0,0,0,0,有,無,4312000,700,,0.0,0,,RPQNMLSKIIOFFEK09CA,0.0,0.0,0.0,,
頭份市,房地(土地+建物)+車位,苗栗縣頭份市東庄里１９鄰富強二街１０號十樓,20.36,住,,,1070702,土地1建物1車位1,十層,十四層,住宅大樓(11層含以上有電梯),住家用,鋼筋混凝土造,1080806,129.22,2,2,1,有,有,4500000,40744,坡道平面,38.41,800000,,RPSNMLQLIIOFFFK66CA,55.37,2.13,5.46,,
頭份市,房地(土地+建物)+車位,苗栗縣頭份市東庄里１９鄰富強二街２０號五樓,20.36,住,,,1070702,土地1建物1車位1,五層,十四層,住宅大樓(11層含以上有電梯),住家用,鋼筋混凝土造,1080806,128.0,2,2,1,有,有,4550000,40198,坡道平面,37.2,900000,,RPWNMLLJJIOFFFK09CA,55.37,2.13,5.46,,
頭份市,房地(土地+建物)+車位,苗栗縣頭份市東庄里１９鄰富強二街２０號八樓,20.36,住,,,1070730,土地1建物1車位1,八層,十四層,住宅大樓(11層含以上有電梯),住家用,鋼筋混凝土造,1080806,128.0,2,2,1,有,有,4500000,39648,坡道平面,37.2,900000,,RPXNMLLJJIOFFFK56CA,55.37,2.13,5.46,,
頭份市,房地(土地+建物)+車位,苗栗縣頭份市東庄里１９鄰富強二街２６號六樓,25.75,住,,,1070702,土地1建物1車位1,六層,十五層,住宅大樓(11層含以上有電梯),住家用,鋼筋混凝土造,1080806,150.75,3,2,2,有,有,5410000,39278,坡道平面,37.2,950000,,RPOOMLLJJIOFFFK38CA,69.44,1.3,7.88,,
頭份市,房地(土地+建物)+車位,苗栗縣頭份市東庄里１９鄰富強二街２６號十三樓,25.75,住,,,1070730,土地1建物1車位1,十三層,十五層,住宅大樓(11層含以上有電梯),住家用,鋼筋混凝土造,1080806,150.75,3,2,2,有,有,5510000,40599,坡道平面,37.2,900000,,RPQOMLLJJIOFFFK58CA,69.44,1.3,7.88,,
頭份市,房地(土地+建物)+車位,苗栗縣頭份市東庄里１９鄰富強二街２８號十三樓,25.75,住,,,1070730,土地1建物1車位1,十三層,十五層,住宅大樓(11層含以上有電梯),住家用,鋼筋混凝土造,1080806,149.96,3,2,2,有,有,5500000,40795,坡道平面,37.2,900000,,RPSOMLLJJIOFFFK78CA,68.99,1.3,7.88,,
後龍鎮,房地(土地+建物)+車位,苗栗縣後龍鎮大庄里８鄰民族路１５６巷２號四樓之二,37.43,住,,,1070601,土地2建物1車位1,四層,五層,華廈(10層含以下有電梯),住家用,鋼筋混凝土造,1080123,92.21000000000001,2,2,2,有,無,3750000,40668,一樓平面,0.0,0,,RPPNMLMLQHOFFDK09CA,49.08,0.0,7.19,,
銅鑼鄉,土地,老雞隆段1013-599地號,2524.0,,山坡地保育區,農牧用地,1070624,土地1建物0車位0,,,其他,,,,0.0,0,0,0,有,無,3500000,1387,,0.0,0,總價含道路用地持分道路用地持分與鄰地界址調整持分完成另行移轉,RPRNMLQLQHOFFEK17CA,0.0,0.0,0.0,,
苗栗市,房地(土地+建物),苗栗縣苗栗市福星里９鄰國華路２７２巷１３弄７號,94.03,住,,,1070607,土地2建物1車位0,全,三層,透天厝,住家用,鋼筋混凝土造,1080527,200.8,5,2,3,有,無,11260000,56076,,0.0,0,,RPRNMLMJRHOFFBK98CA,189.8,0.0,11.0,,
苗栗市,房地(土地+建物),苗栗縣苗栗市福星里９鄰國華路２８２號,99.62,住,,,1070607,土地1建物1車位0,一層，二層，三層，四層,四層,店面(店鋪),住家用,鋼筋混凝土造,1080531,245.66,4,3,4,有,無,15800000,64317,,0.0,0,,RPUOMLSKRHOFFBK47CA,236.09,0.0,9.57,,
頭份市,房地(土地+建物)+車位,苗栗縣頭份市東庄里１９鄰富強二街１０號四樓,20.36,住,,,1070611,土地1建物1車位1,四層,十四層,住宅大樓(11層含以上有電梯),住家用,鋼筋混凝土造,1080806,128.0,2,2,1,有,有,4450000,39093,坡道平面,37.19,900000,,RPQNMLRJRHOFFFK17CA,55.37,2.13,5.46,,
頭份市,房地(土地+建物)+車位,苗栗縣頭份市東庄里１９鄰富強二街２０號二樓,20.36,住,,,1070611,土地1建物1車位1,二層,十四層,住宅大樓(11層含以上有電梯),住家用,鋼筋混凝土造,1080806,125.87,2,2,1,有,有,4600000,41723,坡道平面,37.19,900000,,RPXNMLKLRHOFFFK37CA,55.37,0.0,5.46,,
頭份市,房地(土地+建物)+車位,苗栗縣頭份市東庄里１９鄰富強二街２２號二樓,20.36,住,,,1070619,土地1建物1車位1,二層,十四層,住宅大樓(11層含以上有電梯),住家用,鋼筋混凝土造,1080806,125.80000000000001,2,2,1,有,有,4450000,40063,坡道平面,37.19,900000,,RPOOMLKLRHOFFFK56CA,55.3,0.0,5.46,,
頭份市,房地(土地+建物)+車位,苗栗縣頭份市東庄里１９鄰富強二街２０號六樓,20.36,住,,,1070611,土地1建物1車位1,六層,十四層,住宅大樓(11層含以上有電梯),住家用,鋼筋混凝土造,1080806,128.0,2,2,1,有,有,4540000,40088,坡道平面,37.2,900000,,RPUNMLLMIIOFFFK09CA,55.37,2.13,5.46,,
頭份市,房地(土地+建物)+車位,苗栗縣頭份市東庄里１９鄰富強二街２８號六樓,25.75,住,,,1070625,土地1建物1車位1,六層,十五層,住宅大樓(11層含以上有電梯),住家用,鋼筋混凝土造,1080806,149.96,3,2,2,有,有,5380000,39287,坡道平面,37.2,950000,,RPPOMLLMIIOFFFK68CA,68.99,1.3,7.88,,
頭份市,房地(土地+建物)+車位,苗栗縣頭份市東庄里１９鄰富強二街２６號三樓,25.75,住,,,1070619,土地1建物1車位1,三層,十五層,住宅大樓(11層含以上有電梯),住家用,鋼筋混凝土造,1080806,149.45,3,2,2,有,有,5250000,38307,坡道平面,37.2,950000,,RPQRMLLMIIOFFFK09CA,69.44,0.0,7.88,,
頭份市,房地(土地+建物)+車位,苗栗縣頭份市東庄里１９鄰富強二街２８號二樓,25.75,住,,,1070611,土地1建物1車位1,二層,十五層,住宅大樓(11層含以上有電梯),住家用,鋼筋混凝土造,1080806,148.66000000000003,3,2,2,有,有,5300000,39027,坡道平面,37.2,950000,,RPSRMLLMIIOFFFK66CA,68.99,0.0,7.88,,
頭份市,房地(土地+建物)+車位,苗栗縣頭份市東庄里１９鄰富強二街２８號三樓,25.75,住,,,1070619,土地1建物1車位1,三層,十五層,住宅大樓(11層含以上有電梯),住家用,鋼筋混凝土造,1080806,148.66000000000003,3,2,2,有,有,5300000,39027,坡道平面,37.2,950000,,RPTRMLLMIIOFFFK76CA,68.99,0.0,7.88,,
竹南鎮,房地(土地+建物),苗栗縣竹南鎮佳興里１鄰新北街７６號,108.49,住,,,1070602,土地3建物1車位0,全,三層,透天厝,住家用,鋼筋混凝土造,1080627,204.39,4,2,3,有,無,13300000,65072,,0.0,0,,RPXNMLKMIIOFFDK09CA,194.04,0.0,10.34,,
竹南鎮,房地(土地+建物),苗栗縣竹南鎮佳興里１鄰新北街７８巷８號,71.97,住,,,1070613,土地3建物1車位0,全,三層,透天厝,住家用,鋼筋混凝土造,1080627,148.36,4,2,3,有,無,9000000,60663,,0.0,0,,RPUNMLQJJIOFFDK56CA,144.5,0.0,3.86,,
苑裡鎮,土地,新興段1087-1地號,126.18,住,,,1070528,土地1建物0車位0,,,其他,,,,0.0,0,0,0,有,無,7634000,60501,,0.0,0,,RPSNMLMJKIOFFCK58CA,0.0,0.0,0.0,,
竹南鎮,房地(土地+建物)+車位,苗栗縣竹南鎮港墘里２鄰仁德路２５９巷１７號５樓,26.26,住,,,1070402,土地3建物1車位1,五層,五層,華廈(10層含以下有電梯),住家用,鋼筋混凝土造,1080610,89.33,2,2,1,有,有,3800000,42539,一樓平面,0.0,0,,RPRNMLKLQHOFFDK09CA,49.84,0.0,5.21,,
後龍鎮,房地(土地+建物)+車位,苗栗縣後龍鎮大庄里８鄰民族路１５６巷２號五樓,37.43,住,,,1070411,土地2建物1車位1,五層,五層,華廈(10層含以下有電梯),住家用,鋼筋混凝土造,1080123,91.97,2,2,1,有,無,3700000,40231,一樓平面,0.0,0,,RPPNMLRLQHOFFDK96CA,49.08,0.0,6.95,,
頭份市,土地,山下段456地號,1457.28,農,,,1070423,土地3建物0車位0,,,其他,,,,0.0,0,0,0,有,無,4000000,2745,,0.0,0,,RPQNMLSJIIOFFFK09CA,0.0,0.0,0.0,,
苗栗市,房地(土地+建物)+車位,苗栗縣苗栗市福麗里１５鄰至公路５０１號二樓之一,29.58,住,,,1070412,土地1建物1車位1,二層,五層,華廈(10層含以下有電梯),住家用,鋼筋混凝土造,1080802,88.81,2,2,1,有,有,4340000,48868,一樓平面,0.0,0,,RPTNMLRJJIOFFBK98CA,53.45,0.0,4.9,,
竹南鎮,房地(土地+建物),苗栗縣竹南鎮佳興里１鄰新北街７８巷６號,82.36,住,,,1070423,土地3建物1車位0,全,三層,透天厝,住家用,鋼筋混凝土造,1080627,171.33,4,2,3,有,無,10500000,61285,,0.0,0,,RPPNMLQJJIOFFDK68CA,163.44,0.0,7.89,,
竹南鎮,房地(土地+建物),苗栗縣竹南鎮佳興里１鄰新北街７８巷２號,84.89,住,,,1070411,土地3建物1車位0,全,三層,透天厝,住家用,鋼筋混凝土造,1080627,176.39,4,2,3,有,無,10800000,61228,,0.0,0,,RPUNMLKLJIOFFDK78CA,168.09,0.0,8.3,,
公館鄉,房地(土地+建物),苗栗縣公館鄉館南村２鄰民權街７號五樓之一,32.07,住,,,1070303,土地1建物1車位0,五層,五層,華廈(10層含以下有電梯),住家用,鋼筋混凝土造,1080614,92.78,2,1,1,有,無,4300000,46346,,0.0,0,,RPXNMLSKRHOFFBK67CA,54.74,0.0,6.87,,
竹南鎮,房地(土地+建物),苗栗縣竹南鎮佳興里１鄰新北街８０號,108.09,住,,,1070324,土地3建物1車位0,全,三層,透天厝,住家用,鋼筋混凝土造,1080627,204.39,4,2,3,有,無,13600000,66539,,0.0,0,,RPPNMLKLJIOFFDK28CA,194.05,0.0,10.34,,
公館鄉,房地(土地+建物),苗栗縣公館鄉館南村２鄰民權街７號二樓之二,31.26,住,,,1070210,土地1建物1車位0,二層,五層,華廈(10層含以下有電梯),住家用,鋼筋混凝土造,1080614,91.05,2,1,1,有,無,3980000,43712,,0.0,0,,RPQNMLSKRHOFFBK96CA,52.16,0.0,8.12,,
公館鄉,房地(土地+建物),苗栗縣公館鄉館南村２鄰民權街７號三樓之一,32.07,住,,,1070223,土地1建物1車位0,三層,五層,華廈(10層含以下有電梯),住家用,鋼筋混凝土造,1080614,92.78,2,1,1,有,無,4100000,44191,,0.0,0,,RPTNMLSKRHOFFBK27CA,54.74,0.0,6.87,,
竹南鎮,房地(土地+建物),苗栗縣竹南鎮佳興里１鄰新北街７２號,99.35,住,,,1070207,土地2建物1車位0,全,三層,透天厝,住家用,鋼筋混凝土造,1080627,227.51,4,2,3,有,無,13990000,61492,,0.0,0,,RPSNMLQJJIOFFDK98CA,216.34,0.0,11.18,,
頭份市,房地(土地+建物),苗栗縣頭份市中興里７鄰中興路３７９巷２０弄３５號,104.12,住,,,1070120,土地3建物1車位0,全,三層,透天厝,住家用,鋼筋混凝土造,1080430,177.55,3,2,4,有,有,12390000,69783,,0.0,0,,RPPOMLQLQHOFFFK17CA,167.87,0.0,9.68,,
頭份市,房地(土地+建物),苗栗縣頭份市中興里７鄰信東路２９１巷８１號,86.8,住,,,1070120,土地1建物1車位0,全,三層,透天厝,住家用,鋼筋混凝土造,1080429,195.84,3,2,4,有,有,12480000,63725,,0.0,0,,RPWNMLQLQHOFFFK77CA,180.28,0.0,15.56,,
頭份市,房地(土地+建物),苗栗縣頭份市中興里７鄰中興路３７９巷２０弄２９號,104.1,住,,,1070123,土地3建物1車位0,全,三層,透天厝,住家用,鋼筋混凝土造,1080430,177.55,3,2,4,有,有,13000000,73219,,0.0,0,,RPPNMLPJRHOFFFK86CA,167.87,0.0,9.68,,
竹南鎮,房地(土地+建物),苗栗縣竹南鎮佳興里１鄰新北街７８巷５號,100.37,住,,,1061202,土地3建物1車位0,全,四層,透天厝,住家用,鋼筋混凝土造,1080627,205.59,4,2,3,有,無,11800000,57396,,0.0,0,,RPVNMLKMIIOFFDK88CA,192.48,0.0,13.11,,
竹南鎮,房地(土地+建物),苗栗縣竹南鎮佳興里１鄰新北街７８巷７號,98.69,住,,,1061212,土地3建物1車位0,全,四層,透天厝,住家用,鋼筋混凝土造,1080627,220.2,4,2,3,有,無,11750000,53361,,0.0,0,,RPWNMLKMIIOFFDK98CA,206.92,0.0,13.28,,
竹南鎮,房地(土地+建物),苗栗縣竹南鎮佳興里１鄰新北街８２號,92.32,住,,,1061202,土地2建物1車位0,全,三層,透天厝,住家用,鋼筋混凝土造,1080627,204.39,4,2,3,有,無,13780000,67420,,0.0,0,,RPTNMLQJJIOFFDK09CA,194.05,0.0,10.34,,
竹南鎮,房地(土地+建物),苗栗縣竹南鎮佳興里１鄰新北街７８巷１０號,68.73,住,,,1061110,土地3建物1車位0,全,三層,透天厝,住家用,鋼筋混凝土造,1080627,138.42,4,2,3,有,無,8680000,62708,,0.0,0,,RPQNMLQJJIOFFDK78CA,136.05,0.0,2.37,,
竹南鎮,房地(土地+建物),苗栗縣竹南鎮佳興里１鄰新北街７８巷３號,77.22,住,,,1061128,土地3建物1車位0,全,三層,透天厝,住家用,鋼筋混凝土造,1080627,165.62,4,2,3,有,無,10100000,60983,,0.0,0,,RPRNMLKLJIOFFDK48CA,156.13,0.0,9.49,,
苑裡鎮,房地(土地+建物),苗栗縣苑裡鎮客庄里６鄰世界路二段１２２號,370.85,住,,,1061005,土地1建物1車位0,一層，二層，三層，四層,四層,店面(店鋪),住家用,鋼筋混凝土造,1080121,553.35,0,0,0,無,無,39295000,71013,,0.0,0,,RPTNMLNLRHOFFCK96CA,539.09,0.0,14.26,,
苑裡鎮,房地(土地+建物),苗栗縣苑裡鎮客庄里２９鄰客庄７６之４０號,110.32,住,,,1060703,土地1建物1車位0,全,三層,透天厝,住商用,鋼筋混凝土造,1070919,208.59,3,2,4,有,無,9200000,44106,,0.0,0,,RPQNMLRLRHOFFCK07CA,193.59,0.0,15.0,,
頭份市,房地(土地+建物),苗栗縣頭份市山下里９鄰信東路二段９１巷３０號,83.68,住,,,1060702,土地4建物1車位0,全,四層,透天厝,住家用,鋼筋混凝土造,1080131,172.37,4,2,3,有,有,12200000,70778,,0.0,0,,RPTOMLSLJIOFFFK17CA,172.37,0.0,0.0,,
竹南鎮,房地(土地+建物)+車位,苗栗縣竹南鎮新南里１１鄰立華街６６號八樓,32.92,住,,,1050928,土地1建物1車位1,八層,十一層,住宅大樓(11層含以上有電梯),其他,鋼筋混凝土造,1080311,128.9,3,2,2,有,有,6600000,51202,坡道平面,0.0,1000000,,RPTOMLMKRHOFFDK96CA,66.25,0.0,6.29,,
頭份市,房地(土地+建物)+車位,苗栗縣頭份市後庄里７鄰公北三路１２０號十五樓,15.43,商,,,1050216,土地2建物1車位1,十五層,十五層,住宅大樓(11層含以上有電梯),住家用,鋼筋混凝土造,1080114,176.51,3,2,2,有,無,9500000,57696,坡道平面,27.8,920000,,RPQNMLPKQHOFFFK96CA,88.92,2.88,8.2,,
頭份市,房地(土地+建物)+車位,苗栗縣頭份市中興里３鄰中央路１７６號三樓,54.28,住,,,1041222,土地1建物1車位3,三層,十一層,住宅大樓(11層含以上有電梯),住家用,鋼筋混凝土造,1080318,310.46000000000004,4,2,3,有,無,18500000,68683,坡道平面,86.97,3150000,,RPWOMLKKRHOFFFK27CA,139.6,0.0,7.93,,
頭份市,房地(土地+建物)+車位,苗栗縣頭份市中興里３鄰中央路１６８號六樓,38.96,住,,,1041028,土地1建物1車位2,六層,十一層,住宅大樓(11層含以上有電梯),住家用,鋼筋混凝土造,1080318,225.87,2,2,2,有,無,13550000,68208,坡道平面,58.0,2100000,,RPSNMLNJIIOFFFK78CA,101.34,0.0,11.62,,
頭份市,房地(土地+建物)+車位,苗栗縣頭份市中興里３鄰中央路１６８號三樓,77.5,住,,,1040925,土地2建物1車位4,三層,十一層,住宅大樓(11層含以上有電梯),住家用,鋼筋混凝土造,1080318,449.17999999999995,4,2,3,有,無,25580000,63470,坡道平面,114.69,4350000,,RPPNMLPLRHOFFFK07CA,202.38,0.0,22.64,,
竹南鎮,房地(土地+建物)+車位,苗栗縣竹南鎮新南里１１鄰立華街６８號二樓,26.53,住,,,1031215,土地1建物1車位1,二層,十一層,住宅大樓(11層含以上有電梯),其他,鋼筋混凝土造,1080311,98.03,2,2,1,有,有,5000000,51005,坡道機械,0.0,500000,,RPUOMLMKRHOFFDK07CA,51.79,0.0,6.67,,
通霄鎮,房地(土地+建物),苗栗縣通霄鎮內島里１鄰９之３號,263.65,,山坡地保育區,丙種建築用地,1021116,土地2建物1車位0,全,一層,透天厝,住家用,見其他登記事項,0650215,73.0,3,2,1,有,無,1900000,26027,,0.0,0,,RPTNMLTJRHOFFCK37CA,73.0,0.0,0.0,,
