編號,土地位置,土地移轉面積平方公尺,使用分區或編定,權利人持分分母,權利人持分分子,移轉情形,地號
The serial number, land position,land shifting area square meter,the use zoning or compiles and checks,,,,land parcel
RPROMLLKNHGGFEF87CB,新興段,21.51,都市：住,10000,31,持分移轉,05460000
RPQOMLLKNHGGFEF77CB,新興段,24.28,都市：住,10000,35,持分移轉,05460000
RPPPMLLKNHGGFEF77CB,新興段,22.20,都市：住,10000,32,持分移轉,05460000
RPWOMLLKNHGGFEF38CB,新興段,22.20,都市：住,10000,32,持分移轉,05460000
RPPOMLLKNHGGFEF67CB,新興段,31.22,都市：住,10000,45,持分移轉,05460000
RPSPMLLKNHGGFEF08CB,新興段,22.20,都市：住,10000,32,持分移轉,05460000
RPVPMLLKNHGGFEF38CB,新興段,21.51,都市：住,10000,31,持分移轉,05460000
RPOQMLLKNHGGFEF77CB,新興段,22.20,都市：住,10000,32,持分移轉,05460000
RPRQMLLKNHGGFEF08CB,新興段,22.20,都市：住,10000,32,持分移轉,05460000
RPQQMLLKNHGGFEF97CB,新興段,22.20,都市：住,10000,32,持分移轉,05460000
RPTQMLLKNHGGFEF28CB,新興段,22.20,都市：住,10000,32,持分移轉,05460000
RPWQMLLKNHGGFEF58CB,新興段,28.44,都市：住,10000,41,持分移轉,05460000
RPQRMLLKNHGGFEF08CB,新興段,31.22,都市：住,10000,45,持分移轉,05460000
RPTRMLLKNHGGFEF38CB,新興段,31.22,都市：住,10000,45,持分移轉,05460000
RPOSMLLKNHGGFEF97CB,新興段,31.22,都市：住,10000,45,持分移轉,05460000
RPRSMLLKNHGGFEF28CB,新興段,31.22,都市：住,10000,45,持分移轉,05460000
RPVSMLLKNHGGFEF68CB,新興段,31.22,都市：住,10000,45,持分移轉,05460000
RPTSMLLKNHGGFEF48CB,新興段,31.22,都市：住,10000,45,持分移轉,05460000
RPXSMLLKNHGGFEF88CB,新興段,31.22,都市：住,10000,45,持分移轉,05460000
RPRTMLLKNHGGFEF38CB,新興段,31.22,都市：住,10000,45,持分移轉,05460000
RPSTMLLKNHGGFEF48CB,新興段,31.22,都市：住,10000,45,持分移轉,05460000
RPVTMLLKNHGGFEF78CB,新興段,31.22,都市：住,10000,45,持分移轉,05460000
RPXTMLLKNHGGFEF98CB,新興段,20.12,都市：住,10000,29,持分移轉,05460000
RPPUMLLKNHGGFEF28CB,新興段,21.51,都市：住,10000,31,持分移轉,05460000
RPWTMLLKNHGGFEF88CB,新興段,31.22,都市：住,10000,45,持分移轉,05460000
RPOUMLLKNHGGFEF18CB,新興段,21.51,都市：住,10000,31,持分移轉,05460000
RPRUMLLKNHGGFEF48CB,新興段,21.51,都市：住,10000,31,持分移轉,05460000
RPQUMLLKNHGGFEF38CB,新興段,21.51,都市：住,10000,31,持分移轉,05460000
RPVUMLLKNHGGFEF88CB,新興段,21.51,都市：住,10000,31,持分移轉,05460000
RPPVMLLKNHGGFEF38CB,新興段,21.51,都市：住,10000,31,持分移轉,05460000
RPVVMLLKNHGGFEF98CB,新興段,21.51,都市：住,10000,31,持分移轉,05460000
RPWVMLLKNHGGFEF09CB,新興段,21.51,都市：住,10000,31,持分移轉,05460000
RPXVMLLKNHGGFEF56CB,新興段,20.81,都市：住,10000,30,持分移轉,05460000
RPRWMLLKNHGGFEF68CB,新興段,21.51,都市：住,10000,31,持分移轉,05460000
RPTWMLLKNHGGFEF88CB,新興段,20.81,都市：住,10000,30,持分移轉,05460000
RPOWMLLKNHGGFEF38CB,新興段,21.51,都市：住,10000,31,持分移轉,05460000
RPWWMLLKNHGGFEF56CB,新興段,21.51,都市：住,10000,31,持分移轉,05460000
RPONNLLKNHGGFEF57CB,新興段,21.51,都市：住,10000,31,持分移轉,05460000
RPRNNLLKNHGGFEF87CB,新興段,21.51,都市：住,10000,31,持分移轉,05460000
RPTNNLLKNHGGFEF08CB,新興段,21.51,都市：住,10000,31,持分移轉,05460000
RPXNNLLKNHGGFEF48CB,新興段,21.51,都市：住,10000,31,持分移轉,05460000
RPQONLLKNHGGFEF87CB,新興段,21.51,都市：住,10000,31,持分移轉,05460000
RPWONLLKNHGGFEF48CB,新興段,21.51,都市：住,10000,31,持分移轉,05460000
RPPPNLLKNHGGFEF87CB,新興段,21.51,都市：住,10000,31,持分移轉,05460000
RPXONLLKNHGGFEF58CB,新興段,21.51,都市：住,10000,31,持分移轉,05460000
RPTONLLKNHGGFEF18CB,新興段,21.51,都市：住,10000,31,持分移轉,05460000
RPOPNLLKNHGGFEF77CB,新興段,21.51,都市：住,10000,31,持分移轉,05460000
RPPOMLMKNHGGFEF77CB,新興段,21.51,都市：住,10000,31,持分移轉,05460000
RPPWMLLKNHGGFEF48CB,新興段,21.51,都市：住,10000,31,持分移轉,05460000
RPQOMLMKNHGGFEF87CB,新興段,21.51,都市：住,10000,31,持分移轉,05460000
RPSOMLMKNHGGFEF08CB,新興段,28.44,都市：住,10000,41,持分移轉,05460000
RPTOMLMKNHGGFEF18CB,新興段,31.22,都市：住,10000,45,持分移轉,05460000
RPUOMLMKNHGGFEF28CB,新興段,31.22,都市：住,10000,45,持分移轉,05460000
RPSPMLMKNHGGFEF18CB,新興段,31.22,都市：住,10000,45,持分移轉,05460000
RPWPMLMKNHGGFEF58CB,新興段,31.22,都市：住,10000,45,持分移轉,05460000
RPPQMLMKNHGGFEF97CB,新興段,31.22,都市：住,10000,45,持分移轉,05460000
RPPPMLMKNHGGFEF87CB,新興段,31.22,都市：住,10000,45,持分移轉,05460000
RPSQMLMKNHGGFEF28CB,新興段,31.22,都市：住,10000,45,持分移轉,05460000
RPVQMLMKNHGGFEF58CB,新興段,31.22,都市：住,10000,45,持分移轉,05460000
RPWQMLMKNHGGFEF68CB,新興段,31.22,都市：住,10000,45,持分移轉,05460000
RPORMLMKNHGGFEF97CB,新興段,31.22,都市：住,10000,45,持分移轉,05460000
RPQRMLMKNHGGFEF18CB,新興段,31.22,都市：住,10000,45,持分移轉,05460000
RPRRMLMKNHGGFEF28CB,新興段,31.22,都市：住,10000,45,持分移轉,05460000
RPURMLMKNHGGFEF58CB,新興段,22.20,都市：住,10000,32,持分移轉,05460000
RPTRMLMKNHGGFEF48CB,新興段,22.20,都市：住,10000,32,持分移轉,05460000
RPXRMLMKNHGGFEF88CB,新興段,22.20,都市：住,10000,32,持分移轉,05460000
RPQSMLMKNHGGFEF28CB,新興段,22.20,都市：住,10000,32,持分移轉,05460000
RPOSMLMKNHGGFEF08CB,新興段,22.20,都市：住,10000,32,持分移轉,05460000
RPSRMLMKNHGGFEF38CB,新興段,31.22,都市：住,10000,45,持分移轉,05460000
RPPTMLMKNHGGFEF28CB,新興段,22.20,都市：住,10000,32,持分移轉,05460000
RPRTMLMKNHGGFEF48CB,新興段,22.20,都市：住,10000,32,持分移轉,05460000
RPVTMLMKNHGGFEF88CB,新興段,22.20,都市：住,10000,32,持分移轉,05460000
RPRUMLMKNHGGFEF58CB,新興段,22.20,都市：住,10000,32,持分移轉,05460000
RPUUMLMKNHGGFEF88CB,新興段,22.20,都市：住,10000,32,持分移轉,05460000
RPOVMLMKNHGGFEF38CB,新興段,22.20,都市：住,10000,32,持分移轉,05460000
RPWUMLMKNHGGFEF09CB,新興段,22.20,都市：住,10000,32,持分移轉,05460000
RPVVMLMKNHGGFEF09CB,新興段,28.44,都市：住,10000,41,持分移轉,05460000
RPRVMLMKNHGGFEF68CB,新興段,22.20,都市：住,10000,32,持分移轉,05460000
RPUWMLMKNHGGFEF09CB,新興段,31.22,都市：住,10000,45,持分移轉,05460000
RPWWMLMKNHGGFEF66CB,新興段,31.22,都市：住,10000,45,持分移轉,05460000
RPPNNLMKNHGGFEF77CB,新興段,31.22,都市：住,10000,45,持分移轉,05460000
RPTNNLMKNHGGFEF18CB,新興段,31.22,都市：住,10000,45,持分移轉,05460000
RPXNNLMKNHGGFEF58CB,新興段,31.22,都市：住,10000,45,持分移轉,05460000
RPQPNLMKNHGGFEF08CB,新興段,31.22,都市：住,10000,45,持分移轉,05460000
RPQONLMKNHGGFEF97CB,新興段,31.22,都市：住,10000,45,持分移轉,05460000
RPWONLMKNHGGFEF58CB,新興段,31.22,都市：住,10000,45,持分移轉,05460000
RPOQNLMKNHGGFEF97CB,新興段,31.22,都市：住,10000,45,持分移轉,05460000
RPSPNLMKNHGGFEF28CB,新興段,31.22,都市：住,10000,45,持分移轉,05460000
RPSQNLMKNHGGFEF38CB,新興段,31.22,都市：住,10000,45,持分移轉,05460000
RPPRNLMKNHGGFEF18CB,新興段,31.22,都市：住,10000,45,持分移轉,05460000
RPXQNLMKNHGGFEF88CB,新興段,31.22,都市：住,10000,45,持分移轉,05460000
RPWRNLMKNHGGFEF88CB,新興段,20.81,都市：住,10000,30,持分移轉,05460000
RPOSNLMKNHGGFEF18CB,新興段,20.81,都市：住,10000,30,持分移轉,05460000
RPXRNLMKNHGGFEF98CB,新興段,21.51,都市：住,10000,31,持分移轉,05460000
RPSUMLMKNHGGFBF38CB,信華段五小段,18.84,都市：住,10000,85,持分移轉,00200000
RPRRNLMKNHGGFEF38CB,新興段,31.22,都市：住,10000,45,持分移轉,05460000
RPVUMLMKNHGGFBF68CB,信華段五小段,27.49,都市：住,10000,124,持分移轉,00200000
RPUUMLMKNHGGFBF58CB,信華段五小段,27.49,都市：住,10000,124,持分移轉,00200000
RPWUMLMKNHGGFBF78CB,信華段五小段,27.49,都市：住,10000,124,持分移轉,00200000
RPQVMLMKNHGGFBF28CB,信華段五小段,25.71,都市：住,10000,116,持分移轉,00200000
RPPVMLMKNHGGFBF18CB,信華段五小段,25.71,都市：住,10000,116,持分移轉,00200000
RPRVMLMKNHGGFBF38CB,信華段五小段,25.71,都市：住,10000,116,持分移轉,00200000
RPUVMLMKNHGGFBF68CB,信華段五小段,25.71,都市：住,10000,116,持分移轉,00200000
RPXVMLMKNHGGFBF98CB,信華段五小段,25.71,都市：住,10000,116,持分移轉,00200000
RPTVMLMKNHGGFBF58CB,信華段五小段,25.71,都市：住,10000,116,持分移轉,00200000
RPWNMLNKNHGGFBF18CB,副都心段一小段,21.45,都市：住,100000,610,持分移轉,03520000
RPXNMLNKNHGGFBF28CB,副都心段一小段,29.22,都市：住,100000,831,持分移轉,03520000
RPQOMLNKNHGGFEF97CB,新興段,21.51,都市：住,10000,31,持分移轉,05460000
RPPOMLNKNHGGFEF87CB,新興段,21.51,都市：住,10000,31,持分移轉,05460000
RPSOMLNKNHGGFEF18CB,新興段,21.51,都市：住,10000,31,持分移轉,05460000
RPROMLNKNHGGFEF08CB,新興段,21.51,都市：住,10000,31,持分移轉,05460000
RPUOMLNKNHGGFEF38CB,新興段,21.51,都市：住,10000,31,持分移轉,05460000
RPVOMLNKNHGGFEF48CB,新興段,21.51,都市：住,10000,31,持分移轉,05460000
RPTOMLNKNHGGFEF28CB,新興段,21.51,都市：住,10000,31,持分移轉,05460000
RPOPMLNKNHGGFEF87CB,新興段,21.51,都市：住,10000,31,持分移轉,05460000
RPXOMLNKNHGGFEF68CB,新興段,21.51,都市：住,10000,31,持分移轉,05460000
RPQPMLNKNHGGFEF08CB,新興段,21.51,都市：住,10000,31,持分移轉,05460000
RPRPMLNKNHGGFEF18CB,新興段,21.51,都市：住,10000,31,持分移轉,05460000
RPROMLOKNHGGFAF87DB,江子翠段溪頭小段,9.93,都市：住,10000,274,持分移轉,00890002
RPVOMLOKNHGGFAF28DB,江子翠段溪頭小段,9.93,都市：住,10000,274,持分移轉,00890002
RPXOMLOKNHGGFAF48DB,江子翠段溪頭小段,9.93,都市：住,10000,274,持分移轉,00890002
RPSPMLNKNHGGFEF28CB,新興段,21.51,都市：住,10000,31,持分移轉,05460000
RPOPMLOKNHGGFAF67DB,江子翠段溪頭小段,9.93,都市：住,10000,274,持分移轉,00890002
RPSOMLOKNHGGFAF97DB,江子翠段溪頭小段,9.93,都市：住,10000,274,持分移轉,00890002
RPRPMLOKNHGGFAF97DB,江子翠段溪頭小段,9.93,都市：住,10000,274,持分移轉,00890002
RPTPMLOKNHGGFAF18DB,江子翠段溪頭小段,9.93,都市：住,10000,274,持分移轉,00890002
RPUPMLOKNHGGFAF28DB,江子翠段溪頭小段,9.93,都市：住,10000,274,持分移轉,00890002
RPVPMLOKNHGGFAF38DB,江子翠段溪頭小段,9.93,都市：住,10000,274,持分移轉,00890002
RPWPMLOKNHGGFAF48DB,江子翠段溪頭小段,9.93,都市：住,10000,274,持分移轉,00890002
RPXPMLOKNHGGFAF58DB,江子翠段溪頭小段,9.93,都市：住,10000,274,持分移轉,00890002
RPOQMLOKNHGGFAF77DB,江子翠段溪頭小段,9.93,都市：住,10000,274,持分移轉,00890002
RPQQMLOKNHGGFAF97DB,江子翠段溪頭小段,10.80,都市：住,10000,298,持分移轉,00890002
RPTQMLOKNHGGFAF28DB,江子翠段溪頭小段,10.80,都市：住,10000,298,持分移轉,00890002
RPRQMLOKNHGGFAF08DB,江子翠段溪頭小段,10.80,都市：住,10000,298,持分移轉,00890002
RPUQMLOKNHGGFAF38DB,江子翠段溪頭小段,10.80,都市：住,10000,298,持分移轉,00890002
RPWQMLOKNHGGFAF58DB,江子翠段溪頭小段,10.80,都市：住,10000,298,持分移轉,00890002
RPXQMLOKNHGGFAF68DB,江子翠段溪頭小段,9.42,都市：住,10000,260,持分移轉,00890002
RPORMLOKNHGGFAF87DB,江子翠段溪頭小段,9.42,都市：住,10000,260,持分移轉,00890002
RPPRMLOKNHGGFAF97DB,江子翠段溪頭小段,9.42,都市：住,10000,260,持分移轉,00890002
RPRRMLOKNHGGFAF18DB,江子翠段溪頭小段,9.42,都市：住,10000,260,持分移轉,00890002
RPSRMLOKNHGGFAF28DB,江子翠段溪頭小段,9.42,都市：住,10000,260,持分移轉,00890002
RPQRMLOKNHGGFAF08DB,江子翠段溪頭小段,9.42,都市：住,10000,260,持分移轉,00890002
RPTRMLOKNHGGFAF38DB,江子翠段溪頭小段,9.46,都市：住,10000,261,持分移轉,00890002
RPURMLOKNHGGFAF48DB,江子翠段溪頭小段,9.46,都市：住,10000,261,持分移轉,00890002
RPVRMLOKNHGGFAF58DB,江子翠段溪頭小段,9.46,都市：住,10000,261,持分移轉,00890002
RPWRMLOKNHGGFAF68DB,江子翠段溪頭小段,9.46,都市：住,10000,261,持分移轉,00890002
RPXRMLOKNHGGFAF78DB,江子翠段溪頭小段,9.46,都市：住,10000,261,持分移轉,00890002
RPPSMLOKNHGGFAF08DB,江子翠段溪頭小段,9.46,都市：住,10000,261,持分移轉,00890002
RPQSMLOKNHGGFAF18DB,江子翠段溪頭小段,10.84,都市：住,10000,299,持分移轉,00890002
RPTSMLOKNHGGFAF48DB,江子翠段溪頭小段,10.84,都市：住,10000,299,持分移轉,00890002
RPRSMLOKNHGGFAF28DB,江子翠段溪頭小段,10.84,都市：住,10000,299,持分移轉,00890002
RPSSMLOKNHGGFAF38DB,江子翠段溪頭小段,10.84,都市：住,10000,299,持分移轉,00890002
RPVSMLOKNHGGFAF68DB,江子翠段溪頭小段,10.84,都市：住,10000,299,持分移轉,00890002
RPUSMLOKNHGGFAF58DB,江子翠段溪頭小段,10.84,都市：住,10000,299,持分移轉,00890002
RPSUMLOKNHGGFHF66DB,中和段,1.71,都市：住,100000,941,持分移轉,00320000
RPSUMLOKNHGGFHF66DB,中和段,5.74,都市：商,100000,941,持分移轉,00360000
RPTTMLOKNHGGFHF66DB,中和段,1.71,都市：住,100000,941,持分移轉,00320000
RPTTMLOKNHGGFHF66DB,中和段,5.74,都市：商,100000,941,持分移轉,00360000
RPUUMLOKNHGGFHF86DB,中和段,1.71,都市：住,100000,941,持分移轉,00320000
RPUUMLOKNHGGFHF86DB,中和段,5.74,都市：商,100000,941,持分移轉,00360000
RPVUMLOKNHGGFHF96DB,中和段,1.71,都市：住,100000,941,持分移轉,00320000
RPVUMLOKNHGGFHF96DB,中和段,5.74,都市：商,100000,941,持分移轉,00360000
RPQNMLQKNHGGFHF58DB,中和段,1.71,都市：住,100000,941,持分移轉,00320000
RPQNMLQKNHGGFHF58DB,中和段,5.74,都市：商,100000,941,持分移轉,00360000
RPQRMLRKNHGGFHF09DB,中和段,10.69,都市：住,100000,650,持分移轉,00650000
RPQSMLRKNHGGFHF56DB,中和段,1.34,都市：住,100000,738,持分移轉,00320000
RPQSMLRKNHGGFHF56DB,中和段,4.51,都市：商,100000,738,持分移轉,00360000
RPWQMLRKNHGGFAF78CB,文化段,20.64,都市：住,100000,764,持分移轉,19060000
RPWNMLSKNHGGFBF68CB,副都心段一小段,16.42,都市：住,100000,467,持分移轉,03520000
RPOOMLSKNHGGFBF97CB,副都心段一小段,29.22,都市：住,100000,831,持分移轉,03520000
RPXNMLSKNHGGFBF78CB,副都心段一小段,16.42,都市：住,100000,467,持分移轉,03520000
RPVRMLRKNHGGFAF78CB,文化段,20.56,都市：住,100000,761,持分移轉,19060000
RPVOMLSKNHGGFHF76DB,中和段,1.71,都市：住,100000,941,持分移轉,00320000
RPVOMLSKNHGGFHF76DB,中和段,5.74,都市：商,100000,941,持分移轉,00360000
RPWOMLSKNHGGFHF86DB,中和段,1.71,都市：住,100000,941,持分移轉,00320000
RPWOMLSKNHGGFHF86DB,中和段,5.74,都市：商,100000,941,持分移轉,00360000
RPQTMLSKNHGGFHF76DB,中和段,1.87,都市：住,100000,1033,持分移轉,00320000
RPQTMLSKNHGGFHF76DB,中和段,6.31,都市：商,100000,1033,持分移轉,00360000
RPRTMLSKNHGGFHF86DB,中和段,2.01,都市：住,100000,1109,持分移轉,00320000
RPRTMLSKNHGGFHF86DB,中和段,6.77,都市：商,100000,1109,持分移轉,00360000
RPWPMLSKNHGGFEF56CB,新興段,31.22,都市：住,10000,45,持分移轉,05460000
RPVNMLTKNHGGFHF76DB,中和段,10.69,都市：住,100000,650,持分移轉,00650000
RPUOMLTKNHGGFHF76DB,中和段,2.01,都市：住,100000,1109,持分移轉,00320000
RPUOMLTKNHGGFHF76DB,中和段,6.77,都市：商,100000,1109,持分移轉,00360000
RPSPMLTKNHGGFHF66DB,中和段,2.01,都市：住,100000,1109,持分移轉,00320000
RPSPMLTKNHGGFHF66DB,中和段,6.77,都市：商,100000,1109,持分移轉,00360000
RPTPMLTKNHGGFHF76DB,中和段,2.01,都市：住,100000,1109,持分移轉,00320000
RPTPMLTKNHGGFHF76DB,中和段,6.77,都市：商,100000,1109,持分移轉,00360000
RPUPMLTKNHGGFHF86DB,中和段,2.01,都市：住,100000,1109,持分移轉,00320000
RPUPMLTKNHGGFHF86DB,中和段,6.77,都市：商,100000,1109,持分移轉,00360000
RPVPMLTKNHGGFHF96DB,中和段,2.01,都市：住,100000,1109,持分移轉,00320000
RPVPMLTKNHGGFHF96DB,中和段,6.77,都市：商,100000,1109,持分移轉,00360000
RPWPMLTKNHGGFHF07DB,中和段,2.01,都市：住,100000,1109,持分移轉,00320000
RPWPMLTKNHGGFHF07DB,中和段,6.77,都市：商,100000,1109,持分移轉,00360000
RPQQMLTKNHGGFHF56DB,中和段,2.09,都市：住,100000,1151,持分移轉,00320000
RPQQMLTKNHGGFHF56DB,中和段,7.03,都市：商,100000,1151,持分移轉,00360000
RPUQMLTKNHGGFHF96DB,中和段,2.25,都市：住,100000,1239,持分移轉,00320000
RPUQMLTKNHGGFHF96DB,中和段,7.56,都市：商,100000,1239,持分移轉,00360000
RPWQMLTKNHGGFHF17DB,中和段,2.25,都市：住,100000,1239,持分移轉,00320000
RPWQMLTKNHGGFHF17DB,中和段,7.56,都市：商,100000,1239,持分移轉,00360000
RPORMLTKNHGGFHF09DB,中和段,2.25,都市：住,100000,1239,持分移轉,00320000
RPORMLTKNHGGFHF09DB,中和段,7.56,都市：商,100000,1239,持分移轉,00360000
RPRRMLTKNHGGFHF76DB,中和段,2.25,都市：住,100000,1239,持分移轉,00320000
RPRRMLTKNHGGFHF76DB,中和段,7.56,都市：商,100000,1239,持分移轉,00360000
RPURMLTKNHGGFHF07DB,中和段,2.25,都市：住,100000,1239,持分移轉,00320000
RPURMLTKNHGGFHF07DB,中和段,7.56,都市：商,100000,1239,持分移轉,00360000
RPVRMLTKNHGGFHF17DB,中和段,2.25,都市：住,100000,1239,持分移轉,00320000
RPVRMLTKNHGGFHF17DB,中和段,7.56,都市：商,100000,1239,持分移轉,00360000
RPVSMLTKNHGGFHF27DB,中和段,2.25,都市：住,100000,1239,持分移轉,00320000
RPVSMLTKNHGGFHF27DB,中和段,7.56,都市：商,100000,1239,持分移轉,00360000
RPRSMLTKNHGGFHF86DB,中和段,2.25,都市：住,100000,1239,持分移轉,00320000
RPQOMLKLNHGGFHF18DB,中和段,1.28,都市：住,100000,706,持分移轉,00320000
RPQOMLKLNHGGFHF18DB,中和段,4.31,都市：商,100000,706,持分移轉,00360000
RPRSMLTKNHGGFHF86DB,中和段,7.56,都市：商,100000,1239,持分移轉,00360000
RPSOMLKLNHGGFHF38DB,中和段,1.35,都市：住,100000,742,持分移轉,00320000
RPSOMLKLNHGGFHF38DB,中和段,4.53,都市：商,100000,742,持分移轉,00360000
RPTOMLKLNHGGFHF48DB,中和段,1.35,都市：住,100000,742,持分移轉,00320000
RPTOMLKLNHGGFHF48DB,中和段,4.53,都市：商,100000,742,持分移轉,00360000
RPRPMLKLNHGGFHF38DB,中和段,10.69,都市：住,100000,650,持分移轉,00650000
RPSPMLKLNHGGFHF48DB,中和段,10.69,都市：住,100000,650,持分移轉,00650000
RPSSMLKLNHGGFHF78DB,中和段,15.37,都市：住,100000,934,持分移轉,00650000
RPUTMLKLNHGGFHF09DB,中和段,10.15,都市：住,100000,617,持分移轉,00650000
RPXTMLKLNHGGFHF76DB,中和段,10.23,都市：住,100000,622,持分移轉,00650000
RPOVMLKLNHGGFHF68DB,中和段,10.23,都市：住,100000,622,持分移轉,00650000
RPPVMLKLNHGGFHF78DB,中和段,10.23,都市：住,100000,622,持分移轉,00650000
RPWVMLKLNHGGFHF86DB,中和段,1.35,都市：住,100000,742,持分移轉,00320000
RPWVMLKLNHGGFHF86DB,中和段,4.53,都市：商,100000,742,持分移轉,00360000
RPXVMLKLNHGGFHF96DB,中和段,1.35,都市：住,100000,742,持分移轉,00320000
RPXVMLKLNHGGFHF96DB,中和段,4.53,都市：商,100000,742,持分移轉,00360000
RPRNNLKLNHGGFBF57CB,力行段,18.50,都市：商,100000,907,持分移轉,00840000
RPUVMLKLNHGGFHF66DB,中和段,10.23,都市：住,100000,622,持分移轉,00650000
RPVNNLKLNHGGFBF97CB,力行段,18.58,都市：商,100000,911,持分移轉,00840000
RPWNNLKLNHGGFBF08CB,力行段,18.58,都市：商,100000,911,持分移轉,00840000
RPXNNLKLNHGGFBF18CB,力行段,18.58,都市：商,100000,911,持分移轉,00840000
RPQVMLKLNHGGFHF88DB,中和段,10.23,都市：住,100000,622,持分移轉,00650000
RPTONLKLNHGGFBF87CB,力行段,18.79,都市：商,100000,921,持分移轉,00840000
RPUUMLLLNHGGFBF58CB,力行段,25.82,都市：商,100000,1266,持分移轉,00840000
RPOVMLLLNHGGFBF08CB,力行段,20.89,都市：商,100000,1024,持分移轉,00840000
RPRVMLLLNHGGFBF38CB,力行段,20.89,都市：商,100000,1024,持分移轉,00840000
RPQVMLLLNHGGFBF28CB,力行段,20.89,都市：商,100000,1024,持分移轉,00840000
RPTVMLLLNHGGFBF58CB,力行段,20.87,都市：商,100000,1023,持分移轉,00840000
RPWVMLLLNHGGFBF88CB,力行段,20.83,都市：商,100000,1021,持分移轉,00840000
RPSWMLLLNHGGFBF58CB,力行段,20.87,都市：商,100000,1023,持分移轉,00840000
RPWOMLLLNHGGFIF88CB,陶瓷段,24.99,都市：住,10000,658,持分移轉,06800000
RPOOMLLLNHGGFIF08CB,陶瓷段,12.42,都市：住,10000,327,持分移轉,06800000
RPXOMLLLNHGGFIF98CB,陶瓷段,24.99,都市：住,10000,658,持分移轉,06800000
RPQPMLLLNHGGFIF38CB,陶瓷段,26.39,都市：住,10000,695,持分移轉,06800000
RPRQMLLLNHGGFIF58CB,陶瓷段,12.42,都市：住,10000,327,持分移轉,06800000
RPOQMLLLNHGGFIF28CB,陶瓷段,12.42,都市：住,10000,327,持分移轉,06800000
RPTQMLLLNHGGFIF78CB,陶瓷段,27.87,都市：住,10000,734,持分移轉,06800000
RPSQMLLLNHGGFIF68CB,陶瓷段,27.87,都市：住,10000,734,持分移轉,06800000
RPVQMLLLNHGGFIF98CB,陶瓷段,27.87,都市：住,10000,734,持分移轉,06800000
RPPNMLLLNHGGFHF08DB,中和段,1.28,都市：住,100000,706,持分移轉,00320000
RPPNMLLLNHGGFHF08DB,中和段,4.31,都市：商,100000,706,持分移轉,00360000
RPRNMLLLNHGGFHF28DB,中和段,1.34,都市：住,100000,738,持分移轉,00320000
RPRNMLLLNHGGFHF28DB,中和段,4.51,都市：商,100000,738,持分移轉,00360000
RPSNMLLLNHGGFHF38DB,中和段,1.34,都市：住,100000,738,持分移轉,00320000
RPQNMLLLNHGGFHF18DB,中和段,1.33,都市：住,100000,733,持分移轉,00320000
RPQNMLLLNHGGFHF18DB,中和段,4.47,都市：商,100000,733,持分移轉,00360000
RPSNMLLLNHGGFHF38DB,中和段,4.51,都市：商,100000,738,持分移轉,00360000
RPVNMLLLNHGGFHF68DB,中和段,1.34,都市：住,100000,738,持分移轉,00320000
RPVNMLLLNHGGFHF68DB,中和段,4.51,都市：商,100000,738,持分移轉,00360000
RPUNMLLLNHGGFHF58DB,中和段,1.34,都市：住,100000,738,持分移轉,00320000
RPUNMLLLNHGGFHF58DB,中和段,4.51,都市：商,100000,738,持分移轉,00360000
RPWNMLLLNHGGFHF78DB,中和段,1.34,都市：住,100000,738,持分移轉,00320000
RPWNMLLLNHGGFHF78DB,中和段,4.51,都市：商,100000,738,持分移轉,00360000
RPXNMLLLNHGGFHF88DB,中和段,1.34,都市：住,100000,738,持分移轉,00320000
RPXNMLLLNHGGFHF88DB,中和段,4.51,都市：商,100000,738,持分移轉,00360000
RPPOMLLLNHGGFHF18DB,中和段,10.15,都市：住,100000,617,持分移轉,00650000
RPROMLLLNHGGFHF38DB,中和段,10.15,都市：住,100000,617,持分移轉,00650000
RPUOMLLLNHGGFHF68DB,中和段,10.15,都市：住,100000,617,持分移轉,00650000
RPPRMLLLNHGGFHF48DB,中和段,1.77,都市：住,100000,975,持分移轉,00320000
RPPRMLLLNHGGFHF48DB,中和段,5.95,都市：商,100000,975,持分移轉,00360000
RPPPMLLLNHGGFHF28DB,中和段,15.37,都市：住,100000,934,持分移轉,00650000
RPURMLLLNHGGFHF98DB,中和段,15.37,都市：住,100000,934,持分移轉,00650000
RPVTMLLLNHGGFHF66DB,中和段,1.76,都市：住,100000,970,持分移轉,00320000
RPVTMLLLNHGGFHF66DB,中和段,5.92,都市：商,100000,970,持分移轉,00360000
RPOSMLLLNHGGFHF48DB,中和段,15.37,都市：住,100000,934,持分移轉,00650000
RPUTMLLLNHGGFHF56DB,中和段,1.76,都市：住,100000,970,持分移轉,00320000
RPUTMLLLNHGGFHF56DB,中和段,5.92,都市：商,100000,970,持分移轉,00360000
RPWTMLLLNHGGFHF76DB,中和段,1.76,都市：住,100000,970,持分移轉,00320000
RPWTMLLLNHGGFHF76DB,中和段,5.92,都市：商,100000,970,持分移轉,00360000
RPSUMLLLNHGGFHF09DB,中和段,1.43,都市：住,100000,787,持分移轉,00320000
RPSUMLLLNHGGFHF09DB,中和段,4.80,都市：商,100000,787,持分移轉,00360000
RPPUMLLLNHGGFHF78DB,中和段,1.76,都市：住,100000,970,持分移轉,00320000
RPPUMLLLNHGGFHF78DB,中和段,5.92,都市：商,100000,970,持分移轉,00360000
RPQUMLLLNHGGFHF88DB,中和段,1.76,都市：住,100000,970,持分移轉,00320000
RPQUMLLLNHGGFHF88DB,中和段,5.92,都市：商,100000,970,持分移轉,00360000
RPOUMLLLNHGGFHF68DB,中和段,1.76,都市：住,100000,970,持分移轉,00320000
RPOUMLLLNHGGFHF68DB,中和段,5.92,都市：商,100000,970,持分移轉,00360000
RPTUMLLLNHGGFHF56DB,中和段,1.50,都市：住,100000,828,持分移轉,00320000
RPTUMLLLNHGGFHF56DB,中和段,5.05,都市：商,100000,828,持分移轉,00360000
RPRVMLLLNHGGFHF09DB,中和段,1.50,都市：住,100000,828,持分移轉,00320000
RPRVMLLLNHGGFHF09DB,中和段,5.05,都市：商,100000,828,持分移轉,00360000
RPOVMLLLNHGGFHF78DB,中和段,16.35,都市：住,100000,994,持分移轉,00650000
RPSVMLLLNHGGFHF56DB,中和段,1.50,都市：住,100000,828,持分移轉,00320000
RPSVMLLLNHGGFHF56DB,中和段,5.05,都市：商,100000,828,持分移轉,00360000
RPTVMLLLNHGGFHF66DB,中和段,1.50,都市：住,100000,828,持分移轉,00320000
RPTVMLLLNHGGFHF66DB,中和段,5.05,都市：商,100000,828,持分移轉,00360000
RPXVMLLLNHGGFHF07DB,中和段,1.50,都市：住,100000,828,持分移轉,00320000
RPXVMLLLNHGGFHF07DB,中和段,5.05,都市：商,100000,828,持分移轉,00360000
RPWVMLLLNHGGFHF96DB,中和段,1.50,都市：住,100000,828,持分移轉,00320000
RPWVMLLLNHGGFHF96DB,中和段,5.05,都市：商,100000,828,持分移轉,00360000
RPOWMLLLNHGGFHF88DB,中和段,18.20,都市：住,100000,1106,持分移轉,00650000
RPUVMLLLNHGGFHF76DB,中和段,1.50,都市：住,100000,828,持分移轉,00320000
RPUVMLLLNHGGFHF76DB,中和段,5.05,都市：商,100000,828,持分移轉,00360000
RPRWMLLLNHGGFHF56DB,中和段,18.20,都市：住,100000,1106,持分移轉,00650000
RPUWMLLLNHGGFHF86DB,中和段,1.50,都市：住,100000,828,持分移轉,00320000
RPUWMLLLNHGGFHF86DB,中和段,5.05,都市：商,100000,828,持分移轉,00360000
RPPWMLLLNHGGFHF98DB,中和段,1.50,都市：住,100000,828,持分移轉,00320000
RPPWMLLLNHGGFHF98DB,中和段,5.05,都市：商,100000,828,持分移轉,00360000
RPWWMLLLNHGGFHF07DB,中和段,18.20,都市：住,100000,1106,持分移轉,00650000
RPXWMLLLNHGGFHF17DB,中和段,20.04,都市：住,100000,1218,持分移轉,00650000
RPONNLLLNHGGFHF08DB,中和段,18.20,都市：住,100000,1106,持分移轉,00650000
RPQNNLLLNHGGFHF28DB,中和段,12.54,都市：住,100000,762,持分移轉,00650000
RPTNNLLLNHGGFHF58DB,中和段,12.54,都市：住,100000,762,持分移轉,00650000
RPWNNLLLNHGGFHF88DB,中和段,12.54,都市：住,100000,762,持分移轉,00650000
RPPONLLLNHGGFHF28DB,中和段,12.54,都市：住,100000,762,持分移轉,00650000
RPUNNLLLNHGGFHF68DB,中和段,12.54,都市：住,100000,762,持分移轉,00650000
RPTONLLLNHGGFHF68DB,中和段,12.54,都市：住,100000,762,持分移轉,00650000
RPWONLLLNHGGFHF98DB,中和段,12.54,都市：住,100000,762,持分移轉,00650000
RPXONLLLNHGGFHF09DB,中和段,10.69,都市：住,100000,650,持分移轉,00650000
RPPPNLLLNHGGFHF38DB,中和段,12.54,都市：住,100000,762,持分移轉,00650000
RPPQNLLLNHGGFHF48DB,中和段,12.54,都市：住,100000,762,持分移轉,00650000
RPWPNLLLNHGGFHF09DB,中和段,12.54,都市：住,100000,762,持分移轉,00650000
RPSNMLMLNHGGFHF48DB,中和段,10.69,都市：住,100000,650,持分移轉,00650000
RPXNMLMLNHGGFHF98DB,中和段,12.54,都市：住,100000,762,持分移轉,00650000
RPRNMLMLNHGGFHF38DB,中和段,10.69,都市：住,100000,650,持分移轉,00650000
RPROMLMLNHGGFHF48DB,中和段,18.20,都市：住,100000,1106,持分移轉,00650000
RPSOMLMLNHGGFHF58DB,中和段,18.20,都市：住,100000,1106,持分移轉,00650000
RPPOMLMLNHGGFHF28DB,中和段,10.69,都市：住,100000,650,持分移轉,00650000
RPUOMLMLNHGGFHF78DB,中和段,18.20,都市：住,100000,1106,持分移轉,00650000
RPTOMLMLNHGGFHF68DB,中和段,18.20,都市：住,100000,1106,持分移轉,00650000
RPXOMLMLNHGGFHF09DB,中和段,18.20,都市：住,100000,1106,持分移轉,00650000
RPVOMLMLNHGGFHF88DB,中和段,18.20,都市：住,100000,1106,持分移轉,00650000
RPOPMLMLNHGGFHF28DB,中和段,18.20,都市：住,100000,1106,持分移轉,00650000
RPQPMLMLNHGGFHF48DB,中和段,19.05,都市：住,100000,1158,持分移轉,00650000
RPRPMLMLNHGGFHF58DB,中和段,17.21,都市：住,100000,1046,持分移轉,00650000
RPSPMLMLNHGGFHF68DB,中和段,17.21,都市：住,100000,1046,持分移轉,00650000
RPVPMLMLNHGGFHF98DB,中和段,17.21,都市：住,100000,1046,持分移轉,00650000
RPTPMLMLNHGGFHF78DB,中和段,16.96,都市：住,100000,1031,持分移轉,00650000
RPUPMLMLNHGGFHF88DB,中和段,17.21,都市：住,100000,1046,持分移轉,00650000
RPOQMLMLNHGGFHF38DB,中和段,11.75,都市：住,100000,714,持分移轉,00650000
RPPOMLOLNHGGFHF48DB,中和段,17.21,都市：住,100000,1046,持分移轉,00650000
RPXPMLMLNHGGFHF56DB,中和段,11.99,都市：住,100000,729,持分移轉,00650000
RPSOMLOLNHGGFHF78DB,中和段,17.21,都市：住,100000,1046,持分移轉,00650000
RPTOMLOLNHGGFHF88DB,中和段,16.96,都市：住,100000,1031,持分移轉,00650000
RPVOMLOLNHGGFHF09DB,中和段,17.21,都市：住,100000,1046,持分移轉,00650000
RPWOMLOLNHGGFHF56DB,中和段,17.21,都市：住,100000,1046,持分移轉,00650000
RPQPMLOLNHGGFHF68DB,中和段,17.21,都市：住,100000,1046,持分移轉,00650000
RPPPMLOLNHGGFHF58DB,中和段,17.21,都市：住,100000,1046,持分移轉,00650000
RPTPMLOLNHGGFHF98DB,中和段,12.08,都市：住,100000,734,持分移轉,00650000
RPUPMLOLNHGGFHF09DB,中和段,12.08,都市：住,100000,734,持分移轉,00650000
RPOPMLOLNHGGFHF48DB,中和段,15.37,都市：住,100000,934,持分移轉,00650000
RPXOMLOLNHGGFHF66DB,中和段,17.21,都市：住,100000,1046,持分移轉,00650000
RPWPMLOLNHGGFHF66DB,中和段,18.20,都市：住,100000,1106,持分移轉,00650000
RPXPMLOLNHGGFHF76DB,中和段,18.20,都市：住,100000,1106,持分移轉,00650000
RPPQMLOLNHGGFHF68DB,中和段,16.35,都市：住,100000,994,持分移轉,00650000
RPXQMLOLNHGGFHF86DB,中和段,12.29,都市：住,100000,747,持分移轉,00650000
RPSRMLOLNHGGFHF09DB,中和段,18.20,都市：住,100000,1106,持分移轉,00650000
RPRQMLOLNHGGFHF88DB,中和段,10.69,都市：住,100000,650,持分移轉,00650000
RPORMLOLNHGGFHF68DB,中和段,9.95,都市：住,100000,605,持分移轉,00650000
RPVRMLOLNHGGFHF76DB,中和段,17.21,都市：住,100000,1046,持分移轉,00650000
RPPSMLOLNHGGFHF88DB,中和段,12.08,都市：住,100000,734,持分移轉,00650000
RPSSMLOLNHGGFHF56DB,中和段,10.23,都市：住,100000,622,持分移轉,00650000
RPRSMLOLNHGGFHF09DB,中和段,10.23,都市：住,100000,622,持分移轉,00650000
RPTSMLOLNHGGFHF66DB,中和段,10.23,都市：住,100000,622,持分移轉,00650000
RPWSMLOLNHGGFHF96DB,中和段,11.99,都市：住,100000,729,持分移轉,00650000
RPQTMLOLNHGGFHF09DB,中和段,10.15,都市：住,100000,617,持分移轉,00650000
RPPTMLOLNHGGFHF98DB,中和段,10.15,都市：住,100000,617,持分移轉,00650000
RPRTMLOLNHGGFHF56DB,中和段,11.99,都市：住,100000,729,持分移轉,00650000
RPTTMLOLNHGGFHF76DB,中和段,10.15,都市：住,100000,617,持分移轉,00650000
RPUTMLOLNHGGFHF86DB,中和段,10.15,都市：住,100000,617,持分移轉,00650000
RPVTMLOLNHGGFHF96DB,中和段,16.86,都市：住,100000,1025,持分移轉,00650000
RPROMLOLNHGGFAF87CB,永翠段,5.96,都市：住,1000000,5553,持分移轉,00300000
RPROMLOLNHGGFAF87CB,永翠段,5.96,都市：住,1000000,5553,持分移轉,00310000
RPSOMLOLNHGGFAF97CB,永翠段,5.96,都市：住,1000000,5553,持分移轉,00300000
RPSOMLOLNHGGFAF97CB,永翠段,5.96,都市：住,1000000,5553,持分移轉,00310000
RPWOMLOLNHGGFAF38CB,永翠段,6.66,都市：住,1000000,6204,持分移轉,00300000
RPWOMLOLNHGGFAF38CB,永翠段,6.66,都市：住,1000000,6204,持分移轉,00310000
RPPPMLOLNHGGFAF77CB,永翠段,6.66,都市：住,1000000,6204,持分移轉,00300000
RPPPMLOLNHGGFAF77CB,永翠段,6.66,都市：住,1000000,6204,持分移轉,00310000
RPUOMLOLNHGGFAF18CB,永翠段,6.66,都市：住,1000000,6204,持分移轉,00300000
RPUOMLOLNHGGFAF18CB,永翠段,6.66,都市：住,1000000,6204,持分移轉,00310000
RPUPMLOLNHGGFAF28CB,永翠段,6.66,都市：住,1000000,6204,持分移轉,00300000
RPUPMLOLNHGGFAF28CB,永翠段,6.66,都市：住,1000000,6204,持分移轉,00310000
RPXPMLOLNHGGFAF58CB,永翠段,6.66,都市：住,1000000,6204,持分移轉,00300000
RPXPMLOLNHGGFAF58CB,永翠段,6.66,都市：住,1000000,6204,持分移轉,00310000
RPVQMLOLNHGGFAF48CB,永翠段,5.80,都市：住,1000000,5407,持分移轉,00300000
RPVQMLOLNHGGFAF48CB,永翠段,5.80,都市：住,1000000,5407,持分移轉,00310000
RPWQMLOLNHGGFAF58CB,永翠段,5.80,都市：住,1000000,5407,持分移轉,00300000
RPWQMLOLNHGGFAF58CB,永翠段,5.80,都市：住,1000000,5407,持分移轉,00310000
RPURMLOLNHGGFAF48CB,永翠段,5.80,都市：住,1000000,5407,持分移轉,00300000
RPURMLOLNHGGFAF48CB,永翠段,5.80,都市：住,1000000,5407,持分移轉,00310000
RPQRMLOLNHGGFAF08CB,永翠段,5.80,都市：住,1000000,5407,持分移轉,00300000
RPQRMLOLNHGGFAF08CB,永翠段,5.80,都市：住,1000000,5407,持分移轉,00310000
RPOSMLOLNHGGFAF97CB,永翠段,4.73,都市：住,1000000,4405,持分移轉,00300000
RPOSMLOLNHGGFAF97CB,永翠段,4.73,都市：住,1000000,4405,持分移轉,00310000
RPSTMLOLNHGGFAF48CB,永翠段,5.44,都市：住,1000000,5067,持分移轉,00300000
RPSTMLOLNHGGFAF48CB,永翠段,5.44,都市：住,1000000,5067,持分移轉,00310000
RPTSMLOLNHGGFAF48CB,永翠段,4.73,都市：住,1000000,4405,持分移轉,00300000
RPTSMLOLNHGGFAF48CB,永翠段,4.73,都市：住,1000000,4405,持分移轉,00310000
RPQTMLOLNHGGFAF28CB,永翠段,5.35,都市：住,1000000,4985,持分移轉,00300000
RPQTMLOLNHGGFAF28CB,永翠段,5.35,都市：住,1000000,4985,持分移轉,00310000
RPRTMLOLNHGGFAF38CB,永翠段,5.43,都市：住,1000000,5062,持分移轉,00300000
RPRTMLOLNHGGFAF38CB,永翠段,5.43,都市：住,1000000,5062,持分移轉,00310000
RPWWMLLLNHGGFBF98CB,力行段,20.83,都市：商,100000,1021,持分移轉,00840000
RPOUMLOLNHGGFAF18CB,永翠段,5.98,都市：住,1000000,5577,持分移轉,00300000
RPOUMLOLNHGGFAF18CB,永翠段,5.99,都市：住,1000000,5577,持分移轉,00310000
RPSUMLOLNHGGFAF58CB,永翠段,6.96,都市：住,1000000,6484,持分移轉,00300000
RPSUMLOLNHGGFAF58CB,永翠段,6.96,都市：住,1000000,6484,持分移轉,00310000
RPUUMLOLNHGGFAF78CB,永翠段,6.96,都市：住,1000000,6484,持分移轉,00300000
RPUUMLOLNHGGFAF78CB,永翠段,6.96,都市：住,1000000,6484,持分移轉,00310000
RPPUMLOLNHGGFAF28CB,永翠段,6.96,都市：住,1000000,6484,持分移轉,00300000
RPPUMLOLNHGGFAF28CB,永翠段,6.96,都市：住,1000000,6484,持分移轉,00310000
RPWTMLOLNHGGFAF88CB,永翠段,5.98,都市：住,1000000,5577,持分移轉,00300000
RPWTMLOLNHGGFAF88CB,永翠段,5.99,都市：住,1000000,5577,持分移轉,00310000
RPWUMLOLNHGGFAF98CB,永翠段,6.96,都市：住,1000000,6485,持分移轉,00300000
RPOVMLOLNHGGFAF28CB,永翠段,4.10,都市：住,1000000,3822,持分移轉,00300000
RPWUMLOLNHGGFAF98CB,永翠段,6.96,都市：住,1000000,6485,持分移轉,00310000
RPOVMLOLNHGGFAF28CB,永翠段,4.10,都市：住,1000000,3822,持分移轉,00310000
RPROMLPLNHGGFIF78CB,民生段,35.89,都市：住,10000,107,持分移轉,04330000
RPRVMLOLNHGGFAF58CB,永翠段,4.10,都市：住,1000000,3822,持分移轉,00300000
RPRVMLOLNHGGFAF58CB,永翠段,4.10,都市：住,1000000,3822,持分移轉,00310000
RPXUMLOLNHGGFAF09CB,永翠段,4.10,都市：住,1000000,3822,持分移轉,00300000
RPXUMLOLNHGGFAF09CB,永翠段,4.10,都市：住,1000000,3822,持分移轉,00310000
RPUOMLPLNHGGFIF09CB,民生段,35.89,都市：住,10000,107,持分移轉,04330000
RPXOMLPLNHGGFIF76CB,民生段,35.56,都市：住,10000,106,持分移轉,04330000
RPRPMLPLNHGGFIF88CB,民生段,35.89,都市：住,10000,107,持分移轉,04330000
RPOPMLPLNHGGFIF58CB,民生段,35.56,都市：住,10000,106,持分移轉,04330000
RPSPMLPLNHGGFIF98CB,民生段,35.56,都市：住,10000,106,持分移轉,04330000
RPTPMLPLNHGGFIF09CB,民生段,35.56,都市：住,10000,106,持分移轉,04330000
RPOQMLPLNHGGFIF68CB,民生段,19.12,都市：住,10000,57,持分移轉,04330000
RPUPMLPLNHGGFIF56CB,民生段,35.89,都市：住,10000,107,持分移轉,04330000
RPVPMLPLNHGGFIF66CB,民生段,35.89,都市：住,10000,107,持分移轉,04330000
RPPQMLPLNHGGFIF78CB,民生段,19.12,都市：住,10000,57,持分移轉,04330000
RPQQMLPLNHGGFIF88CB,民生段,19.12,都市：住,10000,57,持分移轉,04330000
RPXQMLPLNHGGFIF96CB,民生段,19.12,都市：住,10000,57,持分移轉,04330000
RPSQMLPLNHGGFIF09CB,民生段,19.12,都市：住,10000,57,持分移轉,04330000
RPPRMLPLNHGGFIF88CB,民生段,19.12,都市：住,10000,57,持分移轉,04330000
RPTRMLPLNHGGFIF66CB,民生段,19.12,都市：住,10000,57,持分移轉,04330000
RPRRMLPLNHGGFIF09CB,民生段,19.12,都市：住,10000,57,持分移轉,04330000
RPURMLPLNHGGFIF76CB,民生段,19.12,都市：住,10000,57,持分移轉,04330000
RPQRMLPLNHGGFIF98CB,民生段,19.12,都市：住,10000,57,持分移轉,04330000
RPWRMLPLNHGGFIF96CB,民生段,23.48,都市：住,10000,70,持分移轉,04330000
RPVRMLPLNHGGFIF86CB,民生段,19.12,都市：住,10000,57,持分移轉,04330000
RPXRMLPLNHGGFIF07CB,民生段,23.48,都市：住,10000,70,持分移轉,04330000
RPPSMLPLNHGGFIF98CB,民生段,23.48,都市：住,10000,70,持分移轉,04330000
RPQSMLPLNHGGFIF09CB,民生段,23.48,都市：住,10000,70,持分移轉,04330000
RPOSMLPLNHGGFIF88CB,民生段,23.48,都市：住,10000,70,持分移轉,04330000
RPWSMLPLNHGGFIF07CB,民生段,23.48,都市：住,10000,70,持分移轉,04330000
RPUSMLPLNHGGFIF86CB,民生段,23.48,都市：住,10000,70,持分移轉,04330000
RPTSMLPLNHGGFIF76CB,民生段,23.48,都市：住,10000,70,持分移轉,04330000
RPSSMLPLNHGGFIF66CB,民生段,23.48,都市：住,10000,70,持分移轉,04330000
RPRSMLPLNHGGFIF56CB,民生段,23.48,都市：住,10000,70,持分移轉,04330000
RPVSMLPLNHGGFIF96CB,民生段,23.48,都市：住,10000,70,持分移轉,04330000
RPOTMLPLNHGGFIF98CB,民生段,23.48,都市：住,10000,70,持分移轉,04330000
RPUPMLQLNHGGFIF66CB,民生段,27.51,都市：住,10000,82,持分移轉,04330000
RPVPMLQLNHGGFIF76CB,民生段,27.51,都市：住,10000,82,持分移轉,04330000
RPXPMLQLNHGGFIF96CB,民生段,27.51,都市：住,10000,82,持分移轉,04330000
RPOQMLQLNHGGFIF78CB,民生段,27.51,都市：住,10000,82,持分移轉,04330000
RPRQMLQLNHGGFIF09CB,民生段,27.51,都市：住,10000,82,持分移轉,04330000
RPQQMLQLNHGGFIF98CB,民生段,27.51,都市：住,10000,82,持分移轉,04330000
RPSQMLQLNHGGFIF56CB,民生段,27.51,都市：住,10000,82,持分移轉,04330000
RPPQMLQLNHGGFIF88CB,民生段,27.51,都市：住,10000,82,持分移轉,04330000
RPUQMLQLNHGGFIF76CB,民生段,27.51,都市：住,10000,82,持分移轉,04330000
RPTQMLQLNHGGFIF66CB,民生段,27.51,都市：住,10000,82,持分移轉,04330000
RPWQMLQLNHGGFIF96CB,民生段,19.12,都市：住,10000,57,持分移轉,04330000
RPVQMLQLNHGGFIF86CB,民生段,27.51,都市：住,10000,82,持分移轉,04330000
RPXQMLQLNHGGFIF07CB,民生段,19.12,都市：住,10000,57,持分移轉,04330000
RPORMLQLNHGGFIF88CB,民生段,19.12,都市：住,10000,57,持分移轉,04330000
RPPRMLQLNHGGFIF98CB,民生段,19.12,都市：住,10000,57,持分移轉,04330000
RPQRMLQLNHGGFIF09CB,民生段,19.12,都市：住,10000,57,持分移轉,04330000
RPRRMLQLNHGGFIF56CB,民生段,19.12,都市：住,10000,57,持分移轉,04330000
RPURMLQLNHGGFIF86CB,民生段,19.12,都市：住,10000,57,持分移轉,04330000
RPWRMLQLNHGGFIF07CB,民生段,19.12,都市：住,10000,57,持分移轉,04330000
RPTSMLQLNHGGFIF86CB,民生段,19.12,都市：住,10000,57,持分移轉,04330000
RPXRMLQLNHGGFIF17CB,民生段,19.12,都市：住,10000,57,持分移轉,04330000
RPRSMLQLNHGGFIF66CB,民生段,19.12,都市：住,10000,57,持分移轉,04330000
RPOTMLQLNHGGFIF09CB,民生段,27.17,都市：住,10000,81,持分移轉,04330000
RPWSMLQLNHGGFIF17CB,民生段,27.17,都市：住,10000,81,持分移轉,04330000
RPSTMLQLNHGGFIF86CB,民生段,27.17,都市：住,10000,81,持分移轉,04330000
RPPTMLQLNHGGFIF56CB,民生段,27.17,都市：住,10000,81,持分移轉,04330000
RPTTMLQLNHGGFIF96CB,民生段,27.17,都市：住,10000,81,持分移轉,04330000
RPVTMLQLNHGGFIF17CB,民生段,27.51,都市：住,10000,82,持分移轉,04330000
RPWTMLQLNHGGFIF27CB,民生段,27.17,都市：住,10000,81,持分移轉,04330000
RPXTMLQLNHGGFIF37CB,民生段,27.17,都市：住,10000,81,持分移轉,04330000
RPPUMLQLNHGGFIF66CB,民生段,27.17,都市：住,10000,81,持分移轉,04330000
RPQUMLQLNHGGFIF76CB,民生段,27.17,都市：住,10000,81,持分移轉,04330000
RPOVMLQLNHGGFIF66CB,民生段,26.17,都市：住,10000,78,持分移轉,04330000
RPPVMLQLNHGGFIF76CB,民生段,26.17,都市：住,10000,78,持分移轉,04330000
RPRVMLQLNHGGFIF96CB,民生段,26.17,都市：住,10000,78,持分移轉,04330000
RPSVMLQLNHGGFIF07CB,民生段,26.17,都市：住,10000,78,持分移轉,04330000
RPTVMLQLNHGGFIF17CB,民生段,26.17,都市：住,10000,78,持分移轉,04330000
RPOUMLQLNHGGFIF56CB,民生段,27.17,都市：住,10000,81,持分移轉,04330000
RPUVMLQLNHGGFIF27CB,民生段,26.17,都市：住,10000,78,持分移轉,04330000
RPXVMLQLNHGGFIF57CB,民生段,26.17,都市：住,10000,78,持分移轉,04330000
RPOWMLQLNHGGFIF76CB,民生段,26.17,都市：住,10000,78,持分移轉,04330000
RPPWMLQLNHGGFIF86CB,民生段,26.17,都市：住,10000,78,持分移轉,04330000
RPQWMLQLNHGGFIF96CB,民生段,26.17,都市：住,10000,78,持分移轉,04330000
RPVVMLQLNHGGFIF37CB,民生段,26.17,都市：住,10000,78,持分移轉,04330000
RPSWMLQLNHGGFIF17CB,民生段,19.46,都市：住,10000,58,持分移轉,04330000
RPTWMLQLNHGGFIF27CB,民生段,19.46,都市：住,10000,58,持分移轉,04330000
RPUWMLQLNHGGFIF37CB,民生段,19.46,都市：住,10000,58,持分移轉,04330000
RPVWMLQLNHGGFIF47CB,民生段,35.89,都市：住,10000,107,持分移轉,04330000
RPWWMLQLNHGGFIF57CB,民生段,19.46,都市：住,10000,58,持分移轉,04330000
RPXWMLQLNHGGFIF67CB,民生段,19.46,都市：住,10000,58,持分移轉,04330000
RPONNLQLNHGGFIF58CB,民生段,19.46,都市：住,10000,58,持分移轉,04330000
RPPNNLQLNHGGFIF68CB,民生段,19.46,都市：住,10000,58,持分移轉,04330000
RPRNNLQLNHGGFIF88CB,民生段,19.46,都市：住,10000,58,持分移轉,04330000
RPQNNLQLNHGGFIF78CB,民生段,19.46,都市：住,10000,58,持分移轉,04330000
RPTNNLQLNHGGFIF09CB,民生段,19.46,都市：住,10000,58,持分移轉,04330000
RPSNNLQLNHGGFIF98CB,民生段,19.46,都市：住,10000,58,持分移轉,04330000
RPVNNLQLNHGGFIF66CB,民生段,26.50,都市：住,10000,79,持分移轉,04330000
RPWNNLQLNHGGFIF76CB,民生段,26.50,都市：住,10000,79,持分移轉,04330000
RPOONLQLNHGGFIF68CB,民生段,26.50,都市：住,10000,79,持分移轉,04330000
RPXNNLQLNHGGFIF86CB,民生段,26.50,都市：住,10000,79,持分移轉,04330000
RPPONLQLNHGGFIF78CB,民生段,26.50,都市：住,10000,79,持分移轉,04330000
RPRONLQLNHGGFIF98CB,民生段,26.50,都市：住,10000,79,持分移轉,04330000
RPQONLQLNHGGFIF88CB,民生段,26.50,都市：住,10000,79,持分移轉,04330000
RPSONLQLNHGGFIF09CB,民生段,26.50,都市：住,10000,79,持分移轉,04330000
RPTONLQLNHGGFIF56CB,民生段,26.50,都市：住,10000,79,持分移轉,04330000
RPWONLQLNHGGFIF86CB,民生段,26.50,都市：住,10000,79,持分移轉,04330000
RPUPMLQLNHGGFHF66DB,中和段,1.70,都市：住,100000,939,持分移轉,00320000
RPUPMLQLNHGGFHF66DB,中和段,5.73,都市：商,100000,939,持分移轉,00360000
RPQQMLQLNHGGFHF98DB,中和段,1.50,都市：住,100000,828,持分移轉,00320000
RPQQMLQLNHGGFHF98DB,中和段,5.05,都市：商,100000,828,持分移轉,00360000
RPXPMLQLNHGGFHF96DB,中和段,2.01,都市：住,100000,1109,持分移轉,00320000
RPXPMLQLNHGGFHF96DB,中和段,6.77,都市：商,100000,1109,持分移轉,00360000
RPVQMLQLNHGGFHF86DB,中和段,1.76,都市：住,100000,970,持分移轉,00320000
RPVQMLQLNHGGFHF86DB,中和段,5.92,都市：商,100000,970,持分移轉,00360000
RPXQMLQLNHGGFHF07DB,中和段,1.70,都市：住,100000,939,持分移轉,00320000
RPXQMLQLNHGGFHF07DB,中和段,5.73,都市：商,100000,939,持分移轉,00360000
RPTQMLQLNHGGFHF66DB,中和段,1.35,都市：住,100000,742,持分移轉,00320000
RPTQMLQLNHGGFHF66DB,中和段,4.53,都市：商,100000,742,持分移轉,00360000
RPORMLQLNHGGFHF88DB,中和段,2.01,都市：住,100000,1109,持分移轉,00320000
RPORMLQLNHGGFHF88DB,中和段,6.77,都市：商,100000,1109,持分移轉,00360000
RPPRMLQLNHGGFHF98DB,中和段,2.01,都市：住,100000,1109,持分移轉,00320000
RPPRMLQLNHGGFHF98DB,中和段,6.77,都市：商,100000,1109,持分移轉,00360000
RPQRMLQLNHGGFHF09DB,中和段,2.25,都市：住,100000,1239,持分移轉,00320000
RPQRMLQLNHGGFHF09DB,中和段,7.56,都市：商,100000,1239,持分移轉,00360000
RPSRMLQLNHGGFHF66DB,中和段,2.25,都市：住,100000,1239,持分移轉,00320000
RPSRMLQLNHGGFHF66DB,中和段,7.56,都市：商,100000,1239,持分移轉,00360000
RPRRMLQLNHGGFHF56DB,中和段,2.01,都市：住,100000,1109,持分移轉,00320000
RPRRMLQLNHGGFHF56DB,中和段,6.77,都市：商,100000,1109,持分移轉,00360000
RPVRMLQLNHGGFHF96DB,中和段,12.54,都市：住,100000,762,持分移轉,00650000
RPWRMLQLNHGGFHF07DB,中和段,12.54,都市：住,100000,762,持分移轉,00650000
RPROMLRLNHGGFAF18CB,永翠段,5.96,都市：住,1000000,5553,持分移轉,00300000
RPROMLRLNHGGFAF18CB,永翠段,5.96,都市：住,1000000,5553,持分移轉,00310000
RPQOMLRLNHGGFAF08CB,永翠段,6.96,都市：住,1000000,6484,持分移轉,00300000
RPQOMLRLNHGGFAF08CB,永翠段,6.96,都市：住,1000000,6484,持分移轉,00310000
RPSOMLRLNHGGFAF28CB,永翠段,5.96,都市：住,1000000,5553,持分移轉,00300000
RPSOMLRLNHGGFAF28CB,永翠段,5.96,都市：住,1000000,5553,持分移轉,00310000
RPUOMLRLNHGGFAF48CB,永翠段,6.66,都市：住,1000000,6204,持分移轉,00300000
RPUOMLRLNHGGFAF48CB,永翠段,6.66,都市：住,1000000,6204,持分移轉,00310000
RPVOMLRLNHGGFAF58CB,永翠段,6.66,都市：住,1000000,6204,持分移轉,00300000
RPVOMLRLNHGGFAF58CB,永翠段,6.66,都市：住,1000000,6204,持分移轉,00310000
RPTOMLRLNHGGFAF38CB,永翠段,6.66,都市：住,1000000,6204,持分移轉,00300000
RPTOMLRLNHGGFAF38CB,永翠段,6.66,都市：住,1000000,6204,持分移轉,00310000
RPWOMLRLNHGGFAF68CB,永翠段,5.98,都市：住,1000000,5577,持分移轉,00300000
RPWOMLRLNHGGFAF68CB,永翠段,5.99,都市：住,1000000,5577,持分移轉,00310000
RPXOMLRLNHGGFAF78CB,永翠段,5.98,都市：住,1000000,5577,持分移轉,00300000
RPXOMLRLNHGGFAF78CB,永翠段,5.99,都市：住,1000000,5577,持分移轉,00310000
RPUPMLRLNHGGFAF58CB,永翠段,4.10,都市：住,1000000,3822,持分移轉,00300000
RPUPMLRLNHGGFAF58CB,永翠段,4.10,都市：住,1000000,3822,持分移轉,00310000
RPOPMLRLNHGGFAF97CB,永翠段,6.95,都市：住,1000000,6477,持分移轉,00300000
RPOPMLRLNHGGFAF97CB,永翠段,6.95,都市：住,1000000,6477,持分移轉,00310000
RPWPMLRLNHGGFAF78CB,永翠段,4.07,都市：住,1000000,3794,持分移轉,00300000
RPWPMLRLNHGGFAF78CB,永翠段,4.07,都市：住,1000000,3794,持分移轉,00310000
RPRQMLRLNHGGFAF38CB,永翠段,7.20,都市：住,1000000,6705,持分移轉,00300000
RPRQMLRLNHGGFAF38CB,永翠段,7.20,都市：住,1000000,6705,持分移轉,00310000
RPTQMLRLNHGGFAF58CB,永翠段,5.80,都市：住,1000000,5407,持分移轉,00300000
RPTQMLRLNHGGFAF58CB,永翠段,5.80,都市：住,1000000,5407,持分移轉,00310000
RPSQMLRLNHGGFAF48CB,永翠段,5.80,都市：住,1000000,5407,持分移轉,00300000
RPSQMLRLNHGGFAF48CB,永翠段,5.80,都市：住,1000000,5407,持分移轉,00310000
RPUQMLRLNHGGFAF68CB,永翠段,6.11,都市：住,1000000,5695,持分移轉,00300000
RPUQMLRLNHGGFAF68CB,永翠段,6.11,都市：住,1000000,5695,持分移轉,00310000
RPQPMLRLNHGGFAF18CB,永翠段,6.96,都市：住,1000000,6484,持分移轉,00300000
RPQPMLRLNHGGFAF18CB,永翠段,6.96,都市：住,1000000,6484,持分移轉,00310000
RPVPMLRLNHGGFBF78CB,芳洲段,.90,都市：住,1000000,2820,持分移轉,00600000
RPVPMLRLNHGGFBF78CB,芳洲段,1.02,都市：住,1000000,2820,持分移轉,00610000
RPVPMLRLNHGGFBF78CB,芳洲段,1.00,都市：住,1000000,2820,持分移轉,00630000
RPVPMLRLNHGGFBF78CB,芳洲段,1.01,都市：住,1000000,2820,持分移轉,00640000
RPVPMLRLNHGGFBF78CB,芳洲段,.30,都市：住,1000000,2820,持分移轉,00660000
RPVPMLRLNHGGFBF78CB,芳洲段,.30,都市：住,1000000,2820,持分移轉,00670000
RPVPMLRLNHGGFBF78CB,芳洲段,2.80,都市：住,1000000,2820,持分移轉,00680000
RPVPMLRLNHGGFBF78CB,芳洲段,2.52,都市：住,1000000,2820,持分移轉,00690000
RPVPMLRLNHGGFBF78CB,芳洲段,.28,都市：住,1000000,2820,持分移轉,00700000
RPVPMLRLNHGGFBF78CB,芳洲段,.65,都市：住,1000000,2820,持分移轉,00710000
RPQQMLRLNHGGFBF38CB,芳洲段,1.02,都市：住,1000000,3203,持分移轉,00600000
RPQQMLRLNHGGFBF38CB,芳洲段,1.16,都市：住,1000000,3203,持分移轉,00610000
RPQQMLRLNHGGFBF38CB,芳洲段,1.13,都市：住,1000000,3203,持分移轉,00630000
RPQQMLRLNHGGFBF38CB,芳洲段,1.15,都市：住,1000000,3203,持分移轉,00640000
RPQQMLRLNHGGFBF38CB,芳洲段,.34,都市：住,1000000,3203,持分移轉,00660000
RPQQMLRLNHGGFBF38CB,芳洲段,.34,都市：住,1000000,3203,持分移轉,00670000
RPQQMLRLNHGGFBF38CB,芳洲段,3.18,都市：住,1000000,3203,持分移轉,00680000
RPQQMLRLNHGGFBF38CB,芳洲段,2.86,都市：住,1000000,3203,持分移轉,00690000
RPQQMLRLNHGGFBF38CB,芳洲段,.32,都市：住,1000000,3203,持分移轉,00700000
RPQQMLRLNHGGFBF38CB,芳洲段,.73,都市：住,1000000,3203,持分移轉,00710000
RPSQMLRLNHGGFBF58CB,芳洲段,1.28,都市：住,1000000,4024,持分移轉,00600000
RPSQMLRLNHGGFBF58CB,芳洲段,1.46,都市：住,1000000,4024,持分移轉,00610000
RPSQMLRLNHGGFBF58CB,芳洲段,1.42,都市：住,1000000,4024,持分移轉,00630000
RPSQMLRLNHGGFBF58CB,芳洲段,1.44,都市：住,1000000,4024,持分移轉,00640000
RPSQMLRLNHGGFBF58CB,芳洲段,.42,都市：住,1000000,4024,持分移轉,00660000
RPSQMLRLNHGGFBF58CB,芳洲段,.42,都市：住,1000000,4024,持分移轉,00670000
RPSQMLRLNHGGFBF58CB,芳洲段,3.99,都市：住,1000000,4024,持分移轉,00680000
RPSQMLRLNHGGFBF58CB,芳洲段,3.59,都市：住,1000000,4024,持分移轉,00690000
RPSQMLRLNHGGFBF58CB,芳洲段,.40,都市：住,1000000,4024,持分移轉,00700000
RPSQMLRLNHGGFBF58CB,芳洲段,.92,都市：住,1000000,4024,持分移轉,00710000
RPXQMLRLNHGGFBF09CB,芳洲段,1.28,都市：住,1000000,4024,持分移轉,00600000
RPXQMLRLNHGGFBF09CB,芳洲段,1.46,都市：住,1000000,4024,持分移轉,00610000
RPXQMLRLNHGGFBF09CB,芳洲段,1.42,都市：住,1000000,4024,持分移轉,00630000
RPXQMLRLNHGGFBF09CB,芳洲段,1.44,都市：住,1000000,4024,持分移轉,00640000
RPXQMLRLNHGGFBF09CB,芳洲段,.42,都市：住,1000000,4024,持分移轉,00660000
RPXQMLRLNHGGFBF09CB,芳洲段,.42,都市：住,1000000,4024,持分移轉,00670000
RPXQMLRLNHGGFBF09CB,芳洲段,3.99,都市：住,1000000,4024,持分移轉,00680000
RPXQMLRLNHGGFBF09CB,芳洲段,3.59,都市：住,1000000,4024,持分移轉,00690000
RPXQMLRLNHGGFBF09CB,芳洲段,.40,都市：住,1000000,4024,持分移轉,00700000
RPUSMLSLNHGGFAF98CB,永翠段,9.32,都市：住,1000000,2394,持分移轉,01100000
RPXQMLRLNHGGFBF09CB,芳洲段,.92,都市：住,1000000,4024,持分移轉,00710000
RPVSMLSLNHGGFAF09CB,永翠段,9.32,都市：住,1000000,2394,持分移轉,01100000
RPWSMLSLNHGGFAF56CB,永翠段,9.32,都市：住,1000000,2394,持分移轉,01100000
RPXSMLSLNHGGFAF66CB,永翠段,9.32,都市：住,1000000,2394,持分移轉,01100000
RPQRMLRLNHGGFBF48CB,芳洲段,1.28,都市：住,1000000,4024,持分移轉,00600000
RPQRMLRLNHGGFBF48CB,芳洲段,1.46,都市：住,1000000,4024,持分移轉,00610000
RPQRMLRLNHGGFBF48CB,芳洲段,1.42,都市：住,1000000,4024,持分移轉,00630000
RPQRMLRLNHGGFBF48CB,芳洲段,1.44,都市：住,1000000,4024,持分移轉,00640000
RPQRMLRLNHGGFBF48CB,芳洲段,.42,都市：住,1000000,4024,持分移轉,00660000
RPQRMLRLNHGGFBF48CB,芳洲段,.42,都市：住,1000000,4024,持分移轉,00670000
RPQRMLRLNHGGFBF48CB,芳洲段,3.99,都市：住,1000000,4024,持分移轉,00680000
RPQRMLRLNHGGFBF48CB,芳洲段,3.59,都市：住,1000000,4024,持分移轉,00690000
RPQRMLRLNHGGFBF48CB,芳洲段,.40,都市：住,1000000,4024,持分移轉,00700000
RPQRMLRLNHGGFBF48CB,芳洲段,.92,都市：住,1000000,4024,持分移轉,00710000
RPPTMLSLNHGGFAF58CB,永翠段,9.32,都市：住,1000000,2394,持分移轉,01100000
RPQTMLSLNHGGFAF68CB,永翠段,9.32,都市：住,1000000,2394,持分移轉,01100000
RPOTMLSLNHGGFAF48CB,永翠段,9.32,都市：住,1000000,2394,持分移轉,01100000
RPRTMLSLNHGGFAF78CB,永翠段,9.32,都市：住,1000000,2394,持分移轉,01100000
RPTTMLSLNHGGFAF98CB,永翠段,9.32,都市：住,1000000,2394,持分移轉,01100000
RPPUMLSLNHGGFAF68CB,永翠段,9.32,都市：住,1000000,2394,持分移轉,01100000
RPQUMLSLNHGGFAF78CB,永翠段,9.32,都市：住,1000000,2394,持分移轉,01100000
RPSUMLSLNHGGFAF98CB,永翠段,9.32,都市：住,1000000,2394,持分移轉,01100000
RPWUMLSLNHGGFAF76CB,永翠段,9.32,都市：住,1000000,2394,持分移轉,01100000
RPRUMLSLNHGGFAF88CB,永翠段,9.32,都市：住,1000000,2394,持分移轉,01100000
RPOVMLSLNHGGFAF68CB,永翠段,9.32,都市：住,1000000,2394,持分移轉,01100000
RPXUMLSLNHGGFAF86CB,永翠段,9.32,都市：住,1000000,2394,持分移轉,01100000
RPQVMLSLNHGGFAF88CB,永翠段,9.32,都市：住,1000000,2394,持分移轉,01100000
RPUVMLSLNHGGFAF66CB,永翠段,9.32,都市：住,1000000,2394,持分移轉,01100000
RPSVMLSLNHGGFAF09CB,永翠段,9.32,都市：住,1000000,2394,持分移轉,01100000
RPTVMLSLNHGGFAF56CB,永翠段,9.32,都市：住,1000000,2394,持分移轉,01100000
RPPWMLSLNHGGFAF88CB,永翠段,15.44,都市：住,1000000,3967,持分移轉,01100000
RPQWMLSLNHGGFAF98CB,永翠段,15.44,都市：住,1000000,3967,持分移轉,01100000
RPPVMLSLNHGGFAF78CB,永翠段,9.32,都市：住,1000000,2394,持分移轉,01100000
RPSWMLSLNHGGFAF56CB,永翠段,15.44,都市：住,1000000,3967,持分移轉,01100000
RPRWMLSLNHGGFAF09CB,永翠段,15.44,都市：住,1000000,3967,持分移轉,01100000
RPRVMLSLNHGGFAF98CB,永翠段,9.32,都市：住,1000000,2394,持分移轉,01100000
RPXVMLSLNHGGFAF96CB,永翠段,15.44,都市：住,1000000,3967,持分移轉,01100000
RPTWMLSLNHGGFAF66CB,永翠段,15.44,都市：住,1000000,3967,持分移轉,01100000
RPUWMLSLNHGGFAF76CB,永翠段,15.44,都市：住,1000000,3967,持分移轉,01100000
RPOWMLSLNHGGFAF78CB,永翠段,15.44,都市：住,1000000,3967,持分移轉,01100000
RPVWMLSLNHGGFAF86CB,永翠段,15.44,都市：住,1000000,3967,持分移轉,01100000
RPWWMLSLNHGGFAF96CB,永翠段,15.44,都市：住,1000000,3967,持分移轉,01100000
RPXWMLSLNHGGFAF07CB,永翠段,15.44,都市：住,1000000,3967,持分移轉,01100000
RPONNLSLNHGGFAF97CB,永翠段,15.44,都市：住,1000000,3967,持分移轉,01100000
RPRNNLSLNHGGFAF28CB,永翠段,15.44,都市：住,1000000,3967,持分移轉,01100000
RPQNNLSLNHGGFAF18CB,永翠段,15.44,都市：住,1000000,3967,持分移轉,01100000
RPTNNLSLNHGGFAF48CB,永翠段,15.44,都市：住,1000000,3967,持分移轉,01100000
RPSNNLSLNHGGFAF38CB,永翠段,15.44,都市：住,1000000,3967,持分移轉,01100000
RPPNNLSLNHGGFAF08CB,永翠段,15.44,都市：住,1000000,3967,持分移轉,01100000
RPVNNLSLNHGGFAF68CB,永翠段,15.44,都市：住,1000000,3967,持分移轉,01100000
RPWNNLSLNHGGFAF78CB,永翠段,15.44,都市：住,1000000,3967,持分移轉,01100000
RPUNNLSLNHGGFAF58CB,永翠段,15.44,都市：住,1000000,3967,持分移轉,01100000
RPXNNLSLNHGGFAF88CB,永翠段,15.44,都市：住,1000000,3967,持分移轉,01100000
RPOONLSLNHGGFAF08CB,永翠段,15.44,都市：住,1000000,3967,持分移轉,01100000
RPVNMLSLNHGGFIF76CB,陶瓷段,24.99,都市：住,10000,658,持分移轉,06800000
RPWNMLSLNHGGFIF86CB,陶瓷段,24.99,都市：住,10000,658,持分移轉,06800000
RPXNMLSLNHGGFIF96CB,陶瓷段,24.99,都市：住,10000,658,持分移轉,06800000
RPROMLSLNHGGFIF09CB,陶瓷段,27.87,都市：住,10000,734,持分移轉,06800000
RPSOMLSLNHGGFIF56CB,陶瓷段,26.62,都市：住,10000,701,持分移轉,06800000
RPXRMLSLNHGGFHF37DB,中和段,2.25,都市：住,100000,1239,持分移轉,00320000
RPXRMLSLNHGGFHF37DB,中和段,7.56,都市：商,100000,1239,持分移轉,00360000
RPPOMLTLNHGGFAF18CB,永翠段,12.56,都市：住,1000000,3226,持分移轉,01100000
RPOSMLSLNHGGFHF56DB,中和段,1.50,都市：住,100000,828,持分移轉,00320000
RPOSMLSLNHGGFHF56DB,中和段,5.05,都市：商,100000,828,持分移轉,00360000
RPSOMLTLNHGGFAF48CB,永翠段,12.56,都市：住,1000000,3226,持分移轉,01100000
RPROMLTLNHGGFAF38CB,永翠段,12.56,都市：住,1000000,3226,持分移轉,01100000
RPTOMLTLNHGGFAF58CB,永翠段,12.56,都市：住,1000000,3226,持分移轉,01100000
RPUOMLTLNHGGFAF68CB,永翠段,12.56,都市：住,1000000,3226,持分移轉,01100000
RPQOMLTLNHGGFAF28CB,永翠段,12.56,都市：住,1000000,3226,持分移轉,01100000
RPVOMLTLNHGGFAF78CB,永翠段,12.56,都市：住,1000000,3226,持分移轉,01100000
RPWOMLTLNHGGFAF88CB,永翠段,12.56,都市：住,1000000,3226,持分移轉,01100000
RPXOMLTLNHGGFAF98CB,永翠段,12.56,都市：住,1000000,3226,持分移轉,01100000
RPOPMLTLNHGGFAF18CB,永翠段,12.56,都市：住,1000000,3226,持分移轉,01100000
RPRPMLTLNHGGFAF48CB,永翠段,12.56,都市：住,1000000,3226,持分移轉,01100000
RPPPMLTLNHGGFAF28CB,永翠段,12.56,都市：住,1000000,3226,持分移轉,01100000
RPRNMLKMNHGGFIF28CB,民生段,26.17,都市：住,10000,78,持分移轉,04330000
RPQNMLKMNHGGFIF18CB,民生段,26.17,都市：住,10000,78,持分移轉,04330000
RPPNMLKMNHGGFIF08CB,民生段,26.17,都市：住,10000,78,持分移轉,04330000
RPTNMLKMNHGGFIF48CB,民生段,26.17,都市：住,10000,78,持分移轉,04330000
RPUNMLKMNHGGFIF58CB,民生段,26.17,都市：住,10000,78,持分移轉,04330000
RPVNMLKMNHGGFIF68CB,民生段,26.17,都市：住,10000,78,持分移轉,04330000
RPSNMLKMNHGGFIF38CB,民生段,26.17,都市：住,10000,78,持分移轉,04330000
RPWNMLKMNHGGFIF78CB,民生段,26.17,都市：住,10000,78,持分移轉,04330000
RPOOMLKMNHGGFIF08CB,民生段,26.17,都市：住,10000,78,持分移轉,04330000
RPXNMLKMNHGGFIF88CB,民生段,26.17,都市：住,10000,78,持分移轉,04330000
RPQOMLKMNHGGFIF28CB,民生段,26.17,都市：住,10000,78,持分移轉,04330000
RPSOMLKMNHGGFIF48CB,民生段,19.46,都市：住,10000,58,持分移轉,04330000
RPPOMLKMNHGGFIF18CB,民生段,26.17,都市：住,10000,78,持分移轉,04330000
RPTOMLKMNHGGFIF58CB,民生段,16.77,都市：住,10000,50,持分移轉,04330000
RPUOMLKMNHGGFIF68CB,民生段,19.46,都市：住,10000,58,持分移轉,04330000
RPVOMLKMNHGGFIF78CB,民生段,19.46,都市：住,10000,58,持分移轉,04330000
RPXOMLKMNHGGFIF98CB,民生段,19.46,都市：住,10000,58,持分移轉,04330000
RPPPMLKMNHGGFIF28CB,民生段,19.46,都市：住,10000,58,持分移轉,04330000
RPRPMLKMNHGGFIF48CB,民生段,19.46,都市：住,10000,58,持分移轉,04330000
RPTPMLKMNHGGFIF68CB,民生段,19.46,都市：住,10000,58,持分移轉,04330000
RPWPMLKMNHGGFIF98CB,民生段,26.50,都市：住,10000,79,持分移轉,04330000
RPQPMLKMNHGGFIF38CB,民生段,19.46,都市：住,10000,58,持分移轉,04330000
RPSPMLKMNHGGFIF58CB,民生段,19.46,都市：住,10000,58,持分移轉,04330000
RPVPMLKMNHGGFIF88CB,民生段,26.50,都市：住,10000,79,持分移轉,04330000
RPOPMLKMNHGGFIF18CB,民生段,19.46,都市：住,10000,58,持分移轉,04330000
RPWOMLKMNHGGFIF88CB,民生段,19.46,都市：住,10000,58,持分移轉,04330000
RPXPMLKMNHGGFIF09CB,民生段,26.50,都市：住,10000,79,持分移轉,04330000
RPQQMLKMNHGGFIF48CB,民生段,26.50,都市：住,10000,79,持分移轉,04330000
RPRQMLKMNHGGFIF58CB,民生段,26.50,都市：住,10000,79,持分移轉,04330000
RPOQMLKMNHGGFIF28CB,民生段,26.50,都市：住,10000,79,持分移轉,04330000
RPUQMLKMNHGGFIF88CB,民生段,26.50,都市：住,10000,79,持分移轉,04330000
RPXQMLKMNHGGFIF56CB,民生段,26.50,都市：住,10000,79,持分移轉,04330000
RPVQMLKMNHGGFIF98CB,民生段,26.50,都市：住,10000,79,持分移轉,04330000
RPPQMLKMNHGGFIF38CB,民生段,26.50,都市：住,10000,79,持分移轉,04330000
RPTQMLKMNHGGFIF78CB,民生段,26.50,都市：住,10000,79,持分移轉,04330000
RPUPMLLMNHGGFIF88CB,鳳鳴段,18.60,都市：住,100000,1171,持分移轉,00850000
RPVPMLLMNHGGFIF98CB,鳳鳴段,18.60,都市：住,100000,1171,持分移轉,00850000
RPWPMLLMNHGGFIF09CB,鳳鳴段,18.60,都市：住,100000,1171,持分移轉,00850000
RPXPMLLMNHGGFIF56CB,鳳鳴段,18.60,都市：住,100000,1171,持分移轉,00850000
RPQQMLLMNHGGFIF58CB,鳳鳴段,18.60,都市：住,100000,1171,持分移轉,00850000
RPRQMLLMNHGGFIF68CB,鳳鳴段,18.60,都市：住,100000,1171,持分移轉,00850000
RPPQMLLMNHGGFIF48CB,鳳鳴段,18.60,都市：住,100000,1171,持分移轉,00850000
RPOQMLLMNHGGFIF38CB,鳳鳴段,18.60,都市：住,100000,1171,持分移轉,00850000
RPSQMLLMNHGGFIF78CB,鳳鳴段,18.60,都市：住,100000,1171,持分移轉,00850000
RPTQMLLMNHGGFIF88CB,鳳鳴段,28.20,都市：住,100000,1775,持分移轉,00850000
RPUQMLLMNHGGFIF98CB,鳳鳴段,28.20,都市：住,100000,1775,持分移轉,00850000
RPWQMLLMNHGGFIF56CB,鳳鳴段,28.20,都市：住,100000,1775,持分移轉,00850000
RPORMLLMNHGGFIF48CB,鳳鳴段,28.20,都市：住,100000,1775,持分移轉,00850000
RPXQMLLMNHGGFIF66CB,鳳鳴段,28.20,都市：住,100000,1775,持分移轉,00850000
RPPRMLLMNHGGFIF58CB,鳳鳴段,28.20,都市：住,100000,1775,持分移轉,00850000
RPSRMLLMNHGGFIF88CB,鳳鳴段,14.85,都市：住,100000,935,持分移轉,00850000
RPQRMLLMNHGGFIF68CB,鳳鳴段,14.85,都市：住,100000,935,持分移轉,00850000
RPRRMLLMNHGGFIF78CB,鳳鳴段,14.85,都市：住,100000,935,持分移轉,00850000
RPTRMLLMNHGGFIF98CB,鳳鳴段,14.85,都市：住,100000,935,持分移轉,00850000
RPVQMLLMNHGGFIF09CB,鳳鳴段,28.20,都市：住,100000,1775,持分移轉,00850000
RPURMLLMNHGGFIF09CB,鳳鳴段,14.87,都市：住,100000,936,持分移轉,00850000
RPWRMLLMNHGGFIF66CB,鳳鳴段,14.85,都市：住,100000,935,持分移轉,00850000
RPVRMLLMNHGGFIF56CB,鳳鳴段,14.85,都市：住,100000,935,持分移轉,00850000
RPXRMLLMNHGGFIF76CB,鳳鳴段,14.87,都市：住,100000,936,持分移轉,00850000
RPOSMLLMNHGGFIF58CB,鳳鳴段,14.85,都市：住,100000,935,持分移轉,00850000
RPPSMLLMNHGGFIF68CB,鳳鳴段,23.59,都市：住,100000,1485,持分移轉,00850000
RPSSMLLMNHGGFIF98CB,鳳鳴段,21.75,都市：住,100000,1369,持分移轉,00850000
RPRSMLLMNHGGFIF88CB,鳳鳴段,21.75,都市：住,100000,1369,持分移轉,00850000
RPQSMLLMNHGGFIF78CB,鳳鳴段,21.73,都市：住,100000,1368,持分移轉,00850000
RPTSMLLMNHGGFIF09CB,鳳鳴段,21.75,都市：住,100000,1369,持分移轉,00850000
RPVSMLLMNHGGFIF66CB,鳳鳴段,24.56,都市：住,100000,1546,持分移轉,00850000
RPWSMLLMNHGGFIF76CB,鳳鳴段,24.56,都市：住,100000,1546,持分移轉,00850000
RPOTMLLMNHGGFIF68CB,鳳鳴段,24.56,都市：住,100000,1546,持分移轉,00850000
RPQTMLLMNHGGFIF88CB,鳳鳴段,24.56,都市：住,100000,1546,持分移轉,00850000
RPXSMLLMNHGGFIF86CB,鳳鳴段,24.56,都市：住,100000,1546,持分移轉,00850000
RPPTMLLMNHGGFIF78CB,鳳鳴段,24.56,都市：住,100000,1546,持分移轉,00850000
RPUSMLLMNHGGFIF56CB,鳳鳴段,21.75,都市：住,100000,1369,持分移轉,00850000
RPRTMLLMNHGGFIF98CB,鳳鳴段,18.90,都市：住,100000,1190,持分移轉,00850000
RPSTMLLMNHGGFIF09CB,鳳鳴段,18.90,都市：住,100000,1190,持分移轉,00850000
RPTTMLLMNHGGFIF56CB,鳳鳴段,18.90,都市：住,100000,1190,持分移轉,00850000
RPUTMLLMNHGGFIF66CB,鳳鳴段,18.90,都市：住,100000,1190,持分移轉,00850000
RPWTMLLMNHGGFIF86CB,鳳鳴段,18.89,都市：住,100000,1189,持分移轉,00850000
RPXTMLLMNHGGFIF96CB,鳳鳴段,18.89,都市：住,100000,1189,持分移轉,00850000
RPVTMLLMNHGGFIF76CB,鳳鳴段,18.90,都市：住,100000,1190,持分移轉,00850000
RPPUMLLMNHGGFIF88CB,鳳鳴段,28.90,都市：住,100000,1819,持分移轉,00850000
RPOUMLLMNHGGFIF78CB,鳳鳴段,28.90,都市：住,100000,1819,持分移轉,00850000
RPTUMLLMNHGGFIF66CB,鳳鳴段,28.90,都市：住,100000,1819,持分移轉,00850000
RPSUMLLMNHGGFIF56CB,鳳鳴段,28.90,都市：住,100000,1819,持分移轉,00850000
RPQUMLLMNHGGFIF98CB,鳳鳴段,28.90,都市：住,100000,1819,持分移轉,00850000
RPRUMLLMNHGGFIF09CB,鳳鳴段,28.90,都市：住,100000,1819,持分移轉,00850000
RPUUMLLMNHGGFIF76CB,鳳鳴段,28.90,都市：住,100000,1819,持分移轉,00850000
RPVUMLLMNHGGFIF86CB,鳳鳴段,28.20,都市：住,100000,1775,持分移轉,00850000
RPWUMLLMNHGGFIF96CB,鳳鳴段,28.20,都市：住,100000,1775,持分移轉,00850000
RPXUMLLMNHGGFIF07CB,鳳鳴段,21.75,都市：住,100000,1369,持分移轉,00850000
RPPVMLLMNHGGFIF98CB,鳳鳴段,21.75,都市：住,100000,1369,持分移轉,00850000
RPOVMLLMNHGGFIF88CB,鳳鳴段,21.75,都市：住,100000,1369,持分移轉,00850000
RPRVMLLMNHGGFIF56CB,鳳鳴段,24.56,都市：住,100000,1546,持分移轉,00850000
RPQVMLLMNHGGFIF09CB,鳳鳴段,21.75,都市：住,100000,1369,持分移轉,00850000
RPSVMLLMNHGGFIF66CB,鳳鳴段,24.56,都市：住,100000,1546,持分移轉,00850000
RPTVMLLMNHGGFIF76CB,鳳鳴段,24.56,都市：住,100000,1546,持分移轉,00850000
RPUVMLLMNHGGFIF86CB,鳳鳴段,24.56,都市：住,100000,1546,持分移轉,00850000
RPXVMLLMNHGGFIF17CB,鳳鳴段,18.90,都市：住,100000,1190,持分移轉,00850000
RPWVMLLMNHGGFIF07CB,鳳鳴段,18.90,都市：住,100000,1190,持分移轉,00850000
RPVVMLLMNHGGFIF96CB,鳳鳴段,18.90,都市：住,100000,1190,持分移轉,00850000
RPOWMLLMNHGGFIF98CB,鳳鳴段,28.90,都市：住,100000,1819,持分移轉,00850000
RPPWMLLMNHGGFIF09CB,鳳鳴段,28.90,都市：住,100000,1819,持分移轉,00850000
RPQWMLLMNHGGFIF56CB,鳳鳴段,28.90,都市：住,100000,1819,持分移轉,00850000
RPRPMLLMNHGGFAF77CB,江翠段,26.85,都市：住,100000,468,持分移轉,01470000
RPPRMLLJOHGGFAF57CB,永翠段,12.56,都市：住,1000000,3226,持分移轉,01100000
RPQRMLLJOHGGFAF67CB,永翠段,12.56,都市：住,1000000,3226,持分移轉,01100000
RPRRMLLJOHGGFAF77CB,永翠段,12.56,都市：住,1000000,3226,持分移轉,01100000
RPVRMLLJOHGGFAF18CB,永翠段,12.56,都市：住,1000000,3226,持分移轉,01100000
RPURMLLJOHGGFAF08CB,永翠段,12.56,都市：住,1000000,3226,持分移轉,01100000
RPTRMLLJOHGGFAF97CB,永翠段,12.56,都市：住,1000000,3226,持分移轉,01100000
RPSRMLLJOHGGFAF87CB,永翠段,12.56,都市：住,1000000,3226,持分移轉,01100000
RPWRMLLJOHGGFAF28CB,永翠段,12.56,都市：住,1000000,3226,持分移轉,01100000
RPPSMLLJOHGGFAF67CB,永翠段,12.46,都市：住,1000000,3201,持分移轉,01100000
RPXRMLLJOHGGFAF38CB,永翠段,12.56,都市：住,1000000,3226,持分移轉,01100000
RPQSMLLJOHGGFAF77CB,永翠段,12.46,都市：住,1000000,3201,持分移轉,01100000
RPRSMLLJOHGGFAF87CB,永翠段,12.46,都市：住,1000000,3201,持分移轉,01100000
RPWSMLLJOHGGFAF38CB,永翠段,12.46,都市：住,1000000,3201,持分移轉,01100000
RPTSMLLJOHGGFAF08CB,永翠段,12.46,都市：住,1000000,3201,持分移轉,01100000
RPUSMLLJOHGGFAF18CB,永翠段,12.46,都市：住,1000000,3201,持分移轉,01100000
RPXSMLLJOHGGFAF48CB,永翠段,12.46,都市：住,1000000,3201,持分移轉,01100000
RPSSMLLJOHGGFAF97CB,永翠段,12.46,都市：住,1000000,3201,持分移轉,01100000
RPVSMLLJOHGGFAF28CB,永翠段,12.46,都市：住,1000000,3201,持分移轉,01100000
RPOTMLLJOHGGFAF67CB,永翠段,12.46,都市：住,1000000,3201,持分移轉,01100000
RPPTMLLJOHGGFAF77CB,永翠段,12.46,都市：住,1000000,3201,持分移轉,01100000
RPQTMLLJOHGGFAF87CB,永翠段,12.46,都市：住,1000000,3201,持分移轉,01100000
RPSTMLLJOHGGFAF08CB,永翠段,12.46,都市：住,1000000,3201,持分移轉,01100000
RPTTMLLJOHGGFAF18CB,永翠段,12.46,都市：住,1000000,3201,持分移轉,01100000
RPWTMLLJOHGGFAF48CB,永翠段,12.46,都市：住,1000000,3201,持分移轉,01100000
RPUTMLLJOHGGFAF28CB,永翠段,12.46,都市：住,1000000,3201,持分移轉,01100000
RPVTMLLJOHGGFAF38CB,永翠段,12.46,都市：住,1000000,3201,持分移轉,01100000
RPRTMLLJOHGGFAF97CB,永翠段,12.46,都市：住,1000000,3201,持分移轉,01100000
RPXTMLLJOHGGFAF58CB,永翠段,12.46,都市：住,1000000,3201,持分移轉,01100000
RPPUMLLJOHGGFAF87CB,永翠段,12.46,都市：住,1000000,3201,持分移轉,01100000
RPVUMLLJOHGGFAF48CB,永翠段,9.97,都市：住,1000000,2562,持分移轉,01100000
RPTUMLLJOHGGFAF28CB,永翠段,9.97,都市：住,1000000,2562,持分移轉,01100000
RPSUMLLJOHGGFAF18CB,永翠段,9.97,都市：住,1000000,2562,持分移轉,01100000
RPRUMLLJOHGGFAF08CB,永翠段,18.46,都市：住,1000000,4742,持分移轉,01100000
RPXUMLLJOHGGFAF68CB,永翠段,9.97,都市：住,1000000,2562,持分移轉,01100000
RPOVMLLJOHGGFAF87CB,永翠段,9.97,都市：住,1000000,2562,持分移轉,01100000
RPWUMLLJOHGGFAF58CB,永翠段,9.97,都市：住,1000000,2562,持分移轉,01100000
RPQUMLLJOHGGFAF97CB,永翠段,12.46,都市：住,1000000,3201,持分移轉,01100000
RPOUMLLJOHGGFAF77CB,永翠段,12.46,都市：住,1000000,3201,持分移轉,01100000
RPPVMLLJOHGGFAF97CB,永翠段,9.97,都市：住,1000000,2562,持分移轉,01100000
RPTVMLLJOHGGFAF38CB,永翠段,10.01,都市：住,1000000,2573,持分移轉,01100000
RPSVMLLJOHGGFAF28CB,永翠段,9.97,都市：住,1000000,2562,持分移轉,01100000
RPXVMLLJOHGGFAF78CB,永翠段,9.36,都市：住,1000000,2404,持分移轉,01100000
RPWVMLLJOHGGFAF68CB,永翠段,9.36,都市：住,1000000,2405,持分移轉,01100000
RPOWMLLJOHGGFAF97CB,永翠段,9.36,都市：住,1000000,2405,持分移轉,01100000
RPUVMLLJOHGGFAF48CB,永翠段,10.01,都市：住,1000000,2573,持分移轉,01100000
RPRVMLLJOHGGFAF18CB,永翠段,9.97,都市：住,1000000,2562,持分移轉,01100000
RPVVMLLJOHGGFAF58CB,永翠段,9.36,都市：住,1000000,2405,持分移轉,01100000
RPQVMLLJOHGGFAF08CB,永翠段,9.97,都市：住,1000000,2562,持分移轉,01100000
RPQWMLLJOHGGFAF18CB,永翠段,9.36,都市：住,1000000,2405,持分移轉,01100000
RPRWMLLJOHGGFAF28CB,永翠段,9.36,都市：住,1000000,2404,持分移轉,01100000
RPSWMLLJOHGGFAF38CB,永翠段,9.36,都市：住,1000000,2405,持分移轉,01100000
RPUWMLLJOHGGFAF58CB,永翠段,9.36,都市：住,1000000,2405,持分移轉,01100000
RPVWMLLJOHGGFAF68CB,永翠段,9.36,都市：住,1000000,2404,持分移轉,01100000
RPTWMLLJOHGGFAF48CB,永翠段,9.36,都市：住,1000000,2405,持分移轉,01100000
RPPWMLLJOHGGFAF08CB,永翠段,9.36,都市：住,1000000,2405,持分移轉,01100000
RPWWMLLJOHGGFAF78CB,永翠段,9.36,都市：住,1000000,2405,持分移轉,01100000
RPONNLLJOHGGFAF17CB,永翠段,9.36,都市：住,1000000,2405,持分移轉,01100000
RPXWMLLJOHGGFAF88CB,永翠段,9.36,都市：住,1000000,2405,持分移轉,01100000
RPPNNLLJOHGGFAF27CB,永翠段,9.36,都市：住,1000000,2404,持分移轉,01100000
RPRNNLLJOHGGFAF47CB,永翠段,9.36,都市：住,1000000,2405,持分移轉,01100000
RPQNNLLJOHGGFAF37CB,永翠段,9.36,都市：住,1000000,2405,持分移轉,01100000
RPSNNLLJOHGGFAF57CB,永翠段,9.36,都市：住,1000000,2405,持分移轉,01100000
RPUNNLLJOHGGFAF77CB,永翠段,9.36,都市：住,1000000,2405,持分移轉,01100000
RPTNNLLJOHGGFAF67CB,永翠段,9.36,都市：住,1000000,2404,持分移轉,01100000
RPVNNLLJOHGGFAF87CB,永翠段,9.36,都市：住,1000000,2405,持分移轉,01100000
RPWNNLLJOHGGFAF97CB,永翠段,9.36,都市：住,1000000,2405,持分移轉,01100000
RPXNNLLJOHGGFAF08CB,永翠段,15.44,都市：住,1000000,3968,持分移轉,01100000
RPPONLLJOHGGFAF37CB,永翠段,15.44,都市：住,1000000,3968,持分移轉,01100000
RPQONLLJOHGGFAF47CB,永翠段,15.44,都市：住,1000000,3968,持分移轉,01100000
RPOONLLJOHGGFAF27CB,永翠段,15.44,都市：住,1000000,3968,持分移轉,01100000
RPRONLLJOHGGFAF57CB,永翠段,15.44,都市：住,1000000,3968,持分移轉,01100000
RPSONLLJOHGGFAF67CB,永翠段,15.44,都市：住,1000000,3968,持分移轉,01100000
RPTONLLJOHGGFAF77CB,永翠段,15.44,都市：住,1000000,3968,持分移轉,01100000
RPUONLLJOHGGFAF87CB,永翠段,15.44,都市：住,1000000,3968,持分移轉,01100000
RPVONLLJOHGGFAF97CB,永翠段,15.44,都市：住,1000000,3968,持分移轉,01100000
RPWONLLJOHGGFAF08CB,永翠段,15.44,都市：住,1000000,3968,持分移轉,01100000
RPXONLLJOHGGFAF18CB,永翠段,15.44,都市：住,1000000,3968,持分移轉,01100000
RPPPNLLJOHGGFAF47CB,永翠段,15.44,都市：住,1000000,3968,持分移轉,01100000
RPOPNLLJOHGGFAF37CB,永翠段,15.44,都市：住,1000000,3968,持分移轉,01100000
RPRPNLLJOHGGFAF67CB,永翠段,15.44,都市：住,1000000,3968,持分移轉,01100000
RPSPNLLJOHGGFAF77CB,永翠段,15.44,都市：住,1000000,3968,持分移轉,01100000
RPQPNLLJOHGGFAF57CB,永翠段,15.44,都市：住,1000000,3968,持分移轉,01100000
RPUPNLLJOHGGFAF97CB,永翠段,15.44,都市：住,1000000,3968,持分移轉,01100000
RPTPNLLJOHGGFAF87CB,永翠段,15.44,都市：住,1000000,3968,持分移轉,01100000
RPVPNLLJOHGGFAF08CB,永翠段,15.44,都市：住,1000000,3968,持分移轉,01100000
RPWPNLLJOHGGFAF18CB,永翠段,15.44,都市：住,1000000,3968,持分移轉,01100000
RPOQNLLJOHGGFAF47CB,永翠段,15.44,都市：住,1000000,3968,持分移轉,01100000
RPXPNLLJOHGGFAF28CB,永翠段,15.44,都市：住,1000000,3968,持分移轉,01100000
RPPQNLLJOHGGFAF57CB,永翠段,12.68,都市：住,1000000,3257,持分移轉,01100000
RPQQNLLJOHGGFAF67CB,永翠段,12.68,都市：住,1000000,3257,持分移轉,01100000
RPRQNLLJOHGGFAF77CB,永翠段,12.68,都市：住,1000000,3257,持分移轉,01100000
RPTQNLLJOHGGFAF97CB,永翠段,12.68,都市：住,1000000,3257,持分移轉,01100000
RPUQNLLJOHGGFAF08CB,永翠段,12.68,都市：住,1000000,3257,持分移轉,01100000
RPVQNLLJOHGGFAF18CB,永翠段,12.68,都市：住,1000000,3257,持分移轉,01100000
RPSQNLLJOHGGFAF87CB,永翠段,12.68,都市：住,1000000,3257,持分移轉,01100000
RPWQNLLJOHGGFAF28CB,永翠段,12.68,都市：住,1000000,3257,持分移轉,01100000
RPXQNLLJOHGGFAF38CB,永翠段,12.68,都市：住,1000000,3257,持分移轉,01100000
RPORNLLJOHGGFAF57CB,永翠段,12.68,都市：住,1000000,3257,持分移轉,01100000
RPPRNLLJOHGGFAF67CB,永翠段,12.68,都市：住,1000000,3257,持分移轉,01100000
RPQRNLLJOHGGFAF77CB,永翠段,12.68,都市：住,1000000,3257,持分移轉,01100000
RPRRNLLJOHGGFAF87CB,永翠段,12.68,都市：住,1000000,3257,持分移轉,01100000
RPSRNLLJOHGGFAF97CB,永翠段,12.68,都市：住,1000000,3257,持分移轉,01100000
RPTRNLLJOHGGFAF08CB,永翠段,12.68,都市：住,1000000,3257,持分移轉,01100000
RPURNLLJOHGGFAF18CB,永翠段,12.68,都市：住,1000000,3257,持分移轉,01100000
RPWRNLLJOHGGFAF38CB,永翠段,12.68,都市：住,1000000,3257,持分移轉,01100000
RPXRNLLJOHGGFAF48CB,永翠段,12.68,都市：住,1000000,3257,持分移轉,01100000
RPVRNLLJOHGGFAF28CB,永翠段,12.68,都市：住,1000000,3257,持分移轉,01100000
RPPSNLLJOHGGFAF77CB,永翠段,12.68,都市：住,1000000,3257,持分移轉,01100000
RPOSNLLJOHGGFAF67CB,永翠段,12.68,都市：住,1000000,3257,持分移轉,01100000
RPRSNLLJOHGGFAF97CB,永翠段,12.68,都市：住,1000000,3257,持分移轉,01100000
RPQSNLLJOHGGFAF87CB,永翠段,12.68,都市：住,1000000,3257,持分移轉,01100000
RPSSNLLJOHGGFAF08CB,永翠段,12.68,都市：住,1000000,3257,持分移轉,01100000
RPTSNLLJOHGGFAF18CB,永翠段,12.68,都市：住,1000000,3257,持分移轉,01100000
RPUSNLLJOHGGFAF28CB,永翠段,12.68,都市：住,1000000,3257,持分移轉,01100000
RPWSNLLJOHGGFAF48CB,永翠段,12.68,都市：住,1000000,3257,持分移轉,01100000
RPXSNLLJOHGGFAF58CB,永翠段,12.68,都市：住,1000000,3257,持分移轉,01100000
RPOTNLLJOHGGFAF77CB,永翠段,12.68,都市：住,1000000,3257,持分移轉,01100000
RPPTNLLJOHGGFAF87CB,永翠段,12.68,都市：住,1000000,3257,持分移轉,01100000
RPVSNLLJOHGGFAF38CB,永翠段,12.68,都市：住,1000000,3257,持分移轉,01100000
RPQTNLLJOHGGFAF97CB,永翠段,12.68,都市：住,1000000,3257,持分移轉,01100000
RPRTNLLJOHGGFAF08CB,永翠段,12.68,都市：住,1000000,3257,持分移轉,01100000
RPTTNLLJOHGGFAF28CB,永翠段,12.68,都市：住,1000000,3257,持分移轉,01100000
RPSTNLLJOHGGFAF18CB,永翠段,12.68,都市：住,1000000,3257,持分移轉,01100000
RPUTNLLJOHGGFAF38CB,永翠段,12.68,都市：住,1000000,3257,持分移轉,01100000
RPVTNLLJOHGGFAF48CB,永翠段,12.68,都市：住,1000000,3257,持分移轉,01100000
RPOUNLLJOHGGFAF87CB,永翠段,12.68,都市：住,1000000,3257,持分移轉,01100000
RPWTNLLJOHGGFAF58CB,永翠段,12.68,都市：住,1000000,3257,持分移轉,01100000
RPXTNLLJOHGGFAF68CB,永翠段,12.68,都市：住,1000000,3257,持分移轉,01100000
RPPUNLLJOHGGFAF97CB,永翠段,12.68,都市：住,1000000,3257,持分移轉,01100000
RPQUNLLJOHGGFAF08CB,永翠段,12.68,都市：住,1000000,3257,持分移轉,01100000
RPRUNLLJOHGGFAF18CB,永翠段,12.68,都市：住,1000000,3257,持分移轉,01100000
RPTUNLLJOHGGFAF38CB,永翠段,18.14,都市：住,1000000,4661,持分移轉,01100000
RPSUNLLJOHGGFAF28CB,永翠段,12.68,都市：住,1000000,3257,持分移轉,01100000
RPUUNLLJOHGGFAF48CB,永翠段,18.14,都市：住,1000000,4662,持分移轉,01100000
RPVUNLLJOHGGFAF58CB,永翠段,18.14,都市：住,1000000,4662,持分移轉,01100000
RPWUNLLJOHGGFAF68CB,永翠段,18.14,都市：住,1000000,4661,持分移轉,01100000
RPXUNLLJOHGGFAF78CB,永翠段,18.14,都市：住,1000000,4662,持分移轉,01100000
RPOVNLLJOHGGFAF97CB,永翠段,18.14,都市：住,1000000,4661,持分移轉,01100000
RPQVNLLJOHGGFAF18CB,永翠段,18.14,都市：住,1000000,4662,持分移轉,01100000
RPSVNLLJOHGGFAF38CB,永翠段,18.14,都市：住,1000000,4661,持分移轉,01100000
RPRVNLLJOHGGFAF28CB,永翠段,18.14,都市：住,1000000,4662,持分移轉,01100000
RPPVNLLJOHGGFAF08CB,永翠段,18.14,都市：住,1000000,4662,持分移轉,01100000
RPTVNLLJOHGGFAF48CB,永翠段,18.14,都市：住,1000000,4662,持分移轉,01100000
RPUVNLLJOHGGFAF58CB,永翠段,18.14,都市：住,1000000,4662,持分移轉,01100000
RPVVNLLJOHGGFAF68CB,永翠段,18.14,都市：住,1000000,4662,持分移轉,01100000
RPXVNLLJOHGGFAF88CB,永翠段,10.18,都市：住,1000000,2615,持分移轉,01100000
RPWVNLLJOHGGFAF78CB,永翠段,10.18,都市：住,1000000,2615,持分移轉,01100000
RPOWNLLJOHGGFAF08CB,永翠段,10.18,都市：住,1000000,2615,持分移轉,01100000
RPPWNLLJOHGGFAF18CB,永翠段,10.18,都市：住,1000000,2615,持分移轉,01100000
RPQWNLLJOHGGFAF28CB,永翠段,10.18,都市：住,1000000,2615,持分移轉,01100000
RPSWNLLJOHGGFAF48CB,永翠段,10.18,都市：住,1000000,2615,持分移轉,01100000
RPRWNLLJOHGGFAF38CB,永翠段,10.18,都市：住,1000000,2615,持分移轉,01100000
RPTWNLLJOHGGFAF58CB,永翠段,10.22,都市：住,1000000,2626,持分移轉,01100000
RPUWNLLJOHGGFAF68CB,永翠段,10.22,都市：住,1000000,2626,持分移轉,01100000
RPWRMLLJOHGGFEF88EB,馬偕段,26.58,都市：住,100000,1160,持分移轉,01610000
RPXNMLLJOHGGFGF68DB,集美段,1.49,都市：住,100000,6956,持分移轉,00130000
RPXNMLLJOHGGFGF68DB,集美段,5.32,都市：住,100000,6956,持分移轉,00150000
RPXNMLLJOHGGFGF68DB,集美段,11.23,都市：住,100000,6956,持分移轉,00160000
RPXQMLNJOHGGFBF58CB,芳洲段,1.22,都市：住,1000000,3835,持分移轉,00600000
RPXQMLNJOHGGFBF58CB,芳洲段,1.39,都市：住,1000000,3835,持分移轉,00610000
RPXQMLNJOHGGFBF58CB,芳洲段,1.36,都市：住,1000000,3835,持分移轉,00630000
RPXQMLNJOHGGFBF58CB,芳洲段,1.37,都市：住,1000000,3835,持分移轉,00640000
RPXQMLNJOHGGFBF58CB,芳洲段,.40,都市：住,1000000,3835,持分移轉,00660000
RPXQMLNJOHGGFBF58CB,芳洲段,.40,都市：住,1000000,3835,持分移轉,00670000
RPXQMLNJOHGGFBF58CB,芳洲段,3.80,都市：住,1000000,3835,持分移轉,00680000
RPXQMLNJOHGGFBF58CB,芳洲段,3.42,都市：住,1000000,3835,持分移轉,00690000
RPXQMLNJOHGGFBF58CB,芳洲段,.38,都市：住,1000000,3835,持分移轉,00700000
RPXQMLNJOHGGFBF58CB,芳洲段,.88,都市：住,1000000,3835,持分移轉,00710000
RPRNMLOJOHGGFBF77CB,信華段五小段,27.49,都市：住,10000,124,持分移轉,00200000
RPQPMLOJOHGGFBF87CB,力行段,20.83,都市：商,100000,1021,持分移轉,00840000
RPOQMLOJOHGGFBF77CB,力行段,16.42,都市：商,100000,805,持分移轉,00840000
RPSQMLOJOHGGFBF18CB,力行段,16.42,都市：商,100000,805,持分移轉,00840000
RPSRMLOJOHGGFBF28CB,力行段,16.42,都市：商,100000,805,持分移轉,00840000
RPVQMLOJOHGGFBF48CB,力行段,16.42,都市：商,100000,805,持分移轉,00840000
RPURMLOJOHGGFBF48CB,力行段,16.42,都市：商,100000,805,持分移轉,00840000
RPPRMLOJOHGGFBF97CB,力行段,16.42,都市：商,100000,805,持分移轉,00840000
RPPSMLOJOHGGFBF08CB,力行段,16.42,都市：商,100000,805,持分移轉,00840000
RPQSMLOJOHGGFBF18CB,力行段,16.42,都市：商,100000,805,持分移轉,00840000
RPRSMLOJOHGGFBF28CB,力行段,13.16,都市：商,100000,645,持分移轉,00840000
RPSSMLOJOHGGFBF38CB,力行段,20.89,都市：商,100000,1024,持分移轉,00840000
RPVSMLOJOHGGFBF68CB,力行段,16.60,都市：商,100000,814,持分移轉,00840000
RPUSMLOJOHGGFBF58CB,力行段,13.16,都市：商,100000,645,持分移轉,00840000
RPOTMLOJOHGGFBF08CB,力行段,16.73,都市：商,100000,820,持分移轉,00840000
RPRTMLOJOHGGFBF38CB,力行段,16.73,都市：商,100000,820,持分移轉,00840000
RPWSMLOJOHGGFBF78CB,力行段,16.60,都市：商,100000,814,持分移轉,00840000
RPRNMLOJOHGGFIF48CB,鳳鳴段,26.69,都市：住,100000,1680,持分移轉,00850000
RPSNMLOJOHGGFIF58CB,鳳鳴段,20.60,都市：住,100000,1297,持分移轉,00850000
RPQNMLOJOHGGFIF38CB,鳳鳴段,15.30,都市：住,100000,963,持分移轉,00850000
RPTNMLOJOHGGFIF68CB,鳳鳴段,28.21,都市：住,100000,1776,持分移轉,00850000
RPPPMLOJOHGGFHF48DB,中和段,1.50,都市：住,100000,828,持分移轉,00320000
RPPPMLOJOHGGFHF48DB,中和段,5.05,都市：商,100000,828,持分移轉,00360000
RPQNMLQJOHGGFIF58CB,民生段,26.50,都市：住,10000,79,持分移轉,04330000
RPPNMLQJOHGGFIF48CB,民生段,27.17,都市：住,10000,81,持分移轉,04330000
RPORMLRJOHGGFBF18CB,力行段,12.97,都市：商,100000,636,持分移轉,00840000
RPSRMLRJOHGGFBF58CB,力行段,12.97,都市：商,100000,636,持分移轉,00840000
RPQRMLRJOHGGFBF38CB,力行段,12.97,都市：商,100000,636,持分移轉,00840000
RPXRMLRJOHGGFBF09CB,力行段,12.97,都市：商,100000,636,持分移轉,00840000
RPTRMLRJOHGGFBF68CB,力行段,12.97,都市：商,100000,636,持分移轉,00840000
RPPSMLRJOHGGFBF38CB,力行段,12.97,都市：商,100000,636,持分移轉,00840000
RPRSMLRJOHGGFBF58CB,力行段,12.97,都市：商,100000,636,持分移轉,00840000
RPVSMLRJOHGGFBF98CB,力行段,12.95,都市：商,100000,635,持分移轉,00840000
RPWSMLRJOHGGFBF09CB,力行段,12.95,都市：商,100000,635,持分移轉,00840000
RPUTMLRJOHGGFBF98CB,力行段,10.69,都市：商,100000,524,持分移轉,00840000
RPRQMLRJOHGGFAF28CB,民族段,8.53,都市：住,100000,198,持分移轉,13720000
RPPQMLRJOHGGFAF08CB,民族段,8.53,都市：住,100000,198,持分移轉,13720000
RPSQMLRJOHGGFAF38CB,民族段,9.43,都市：住,100000,219,持分移轉,13720000
RPSQMLRJOHGGFBF58DB,建林段,32.58,都市：住,100000,6708,持分移轉,10170000
RPTOMLRJOHGGFHF09DB,中和段,1.33,都市：住,100000,733,持分移轉,00320000
RPTOMLRJOHGGFHF09DB,中和段,4.47,都市：商,100000,733,持分移轉,00360000
RPRRMLRJOHGGFBF58DB,建林段,32.58,都市：住,100000,6708,持分移轉,10170000
RPPQMLRJOHGGFBF28DB,建林段,32.53,都市：住,100000,6697,持分移轉,10170000
RPOSMLRJOHGGFBF38DB,建林段,32.44,都市：住,100000,6678,持分移轉,10170000
RPQSMLRJOHGGFBF58DB,建林段,32.53,都市：住,100000,6697,持分移轉,10170000
RPSSMLRJOHGGFBF78DB,建林段,31.82,都市：住,100000,6550,持分移轉,10170000
RPOTMLRJOHGGFBF48DB,建林段,32.58,都市：住,100000,6708,持分移轉,10170000
RPVTMLRJOHGGFBF56DB,建林段,32.49,都市：住,100000,6689,持分移轉,10170000
RPTTMLRJOHGGFBF98DB,建林段,32.53,都市：住,100000,6697,持分移轉,10170000
RPWTMLRJOHGGFBF66DB,建林段,32.53,都市：住,100000,6697,持分移轉,10170000
RPPUMLRJOHGGFBF68DB,建林段,32.58,都市：住,100000,6708,持分移轉,10170000
RPTUMLRJOHGGFBF09DB,建林段,32.53,都市：住,100000,6697,持分移轉,10170000
RPOVMLRJOHGGFBF68DB,建林段,31.82,都市：住,100000,6550,持分移轉,10170000
RPXOMLSJOHGGFAF78CB,民族段,9.43,都市：住,100000,219,持分移轉,13720000
RPTPMLSJOHGGFAF48CB,民族段,9.43,都市：住,100000,219,持分移轉,13720000
RPOQMLSJOHGGFBF28DB,建林段,28.36,都市：住,100000,5838,持分移轉,10170000
RPVPMLSJOHGGFAF68CB,民族段,9.43,都市：住,100000,219,持分移轉,13720000
RPSQMLSJOHGGFAF48CB,民族段,8.53,都市：住,100000,198,持分移轉,13720000
RPRQMLSJOHGGFAF38CB,民族段,9.43,都市：住,100000,219,持分移轉,13720000
RPVQMLSJOHGGFAF78CB,民族段,8.53,都市：住,100000,198,持分移轉,13720000
RPVSMLSJOHGGFAF98CB,永翠段,5.98,都市：住,1000000,5577,持分移轉,00300000
RPVSMLSJOHGGFAF98CB,永翠段,5.99,都市：住,1000000,5577,持分移轉,00310000
RPSUMLSJOHGGFAF88CB,民族段,9.35,都市：住,100000,217,持分移轉,13720000
RPSSMLSJOHGGFBF78CB,力行段,18.56,都市：商,100000,910,持分移轉,00840000
RPVSMLSJOHGGFBF09CB,力行段,12.97,都市：商,100000,636,持分移轉,00840000
RPWSMLSJOHGGFBF56CB,力行段,12.97,都市：商,100000,636,持分移轉,00840000
RPRQMLTJOHGGFBF58CB,力行段,20.74,都市：商,100000,1017,持分移轉,00840000
RPVQMLTJOHGGFBF98CB,力行段,20.70,都市：商,100000,1015,持分移轉,00840000
RPWQMLTJOHGGFBF09CB,力行段,20.70,都市：商,100000,1015,持分移轉,00840000
RPQQMLTJOHGGFBF48CB,力行段,20.70,都市：商,100000,1015,持分移轉,00840000
RPORMLTJOHGGFBF38CB,力行段,20.70,都市：商,100000,1015,持分移轉,00840000
RPQRMLTJOHGGFBF58CB,力行段,17.15,都市：商,100000,841,持分移轉,00840000
RPRRMLTJOHGGFBF68CB,力行段,17.15,都市：商,100000,841,持分移轉,00840000
RPVRMLTJOHGGFBF09CB,力行段,14.32,都市：商,100000,702,持分移轉,00840000
RPSRMLTJOHGGFBF78CB,力行段,17.15,都市：商,100000,841,持分移轉,00840000
RPOSMLTJOHGGFBF48CB,力行段,14.87,都市：商,100000,729,持分移轉,00840000
RPQSMLTJOHGGFBF68CB,力行段,19.42,都市：商,100000,952,持分移轉,00840000
RPTSMLTJOHGGFBF98CB,力行段,18.56,都市：商,100000,910,持分移轉,00840000
RPWRMLTJOHGGFBF56CB,力行段,14.42,都市：商,100000,707,持分移轉,00840000
RPQUMLTJOHGGFAF78CB,民族段,8.49,都市：住,100000,197,持分移轉,13720000
RPUUMLTJOHGGFAF56CB,民族段,9.39,都市：住,100000,218,持分移轉,13720000
RPRSMLTJOHGGFAF68CB,民族段,8.36,都市：住,100000,194,持分移轉,13720000
RPWVMLTJOHGGFAF86CB,民族段,9.39,都市：住,100000,218,持分移轉,13720000
RPPNNLTJOHGGFAF08CB,民族段,9.39,都市：住,100000,218,持分移轉,13720000
RPUWMLTJOHGGFAF76CB,民族段,9.39,都市：住,100000,218,持分移轉,13720000
RPOONLTJOHGGFAF08CB,民族段,8.49,都市：住,100000,197,持分移轉,13720000
RPWONLTJOHGGFAF88CB,民族段,8.49,都市：住,100000,197,持分移轉,13720000
RPTPNLTJOHGGFAF68CB,民族段,9.39,都市：住,100000,218,持分移轉,13720000
RPQPNLTJOHGGFAF38CB,民族段,9.39,都市：住,100000,218,持分移轉,13720000
RPVPNLTJOHGGFAF88CB,民族段,9.39,都市：住,100000,218,持分移轉,13720000
RPXNMLTJOHGGFGF76CB,仁信段,14.96,都市：住,100000,1123,持分移轉,00850000
RPSOMLTJOHGGFGF98CB,仁信段,18.28,都市：住,100000,1372,持分移轉,00850000
RPSPMLTJOHGGFGF09CB,仁信段,17.02,都市：住,100000,1278,持分移轉,00850000
RPWOMLTJOHGGFGF76CB,仁信段,11.47,都市：住,100000,861,持分移轉,00850000
RPQPMLTJOHGGFGF88CB,仁信段,11.63,都市：住,100000,925,持分移轉,00810000
RPQOMLTJOHGGFGF78CB,仁信段,13.00,都市：住,100000,976,持分移轉,00850000
RPTPMLTJOHGGFGF56CB,仁信段,24.42,都市：住,100000,1942,持分移轉,00810000
RPVPMLTJOHGGFGF76CB,仁信段,15.89,都市：住,100000,1264,持分移轉,00810000
RPUPMLTJOHGGFGF66CB,仁信段,13.01,都市：住,100000,1035,持分移轉,00810000
RPWPMLTJOHGGFGF86CB,仁信段,16.67,都市：住,100000,1326,持分移轉,00810000
RPPQMLTJOHGGFGF88CB,仁信段,11.49,都市：住,100000,914,持分移轉,00810000
RPRQMLTJOHGGFGF09CB,仁信段,13.26,都市：住,100000,1055,持分移轉,00810000
RPOQMLTJOHGGFGF78CB,仁信段,13.14,都市：住,100000,1045,持分移轉,00810000
RPSQMLTJOHGGFGF56CB,仁信段,15.89,都市：住,100000,1264,持分移轉,00810000
RPQQMLTJOHGGFGF98CB,仁信段,16.87,都市：住,100000,1342,持分移轉,00810000
RPWQMLTJOHGGFGF96CB,仁信段,16.87,都市：住,100000,1342,持分移轉,00810000
RPVQMLTJOHGGFGF86CB,仁信段,11.49,都市：住,100000,914,持分移轉,00810000
RPTQMLTJOHGGFGF66CB,仁信段,15.87,都市：住,100000,1262,持分移轉,00810000
RPXQMLTJOHGGFGF07CB,仁信段,15.87,都市：住,100000,1262,持分移轉,00810000
RPQRMLTJOHGGFGF09CB,仁信段,17.12,都市：住,100000,1362,持分移轉,00810000
RPORMLTJOHGGFGF88CB,仁信段,12.76,都市：住,100000,1015,持分移轉,00810000
RPRRMLTJOHGGFGF56CB,仁信段,13.01,都市：住,100000,1035,持分移轉,00810000
RPTRMLTJOHGGFGF76CB,仁信段,12.89,都市：住,100000,1025,持分移轉,00810000
RPSRMLTJOHGGFGF66CB,仁信段,15.77,都市：住,100000,1254,持分移轉,00810000
RPVRMLTJOHGGFGF96CB,仁信段,12.76,都市：住,100000,1015,持分移轉,00810000
RPURMLTJOHGGFGF86CB,仁信段,11.49,都市：住,100000,914,持分移轉,00810000
RPWRMLTJOHGGFGF07CB,仁信段,15.87,都市：住,100000,1262,持分移轉,00810000
RPXRMLTJOHGGFGF17CB,仁信段,13.01,都市：住,100000,1035,持分移轉,00810000
RPOSMLTJOHGGFGF98CB,仁信段,17.00,都市：住,100000,1352,持分移轉,00810000
RPPSMLTJOHGGFGF09CB,仁信段,21.93,都市：住,100000,1744,持分移轉,00810000
RPQSMLTJOHGGFGF56CB,仁信段,12.89,都市：住,100000,1025,持分移轉,00810000
RPRSMLTJOHGGFGF66CB,仁信段,17.26,都市：住,100000,1373,持分移轉,00810000
RPTSMLTJOHGGFGF86CB,仁信段,15.89,都市：住,100000,1264,持分移轉,00810000
RPVSMLTJOHGGFGF07CB,仁信段,16.87,都市：住,100000,1342,持分移轉,00810000
RPUSMLTJOHGGFGF96CB,仁信段,15.77,都市：住,100000,1254,持分移轉,00810000
RPWSMLTJOHGGFGF17CB,仁信段,15.87,都市：住,100000,1262,持分移轉,00810000
RPPTMLTJOHGGFGF56CB,仁信段,9.76,都市：住,100000,776,持分移轉,00810000
RPOTMLTJOHGGFGF09CB,仁信段,12.76,都市：住,100000,1015,持分移轉,00810000
RPXSMLTJOHGGFGF27CB,仁信段,17.26,都市：住,100000,1373,持分移轉,00810000
RPUTMLTJOHGGFGF07CB,仁信段,17.00,都市：住,100000,1352,持分移轉,00810000
RPSTMLTJOHGGFGF86CB,仁信段,15.89,都市：住,100000,1264,持分移轉,00810000
RPXTMLTJOHGGFGF37CB,仁信段,10.61,都市：住,100000,844,持分移轉,00810000
RPOUMLTJOHGGFGF56CB,仁信段,12.76,都市：住,100000,1015,持分移轉,00810000
RPQUMLTJOHGGFGF76CB,仁信段,15.89,都市：住,100000,1264,持分移轉,00810000
RPRUMLTJOHGGFGF86CB,仁信段,13.01,都市：住,100000,1035,持分移轉,00810000
RPVUMLTJOHGGFGF27CB,仁信段,15.74,都市：住,100000,1252,持分移轉,00810000
RPSUMLTJOHGGFGF96CB,仁信段,11.49,都市：住,100000,914,持分移轉,00810000
RPUUMLTJOHGGFGF17CB,仁信段,11.49,都市：住,100000,914,持分移轉,00810000
RPTUMLTJOHGGFGF07CB,仁信段,15.87,都市：住,100000,1262,持分移轉,00810000
RPXUMLTJOHGGFGF47CB,仁信段,17.12,都市：住,100000,1362,持分移轉,00810000
RPPVMLTJOHGGFGF76CB,仁信段,17.00,都市：住,100000,1352,持分移轉,00810000
RPSVMLTJOHGGFGF07CB,仁信段,15.87,都市：住,100000,1262,持分移轉,00810000
RPRVMLTJOHGGFGF96CB,仁信段,15.87,都市：住,100000,1262,持分移轉,00810000
RPTVMLTJOHGGFGF17CB,仁信段,15.89,都市：住,100000,1264,持分移轉,00810000
RPUVMLTJOHGGFGF27CB,仁信段,18.41,都市：住,100000,1382,持分移轉,00850000
RPPWMLTJOHGGFGF86CB,仁信段,11.37,都市：住,100000,904,持分移轉,00810000
RPVVMLTJOHGGFGF37CB,仁信段,16.89,都市：住,100000,1268,持分移轉,00850000
RPQWMLTJOHGGFGF96CB,仁信段,15.87,都市：住,100000,1262,持分移轉,00810000
RPRWMLTJOHGGFGF07CB,仁信段,17.00,都市：住,100000,1352,持分移轉,00810000
RPTWMLTJOHGGFGF27CB,仁信段,11.37,都市：住,100000,904,持分移轉,00810000
RPXVMLTJOHGGFGF57CB,仁信段,13.14,都市：住,100000,1045,持分移轉,00810000
RPSWMLTJOHGGFGF17CB,仁信段,17.00,都市：住,100000,1352,持分移轉,00810000
RPTNMLKKOHGGFGF18CB,仁信段,12.89,都市：住,100000,1025,持分移轉,00810000
RPSNMLKKOHGGFGF08CB,仁信段,15.89,都市：住,100000,1264,持分移轉,00810000
RPXNMLKKOHGGFGF58CB,仁信段,23.40,都市：住,100000,1861,持分移轉,00810000
RPOOMLKKOHGGFGF77CB,仁信段,11.37,都市：住,100000,904,持分移轉,00810000
RPPOMLKKOHGGFGF87CB,仁信段,17.12,都市：住,100000,1362,持分移轉,00810000
RPQOMLKKOHGGFGF97CB,仁信段,15.89,都市：住,100000,1264,持分移轉,00810000
RPTOMLKKOHGGFGF28CB,仁信段,16.89,都市：住,100000,1268,持分移轉,00850000
RPUOMLKKOHGGFGF38CB,仁信段,11.49,都市：住,100000,914,持分移轉,00810000
RPXOMLKKOHGGFGF68CB,仁信段,12.96,都市：住,100000,973,持分移轉,00850000
RPWOMLKKOHGGFGF58CB,仁信段,15.17,都市：住,100000,1139,持分移轉,00850000
RPTPMLKKOHGGFGF38CB,仁信段,16.76,都市：住,100000,1258,持分移轉,00850000
RPSPMLKKOHGGFGF28CB,仁信段,11.60,都市：住,100000,871,持分移轉,00850000
RPVOMLKKOHGGFGF48CB,仁信段,18.49,都市：住,100000,1388,持分移轉,00850000
RPUPMLKKOHGGFGF48CB,仁信段,17.12,都市：住,100000,1362,持分移轉,00810000
RPVPMLKKOHGGFGF58CB,仁信段,16.87,都市：住,100000,1342,持分移轉,00810000
RPWPMLKKOHGGFGF68CB,仁信段,17.00,都市：住,100000,1352,持分移轉,00810000
RPXPMLKKOHGGFGF78CB,仁信段,14.96,都市：住,100000,1123,持分移轉,00850000
RPOQMLKKOHGGFGF97CB,仁信段,14.96,都市：住,100000,1123,持分移轉,00850000
RPPQMLKKOHGGFGF08CB,仁信段,15.87,都市：住,100000,1262,持分移轉,00810000
RPQQMLKKOHGGFGF18CB,仁信段,18.28,都市：住,100000,1372,持分移轉,00850000
RPRQMLKKOHGGFGF28CB,仁信段,15.87,都市：住,100000,1262,持分移轉,00810000
RPSQMLKKOHGGFGF38CB,仁信段,11.60,都市：住,100000,871,持分移轉,00850000
RPVQMLKKOHGGFGF68CB,仁信段,11.49,都市：住,100000,914,持分移轉,00810000
RPXQMLKKOHGGFGF88CB,仁信段,21.54,都市：住,100000,2260,持分移轉,00050000
RPUQMLKKOHGGFGF58CB,仁信段,11.49,都市：住,100000,914,持分移轉,00810000
RPORMLKKOHGGFGF08CB,仁信段,15.89,都市：住,100000,1264,持分移轉,00810000
RPPRMLKKOHGGFGF18CB,仁信段,14.23,都市：住,100000,1493,持分移轉,00050000
RPQRMLKKOHGGFGF28CB,仁信段,15.89,都市：住,100000,1264,持分移轉,00810000
RPTRMLKKOHGGFGF58CB,仁信段,15.89,都市：住,100000,1264,持分移轉,00810000
RPSRMLKKOHGGFGF48CB,仁信段,12.96,都市：住,100000,973,持分移轉,00850000
RPVRMLKKOHGGFGF78CB,仁信段,18.28,都市：住,100000,1372,持分移轉,00850000
RPURMLKKOHGGFGF68CB,仁信段,16.76,都市：住,100000,1258,持分移轉,00850000
RPWRMLKKOHGGFGF88CB,仁信段,11.60,都市：住,100000,871,持分移轉,00850000
RPXRMLKKOHGGFGF98CB,仁信段,15.09,都市：住,100000,1133,持分移轉,00850000
RPPSMLKKOHGGFGF28CB,仁信段,15.09,都市：住,100000,1133,持分移轉,00850000
RPQSMLKKOHGGFGF38CB,仁信段,13.29,都市：住,100000,1394,持分移轉,00050000
RPOSMLKKOHGGFGF18CB,仁信段,18.41,都市：住,100000,1382,持分移轉,00850000
RPUSMLKKOHGGFGF78CB,仁信段,16.76,都市：住,100000,1258,持分移轉,00850000
RPVSMLKKOHGGFGF88CB,仁信段,12.96,都市：住,100000,973,持分移轉,00850000
RPXSMLKKOHGGFGF09CB,仁信段,16.89,都市：住,100000,1268,持分移轉,00850000
RPOTMLKKOHGGFGF28CB,仁信段,11.60,都市：住,100000,871,持分移轉,00850000
RPPTMLKKOHGGFGF38CB,仁信段,14.96,都市：住,100000,1123,持分移轉,00850000
RPSTMLKKOHGGFGF68CB,仁信段,18.28,都市：住,100000,1372,持分移轉,00850000
RPQTMLKKOHGGFGF48CB,仁信段,17.74,都市：住,100000,1861,持分移轉,00050000
RPTTMLKKOHGGFGF78CB,仁信段,15.09,都市：住,100000,1133,持分移轉,00850000
RPVTMLKKOHGGFGF98CB,仁信段,11.60,都市：住,100000,871,持分移轉,00850000
RPWTMLKKOHGGFGF09CB,仁信段,18.28,都市：住,100000,1372,持分移轉,00850000
RPOUMLKKOHGGFGF38CB,仁信段,16.76,都市：住,100000,1258,持分移轉,00850000
RPQUMLKKOHGGFGF58CB,仁信段,16.76,都市：住,100000,1258,持分移轉,00850000
RPUUMLKKOHGGFGF98CB,仁信段,12.96,都市：住,100000,973,持分移轉,00850000
RPTUMLKKOHGGFGF88CB,仁信段,11.60,都市：住,100000,871,持分移轉,00850000
RPWUMLKKOHGGFGF56CB,仁信段,18.41,都市：住,100000,1382,持分移轉,00850000
RPXUMLKKOHGGFGF66CB,仁信段,15.09,都市：住,100000,1133,持分移轉,00850000
RPXTMLKKOHGGFGF56CB,仁信段,17.83,都市：住,100000,1871,持分移轉,00050000
RPRVMLKKOHGGFGF78CB,仁信段,15.09,都市：住,100000,1133,持分移轉,00850000
RPOVMLKKOHGGFGF48CB,仁信段,13.47,都市：住,100000,1413,持分移轉,00050000
RPTQMLKKOHGGFHF58CB,保生段,3.19,都市：住,100000,4216,持分移轉,05490000
RPTQMLKKOHGGFHF58CB,保生段,5.24,都市：住,100000,4216,持分移轉,05470000
RPTQMLKKOHGGFHF58CB,保生段,7.28,都市：住,100000,4216,持分移轉,05480000
RPOQMLKKOHGGFHF08CB,保生段,3.19,都市：住,100000,4216,持分移轉,05490000
RPOQMLKKOHGGFHF08CB,保生段,5.24,都市：住,100000,4216,持分移轉,05470000
RPOQMLKKOHGGFHF08CB,保生段,7.28,都市：住,100000,4216,持分移轉,05480000
RPXQMLKKOHGGFHF98CB,保生段,3.19,都市：住,100000,4216,持分移轉,05490000
RPXQMLKKOHGGFHF98CB,保生段,5.24,都市：住,100000,4216,持分移轉,05470000
RPXQMLKKOHGGFHF98CB,保生段,7.28,都市：住,100000,4216,持分移轉,05480000
RPUNMLKKOHGGFAF67CB,民族段,14.73,都市：住,100000,342,持分移轉,13720000
RPVNMLKKOHGGFAF77CB,民族段,13.83,都市：住,100000,321,持分移轉,13720000
RPQNMLKKOHGGFAF27CB,民族段,9.39,都市：住,100000,218,持分移轉,13720000
RPWNMLKKOHGGFAF87CB,民族段,14.73,都市：住,100000,342,持分移轉,13720000
RPPOMLKKOHGGFAF27CB,民族段,13.83,都市：住,100000,321,持分移轉,13720000
RPSOMLKKOHGGFAF57CB,民族段,14.73,都市：住,100000,342,持分移轉,13720000
RPQOMLKKOHGGFAF37CB,民族段,14.73,都市：住,100000,342,持分移轉,13720000
RPUOMLKKOHGGFAF77CB,民族段,14.73,都市：住,100000,342,持分移轉,13720000
RPVPMLKKOHGGFAF97CB,民族段,14.73,都市：住,100000,342,持分移轉,13720000
RPQPMLKKOHGGFAF47CB,民族段,14.73,都市：住,100000,342,持分移轉,13720000
RPOPMLKKOHGGFAF27CB,民族段,14.73,都市：住,100000,342,持分移轉,13720000
RPTPMLKKOHGGFAF77CB,民族段,14.73,都市：住,100000,342,持分移轉,13720000
RPPQMLKKOHGGFAF47CB,民族段,16.72,都市：住,100000,388,持分移轉,13720000
RPOQMLKKOHGGFAF37CB,民族段,16.24,都市：住,100000,377,持分移轉,13720000
RPTQMLKKOHGGFAF87CB,民族段,16.72,都市：住,100000,388,持分移轉,13720000
RPSQMLKKOHGGFAF77CB,民族段,16.72,都市：住,100000,388,持分移轉,13720000
RPUQMLKKOHGGFAF97CB,民族段,16.72,都市：住,100000,388,持分移轉,13720000
RPQQMLKKOHGGFAF57CB,民族段,16.72,都市：住,100000,388,持分移轉,13720000
RPSRMLKKOHGGFAF87CB,民族段,16.72,都市：住,100000,388,持分移轉,13720000
RPTRMLKKOHGGFAF97CB,民族段,16.72,都市：住,100000,388,持分移轉,13720000
RPPRMLKKOHGGFAF57CB,民族段,16.63,都市：住,100000,386,持分移轉,13720000
RPVPMLKKOHGGFBF18DB,工二段,58.10,都市：住,100000,9683,持分移轉,04490001
RPWQMLKKOHGGFAF18CB,民族段,16.72,都市：住,100000,388,持分移轉,13720000
RPURMLKKOHGGFAF08CB,民族段,16.72,都市：住,100000,388,持分移轉,13720000
RPXPMLKKOHGGFBF38DB,工二段,33.01,都市：住,100000,5502,持分移轉,04490001
RPRQMLKKOHGGFBF87DB,工二段,34.21,都市：住,100000,5701,持分移轉,04490001
RPWQMLKKOHGGFBF38DB,工二段,39.19,都市：住,100000,6531,持分移轉,04490001
RPRRMLKKOHGGFBF97DB,工二段,35.38,都市：住,100000,5896,持分移轉,04490001
RPRSMLKKOHGGFBF08DB,工二段,34.21,都市：住,100000,5701,持分移轉,04490001
RPRPMLLKOHGGFEF28EB,馬偕段,29.76,都市：住,100000,1299,持分移轉,01610000
RPORMLKKOHGGFBF67DB,工二段,35.38,都市：住,100000,5896,持分移轉,04490001
RPXQMLKKOHGGFBF48DB,工二段,34.90,都市：住,100000,5817,持分移轉,04490001
RPSPMLLKOHGGFEF38EB,馬偕段,29.76,都市：住,100000,1299,持分移轉,01610000
RPTPMLLKOHGGFEF48EB,馬偕段,30.06,都市：住,100000,1312,持分移轉,01610000
RPUPMLLKOHGGFEF58EB,馬偕段,30.33,都市：住,100000,1324,持分移轉,01610000
RPWPMLLKOHGGFEF78EB,馬偕段,25.89,都市：住,100000,1130,持分移轉,01610000
RPVPMLLKOHGGFEF68EB,馬偕段,30.33,都市：住,100000,1324,持分移轉,01610000
RPPQMLLKOHGGFEF18EB,馬偕段,29.51,都市：住,100000,1288,持分移轉,01610000
RPOQMLLKOHGGFEF08EB,馬偕段,29.51,都市：住,100000,1288,持分移轉,01610000
RPQQMLLKOHGGFEF28EB,馬偕段,29.81,都市：住,100000,1301,持分移轉,01610000
RPXPMLLKOHGGFEF88EB,馬偕段,30.04,都市：住,100000,1311,持分移轉,01610000
RPTQMLLKOHGGFEF58EB,馬偕段,29.51,都市：住,100000,1288,持分移轉,01610000
RPRQMLLKOHGGFEF38EB,馬偕段,29.51,都市：住,100000,1288,持分移轉,01610000
RPOPMLLKOHGGFAF37CB,民族段,14.73,都市：住,100000,342,持分移轉,13720000
RPRQMLLKOHGGFAF77CB,民族段,13.53,都市：住,100000,314,持分移轉,13720000
RPTPMLLKOHGGFAF87CB,民族段,17.36,都市：住,100000,403,持分移轉,13720000
RPQPMLLKOHGGFAF57CB,民族段,14.73,都市：住,100000,342,持分移轉,13720000
RPTRMLLKOHGGFAF08CB,民族段,18.09,都市：住,100000,420,持分移轉,13720000
RPSRMLLKOHGGFAF97CB,民族段,18.09,都市：住,100000,420,持分移轉,13720000
RPXRMLLKOHGGFAF48CB,民族段,18.09,都市：住,100000,420,持分移轉,13720000
RPOSMLLKOHGGFAF67CB,民族段,18.09,都市：住,100000,420,持分移轉,13720000
RPVRMLLKOHGGFAF28CB,民族段,18.09,都市：住,100000,420,持分移轉,13720000
RPROMLLKOHGGFGF18CB,仁信段,12.87,都市：住,100000,966,持分移轉,00850000
RPSOMLLKOHGGFGF28CB,仁信段,11.49,都市：住,100000,914,持分移轉,00810000
RPQNMLMKOHGGFAF47CB,民族段,18.09,都市：住,100000,420,持分移轉,13720000
RPRNMLMKOHGGFAF57CB,民族段,18.09,都市：住,100000,420,持分移轉,13720000
RPTNMLMKOHGGFAF77CB,民族段,18.09,都市：住,100000,420,持分移轉,13720000
RPUNMLMKOHGGFAF87CB,民族段,18.09,都市：住,100000,420,持分移轉,13720000
RPOOMLMKOHGGFAF37CB,民族段,20.85,都市：住,100000,484,持分移轉,13720000
RPWNMLMKOHGGFAF08CB,民族段,20.85,都市：住,100000,484,持分移轉,13720000
RPPOMLMKOHGGFAF47CB,民族段,20.85,都市：住,100000,484,持分移轉,13720000
RPSNMLMKOHGGFAF67CB,民族段,18.09,都市：住,100000,420,持分移轉,13720000
RPVOMLMKOHGGFAF08CB,民族段,20.85,都市：住,100000,484,持分移轉,13720000
RPWOMLMKOHGGFAF18CB,民族段,20.85,都市：住,100000,484,持分移轉,13720000
RPROMLMKOHGGFAF67CB,民族段,20.85,都市：住,100000,484,持分移轉,13720000
RPTOMLMKOHGGFAF87CB,民族段,20.85,都市：住,100000,484,持分移轉,13720000
RPQOMLMKOHGGFAF57CB,民族段,20.85,都市：住,100000,484,持分移轉,13720000
RPQNMLMKOHGGFBF57CB,力行段,30.31,都市：住,100000,3338,持分移轉,05560000
RPVNMLMKOHGGFBF08CB,力行段,23.71,都市：住,100000,2611,持分移轉,05560000
RPTNMLMKOHGGFBF87CB,力行段,23.71,都市：住,100000,2611,持分移轉,05560000
RPPOMLMKOHGGFBF57CB,力行段,23.71,都市：住,100000,2611,持分移轉,05560000
RPRNMLMKOHGGFBF67CB,力行段,23.71,都市：住,100000,2611,持分移轉,05560000
RPSNMLMKOHGGFBF77CB,力行段,23.71,都市：住,100000,2611,持分移轉,05560000
RPQOMLMKOHGGFBF67CB,力行段,23.71,都市：住,100000,2611,持分移轉,05560000
RPWNMLMKOHGGFBF18CB,力行段,23.71,都市：住,100000,2611,持分移轉,05560000
RPXNMLMKOHGGFBF28CB,力行段,23.71,都市：住,100000,2611,持分移轉,05560000
RPOOMLMKOHGGFBF47CB,力行段,23.71,都市：住,100000,2611,持分移轉,05560000
RPSOMLMKOHGGFBF87CB,力行段,22.77,都市：住,100000,2508,持分移轉,05560000
RPXOMLMKOHGGFBF38CB,力行段,22.77,都市：住,100000,2508,持分移轉,05560000
RPWOMLMKOHGGFBF28CB,力行段,22.67,都市：住,100000,2497,持分移轉,05560000
RPPPMLMKOHGGFBF67CB,力行段,22.77,都市：住,100000,2508,持分移轉,05560000
RPROMLMKOHGGFBF77CB,力行段,26.53,都市：住,100000,2922,持分移轉,05560000
RPRPMLMKOHGGFBF87CB,力行段,22.67,都市：住,100000,2497,持分移轉,05560000
RPOPMLMKOHGGFBF57CB,力行段,22.77,都市：住,100000,2508,持分移轉,05560000
RPTOMLMKOHGGFBF97CB,力行段,22.77,都市：住,100000,2508,持分移轉,05560000
RPVOMLMKOHGGFBF18CB,力行段,22.77,都市：住,100000,2508,持分移轉,05560000
RPQPMLMKOHGGFBF77CB,力行段,22.77,都市：住,100000,2508,持分移轉,05560000
RPTPMLMKOHGGFBF08CB,力行段,17.76,都市：住,100000,1956,持分移轉,05560000
RPVPMLMKOHGGFBF28CB,力行段,16.26,都市：住,100000,1791,持分移轉,05560000
RPUPMLMKOHGGFBF18CB,力行段,16.26,都市：住,100000,1791,持分移轉,05560000
RPWPMLMKOHGGFBF38CB,力行段,17.76,都市：住,100000,1956,持分移轉,05560000
RPQQMLMKOHGGFBF87CB,力行段,17.66,都市：住,100000,1945,持分移轉,05560000
RPXPMLMKOHGGFBF48CB,力行段,17.76,都市：住,100000,1956,持分移轉,05560000
RPRQMLMKOHGGFBF97CB,力行段,17.76,都市：住,100000,1956,持分移轉,05560000
RPSQMLMKOHGGFBF08CB,力行段,18.79,都市：住,100000,2069,持分移轉,05560000
RPPQMLMKOHGGFBF77CB,力行段,17.76,都市：住,100000,1956,持分移轉,05560000
RPOQMLMKOHGGFBF67CB,力行段,17.66,都市：住,100000,1945,持分移轉,05560000
RPTQMLMKOHGGFBF18CB,力行段,17.66,都市：住,100000,1945,持分移轉,05560000
RPWQMLMKOHGGFBF48CB,力行段,18.79,都市：住,100000,2069,持分移轉,05560000
RPUQMLMKOHGGFBF28CB,力行段,18.79,都市：住,100000,2069,持分移轉,05560000
RPPRMLMKOHGGFBF87CB,力行段,18.79,都市：住,100000,2069,持分移轉,05560000
RPVQMLMKOHGGFBF38CB,力行段,18.79,都市：住,100000,2069,持分移轉,05560000
RPORMLMKOHGGFBF77CB,力行段,18.79,都市：住,100000,2069,持分移轉,05560000
RPQRMLMKOHGGFBF97CB,力行段,19.29,都市：住,100000,2124,持分移轉,05560000
RPXQMLMKOHGGFBF58CB,力行段,18.79,都市：住,100000,2069,持分移轉,05560000
RPSRMLMKOHGGFBF18CB,力行段,18.79,都市：住,100000,2069,持分移轉,05560000
RPRRMLMKOHGGFBF08CB,力行段,18.79,都市：住,100000,2069,持分移轉,05560000
RPVRMLMKOHGGFBF48CB,力行段,23.71,都市：住,100000,2611,持分移轉,05560000
RPTPMLNKOHGGFAF08CB,民族段,18.09,都市：住,100000,420,持分移轉,13720000
RPXPMLNKOHGGFAF48CB,民族段,20.85,都市：住,100000,484,持分移轉,13720000
RPPNMLNKOHGGFHF18CB,保生段,3.19,都市：住,100000,4216,持分移轉,05490000
RPPNMLNKOHGGFHF18CB,保生段,5.24,都市：住,100000,4216,持分移轉,05470000
RPPNMLNKOHGGFHF18CB,保生段,7.28,都市：住,100000,4216,持分移轉,05480000
RPVPMLNKOHGGFAF28CB,民族段,18.09,都市：住,100000,420,持分移轉,13720000
RPQNMLNKOHGGFHF28CB,保生段,3.19,都市：住,100000,4216,持分移轉,05490000
RPQNMLNKOHGGFHF28CB,保生段,5.24,都市：住,100000,4216,持分移轉,05470000
RPQNMLNKOHGGFHF28CB,保生段,7.28,都市：住,100000,4216,持分移轉,05480000
RPRNMLNKOHGGFHF38CB,保生段,3.19,都市：住,100000,4216,持分移轉,05490000
RPRNMLNKOHGGFHF38CB,保生段,5.24,都市：住,100000,4216,持分移轉,05470000
RPRNMLNKOHGGFHF38CB,保生段,7.28,都市：住,100000,4216,持分移轉,05480000
RPSNMLNKOHGGFHF48CB,保生段,3.19,都市：住,100000,4216,持分移轉,05490000
RPSNMLNKOHGGFHF48CB,保生段,5.24,都市：住,100000,4216,持分移轉,05470000
RPSNMLNKOHGGFHF48CB,保生段,7.28,都市：住,100000,4216,持分移轉,05480000
RPTNMLNKOHGGFHF58CB,保生段,3.15,都市：住,100000,4160,持分移轉,05490000
RPTNMLNKOHGGFHF58CB,保生段,5.17,都市：住,100000,4160,持分移轉,05470000
RPTNMLNKOHGGFHF58CB,保生段,7.18,都市：住,100000,4160,持分移轉,05480000
RPVNMLNKOHGGFHF78CB,保生段,3.15,都市：住,100000,4160,持分移轉,05490000
RPVNMLNKOHGGFHF78CB,保生段,5.17,都市：住,100000,4160,持分移轉,05470000
RPVNMLNKOHGGFHF78CB,保生段,7.18,都市：住,100000,4160,持分移轉,05480000
RPUNMLNKOHGGFHF68CB,保生段,3.15,都市：住,100000,4160,持分移轉,05490000
RPUNMLNKOHGGFHF68CB,保生段,5.17,都市：住,100000,4160,持分移轉,05470000
RPUNMLNKOHGGFHF68CB,保生段,7.18,都市：住,100000,4160,持分移轉,05480000
RPWNMLNKOHGGFHF88CB,保生段,3.15,都市：住,100000,4160,持分移轉,05490000
RPWNMLNKOHGGFHF88CB,保生段,5.17,都市：住,100000,4160,持分移轉,05470000
RPWNMLNKOHGGFHF88CB,保生段,7.18,都市：住,100000,4160,持分移轉,05480000
RPXNMLNKOHGGFHF98CB,保生段,3.15,都市：住,100000,4160,持分移轉,05490000
RPXNMLNKOHGGFHF98CB,保生段,5.17,都市：住,100000,4160,持分移轉,05470000
RPXNMLNKOHGGFHF98CB,保生段,7.18,都市：住,100000,4160,持分移轉,05480000
RPPOMLNKOHGGFHF28CB,保生段,3.15,都市：住,100000,4160,持分移轉,05490000
RPPOMLNKOHGGFHF28CB,保生段,5.17,都市：住,100000,4160,持分移轉,05470000
RPPOMLNKOHGGFHF28CB,保生段,7.18,都市：住,100000,4160,持分移轉,05480000
RPQOMLNKOHGGFHF38CB,保生段,3.12,都市：住,100000,4130,持分移轉,05490000
RPQOMLNKOHGGFHF38CB,保生段,5.13,都市：住,100000,4130,持分移轉,05470000
RPQOMLNKOHGGFHF38CB,保生段,7.13,都市：住,100000,4130,持分移轉,05480000
RPSOMLNKOHGGFHF58CB,保生段,3.12,都市：住,100000,4130,持分移轉,05490000
RPSOMLNKOHGGFHF58CB,保生段,5.13,都市：住,100000,4130,持分移轉,05470000
RPSOMLNKOHGGFHF58CB,保生段,7.13,都市：住,100000,4130,持分移轉,05480000
RPOOMLNKOHGGFHF18CB,保生段,3.15,都市：住,100000,4160,持分移轉,05490000
RPOOMLNKOHGGFHF18CB,保生段,5.17,都市：住,100000,4160,持分移轉,05470000
RPOOMLNKOHGGFHF18CB,保生段,7.18,都市：住,100000,4160,持分移轉,05480000
RPROMLNKOHGGFHF48CB,保生段,3.12,都市：住,100000,4130,持分移轉,05490000
RPROMLNKOHGGFHF48CB,保生段,5.13,都市：住,100000,4130,持分移轉,05470000
RPROMLNKOHGGFHF48CB,保生段,7.13,都市：住,100000,4130,持分移轉,05480000
RPTOMLNKOHGGFHF68CB,保生段,3.12,都市：住,100000,4130,持分移轉,05490000
RPTOMLNKOHGGFHF68CB,保生段,5.13,都市：住,100000,4130,持分移轉,05470000
RPTOMLNKOHGGFHF68CB,保生段,7.13,都市：住,100000,4130,持分移轉,05480000
RPUOMLNKOHGGFHF78CB,保生段,3.12,都市：住,100000,4130,持分移轉,05490000
RPUOMLNKOHGGFHF78CB,保生段,5.13,都市：住,100000,4130,持分移轉,05470000
RPUOMLNKOHGGFHF78CB,保生段,7.13,都市：住,100000,4130,持分移轉,05480000
RPWOMLNKOHGGFHF98CB,保生段,3.12,都市：住,100000,4130,持分移轉,05490000
RPWOMLNKOHGGFHF98CB,保生段,5.13,都市：住,100000,4130,持分移轉,05470000
RPWOMLNKOHGGFHF98CB,保生段,7.13,都市：住,100000,4130,持分移轉,05480000
RPVOMLNKOHGGFHF88CB,保生段,3.12,都市：住,100000,4130,持分移轉,05490000
RPVOMLNKOHGGFHF88CB,保生段,5.13,都市：住,100000,4130,持分移轉,05470000
RPVOMLNKOHGGFHF88CB,保生段,7.13,都市：住,100000,4130,持分移轉,05480000
RPPNMLOKOHGGFBF67CB,立言段,13.31,都市：住,10000,97,持分移轉,00100000
RPXOMLNKOHGGFHF09CB,保生段,3.09,都市：住,100000,4082,持分移轉,05490000
RPXOMLNKOHGGFHF09CB,保生段,5.07,都市：住,100000,4082,持分移轉,05470000
RPXOMLNKOHGGFHF09CB,保生段,7.05,都市：住,100000,4082,持分移轉,05480000
RPQNMLOKOHGGFBF77CB,立言段,13.45,都市：住,10000,98,持分移轉,00100000
RPOPMLNKOHGGFHF28CB,保生段,3.19,都市：住,100000,4216,持分移轉,05490000
RPOPMLNKOHGGFHF28CB,保生段,5.24,都市：住,100000,4216,持分移轉,05470000
RPOPMLNKOHGGFHF28CB,保生段,7.28,都市：住,100000,4216,持分移轉,05480000
RPSNMLOKOHGGFBF97CB,立言段,13.45,都市：住,10000,98,持分移轉,00100000
RPRNMLOKOHGGFBF87CB,立言段,13.45,都市：住,10000,98,持分移轉,00100000
RPTNMLOKOHGGFBF08CB,立言段,13.45,都市：住,10000,98,持分移轉,00100000
RPUNMLOKOHGGFBF18CB,立言段,13.45,都市：住,10000,98,持分移轉,00100000
RPXNMLOKOHGGFBF48CB,立言段,13.45,都市：住,10000,98,持分移轉,00100000
RPOOMLOKOHGGFBF67CB,立言段,13.45,都市：住,10000,98,持分移轉,00100000
RPVNMLOKOHGGFBF28CB,立言段,13.45,都市：住,10000,98,持分移轉,00100000
RPSOMLOKOHGGFBF08CB,立言段,12.90,都市：住,10000,94,持分移轉,00100000
RPTOMLOKOHGGFBF18CB,立言段,13.04,都市：住,10000,95,持分移轉,00100000
RPUOMLOKOHGGFBF28CB,立言段,13.04,都市：住,10000,95,持分移轉,00100000
RPPOMLOKOHGGFBF77CB,立言段,13.45,都市：住,10000,98,持分移轉,00100000
RPQOMLOKOHGGFBF87CB,立言段,13.45,都市：住,10000,98,持分移轉,00100000
RPROMLOKOHGGFBF97CB,立言段,13.45,都市：住,10000,98,持分移轉,00100000
RPVOMLOKOHGGFBF38CB,立言段,13.04,都市：住,10000,95,持分移轉,00100000
RPWOMLOKOHGGFBF48CB,立言段,13.04,都市：住,10000,95,持分移轉,00100000
RPXOMLOKOHGGFBF58CB,立言段,13.04,都市：住,10000,95,持分移轉,00100000
RPOPMLOKOHGGFBF77CB,立言段,13.04,都市：住,10000,95,持分移轉,00100000
RPPPMLOKOHGGFBF87CB,立言段,13.04,都市：住,10000,95,持分移轉,00100000
RPQPMLOKOHGGFBF97CB,立言段,13.04,都市：住,10000,95,持分移轉,00100000
RPSPMLOKOHGGFBF18CB,立言段,13.04,都市：住,10000,95,持分移轉,00100000
RPRPMLOKOHGGFBF08CB,立言段,13.04,都市：住,10000,95,持分移轉,00100000
RPUPMLOKOHGGFBF38CB,立言段,13.04,都市：住,10000,95,持分移轉,00100000
RPTPMLOKOHGGFBF28CB,立言段,13.04,都市：住,10000,95,持分移轉,00100000
RPVPMLOKOHGGFBF48CB,立言段,9.47,都市：住,10000,69,持分移轉,00100000
RPWPMLOKOHGGFBF58CB,立言段,9.47,都市：住,10000,69,持分移轉,00100000
RPXPMLOKOHGGFBF68CB,立言段,9.47,都市：住,10000,69,持分移轉,00100000
RPQQMLOKOHGGFBF08CB,立言段,9.47,都市：住,10000,69,持分移轉,00100000
RPPQMLOKOHGGFBF97CB,立言段,9.47,都市：住,10000,69,持分移轉,00100000
RPSQMLOKOHGGFBF28CB,立言段,9.47,都市：住,10000,69,持分移轉,00100000
RPOQMLOKOHGGFBF87CB,立言段,9.47,都市：住,10000,69,持分移轉,00100000
RPTQMLOKOHGGFBF38CB,立言段,9.47,都市：住,10000,69,持分移轉,00100000
RPRQMLOKOHGGFBF18CB,立言段,9.47,都市：住,10000,69,持分移轉,00100000
RPVQMLOKOHGGFBF58CB,立言段,9.47,都市：住,10000,69,持分移轉,00100000
RPWQMLOKOHGGFBF68CB,立言段,9.47,都市：住,10000,69,持分移轉,00100000
RPXQMLOKOHGGFBF78CB,立言段,6.86,都市：住,10000,50,持分移轉,00100000
RPUQMLOKOHGGFBF48CB,立言段,9.47,都市：住,10000,69,持分移轉,00100000
RPORMLOKOHGGFBF97CB,立言段,6.86,都市：住,10000,50,持分移轉,00100000
RPQRMLOKOHGGFBF18CB,立言段,6.86,都市：住,10000,50,持分移轉,00100000
RPRRMLOKOHGGFBF28CB,立言段,6.86,都市：住,10000,50,持分移轉,00100000
RPTRMLOKOHGGFBF48CB,立言段,6.86,都市：住,10000,50,持分移轉,00100000
RPPRMLOKOHGGFBF08CB,立言段,6.86,都市：住,10000,50,持分移轉,00100000
RPSRMLOKOHGGFBF38CB,立言段,6.86,都市：住,10000,50,持分移轉,00100000
RPURMLOKOHGGFBF58CB,立言段,6.86,都市：住,10000,50,持分移轉,00100000
RPVRMLOKOHGGFBF68CB,立言段,6.86,都市：住,10000,50,持分移轉,00100000
RPOSMLOKOHGGFBF08CB,立言段,6.86,都市：住,10000,50,持分移轉,00100000
RPWRMLOKOHGGFBF78CB,立言段,6.86,都市：住,10000,50,持分移轉,00100000
RPRSMLOKOHGGFBF38CB,立言段,6.86,都市：住,10000,50,持分移轉,00100000
RPPSMLOKOHGGFBF18CB,立言段,6.86,都市：住,10000,50,持分移轉,00100000
RPSSMLOKOHGGFBF48CB,立言段,6.86,都市：住,10000,50,持分移轉,00100000
RPQSMLOKOHGGFBF28CB,立言段,6.86,都市：住,10000,50,持分移轉,00100000
RPTSMLOKOHGGFBF58CB,立言段,6.86,都市：住,10000,50,持分移轉,00100000
RPXRMLOKOHGGFBF88CB,立言段,6.86,都市：住,10000,50,持分移轉,00100000
RPUSMLOKOHGGFBF68CB,立言段,6.86,都市：住,10000,50,持分移轉,00100000
RPVSMLOKOHGGFBF78CB,立言段,6.86,都市：住,10000,50,持分移轉,00100000
RPWSMLOKOHGGFBF88CB,立言段,6.86,都市：住,10000,50,持分移轉,00100000
RPXSMLOKOHGGFBF98CB,立言段,6.86,都市：住,10000,50,持分移轉,00100000
RPOTMLOKOHGGFBF18CB,立言段,6.86,都市：住,10000,50,持分移轉,00100000
RPRTMLOKOHGGFBF48CB,立言段,10.43,都市：住,10000,76,持分移轉,00100000
RPQTMLOKOHGGFBF38CB,立言段,6.86,都市：住,10000,50,持分移轉,00100000
RPSTMLOKOHGGFBF58CB,立言段,10.43,都市：住,10000,76,持分移轉,00100000
RPPTMLOKOHGGFBF28CB,立言段,6.86,都市：住,10000,50,持分移轉,00100000
RPVTMLOKOHGGFBF88CB,立言段,10.43,都市：住,10000,76,持分移轉,00100000
RPTTMLOKOHGGFBF68CB,立言段,10.43,都市：住,10000,76,持分移轉,00100000
RPXTMLOKOHGGFBF09CB,立言段,10.43,都市：住,10000,76,持分移轉,00100000
RPWTMLOKOHGGFBF98CB,立言段,10.43,都市：住,10000,76,持分移轉,00100000
RPPUMLOKOHGGFBF38CB,立言段,10.43,都市：住,10000,76,持分移轉,00100000
RPOUMLOKOHGGFBF28CB,立言段,10.43,都市：住,10000,76,持分移轉,00100000
RPQUMLOKOHGGFBF48CB,立言段,10.43,都市：住,10000,76,持分移轉,00100000
RPRUMLOKOHGGFBF58CB,立言段,10.43,都市：住,10000,76,持分移轉,00100000
RPSUMLOKOHGGFBF68CB,立言段,10.43,都市：住,10000,76,持分移轉,00100000
RPTUMLOKOHGGFBF78CB,立言段,8.92,都市：住,10000,65,持分移轉,00100000
RPUUMLOKOHGGFBF88CB,立言段,8.92,都市：住,10000,65,持分移轉,00100000
RPXUMLOKOHGGFBF56CB,立言段,8.92,都市：住,10000,65,持分移轉,00100000
RPWUMLOKOHGGFBF09CB,立言段,8.92,都市：住,10000,65,持分移轉,00100000
RPOVMLOKOHGGFBF38CB,立言段,8.92,都市：住,10000,65,持分移轉,00100000
RPVUMLOKOHGGFBF98CB,立言段,8.92,都市：住,10000,65,持分移轉,00100000
RPPVMLOKOHGGFBF48CB,立言段,8.92,都市：住,10000,65,持分移轉,00100000
RPQVMLOKOHGGFBF58CB,立言段,8.92,都市：住,10000,65,持分移轉,00100000
RPRVMLOKOHGGFBF68CB,立言段,8.92,都市：住,10000,65,持分移轉,00100000
RPSVMLOKOHGGFBF78CB,立言段,8.92,都市：住,10000,65,持分移轉,00100000
RPTVMLOKOHGGFBF88CB,立言段,8.92,都市：住,10000,65,持分移轉,00100000
RPUVMLOKOHGGFBF98CB,立言段,8.92,都市：住,10000,65,持分移轉,00100000
RPXVMLOKOHGGFBF66CB,立言段,8.92,都市：住,10000,65,持分移轉,00100000
RPWVMLOKOHGGFBF56CB,立言段,8.92,都市：住,10000,65,持分移轉,00100000
RPVVMLOKOHGGFBF09CB,立言段,8.92,都市：住,10000,65,持分移轉,00100000
RPPWMLOKOHGGFBF58CB,立言段,8.92,都市：住,10000,65,持分移轉,00100000
RPOWMLOKOHGGFBF48CB,立言段,8.92,都市：住,10000,65,持分移轉,00100000
RPQWMLOKOHGGFBF68CB,立言段,8.92,都市：住,10000,65,持分移轉,00100000
RPRWMLOKOHGGFBF78CB,立言段,8.92,都市：住,10000,65,持分移轉,00100000
RPSWMLOKOHGGFBF88CB,立言段,8.92,都市：住,10000,65,持分移轉,00100000
RPTWMLOKOHGGFBF98CB,立言段,8.92,都市：住,10000,65,持分移轉,00100000
RPUWMLOKOHGGFBF09CB,立言段,8.92,都市：住,10000,65,持分移轉,00100000
RPVWMLOKOHGGFBF56CB,立言段,8.92,都市：住,10000,65,持分移轉,00100000
RPWWMLOKOHGGFBF66CB,立言段,8.92,都市：住,10000,65,持分移轉,00100000
RPXWMLOKOHGGFBF76CB,立言段,10.98,都市：住,10000,80,持分移轉,00100000
RPONNLOKOHGGFBF67CB,立言段,10.98,都市：住,10000,80,持分移轉,00100000
RPQNNLOKOHGGFBF87CB,立言段,10.98,都市：住,10000,80,持分移轉,00100000
RPPNNLOKOHGGFBF77CB,立言段,10.98,都市：住,10000,80,持分移轉,00100000
RPRNNLOKOHGGFBF97CB,立言段,10.98,都市：住,10000,80,持分移轉,00100000
RPSNNLOKOHGGFBF08CB,立言段,10.98,都市：住,10000,80,持分移轉,00100000
RPTNNLOKOHGGFBF18CB,立言段,11.12,都市：住,10000,81,持分移轉,00100000
RPUNNLOKOHGGFBF28CB,立言段,11.12,都市：住,10000,81,持分移轉,00100000
RPWNNLOKOHGGFBF48CB,立言段,11.12,都市：住,10000,81,持分移轉,00100000
RPXNNLOKOHGGFBF58CB,立言段,8.51,都市：住,10000,62,持分移轉,00100000
RPVNNLOKOHGGFBF38CB,立言段,11.12,都市：住,10000,81,持分移轉,00100000
RPRONLOKOHGGFBF08CB,立言段,8.51,都市：住,10000,62,持分移轉,00100000
RPPONLOKOHGGFBF87CB,立言段,8.51,都市：住,10000,62,持分移轉,00100000
RPQONLOKOHGGFBF97CB,立言段,8.51,都市：住,10000,62,持分移轉,00100000
RPOONLOKOHGGFBF77CB,立言段,8.51,都市：住,10000,62,持分移轉,00100000
RPSONLOKOHGGFBF18CB,立言段,8.51,都市：住,10000,62,持分移轉,00100000
RPTONLOKOHGGFBF28CB,立言段,8.51,都市：住,10000,62,持分移轉,00100000
RPUONLOKOHGGFBF38CB,立言段,8.51,都市：住,10000,62,持分移轉,00100000
RPWONLOKOHGGFBF58CB,立言段,8.51,都市：住,10000,62,持分移轉,00100000
RPOPNLOKOHGGFBF87CB,立言段,8.51,都市：住,10000,62,持分移轉,00100000
RPXONLOKOHGGFBF68CB,立言段,8.51,都市：住,10000,62,持分移轉,00100000
RPXQMLPKOHGGFBF88CB,力行段,15.40,都市：商,100000,755,持分移轉,00840000
RPVONLOKOHGGFBF48CB,立言段,8.51,都市：住,10000,62,持分移轉,00100000
RPPPNLOKOHGGFBF97CB,立言段,11.12,都市：住,10000,81,持分移轉,00100000
RPPRMLPKOHGGFBF18CB,力行段,15.38,都市：商,100000,754,持分移轉,00840000
RPQRMLPKOHGGFBF28CB,力行段,11.06,都市：商,100000,542,持分移轉,00840000
RPRRMLPKOHGGFBF38CB,力行段,11.01,都市：商,100000,540,持分移轉,00840000
RPTRMLPKOHGGFBF58CB,力行段,15.38,都市：商,100000,754,持分移轉,00840000
RPQOMLPKOHGGFAF87CB,民族段,18.91,都市：住,100000,439,持分移轉,13720000
RPUOMLPKOHGGFAF28CB,民族段,17.62,都市：住,100000,409,持分移轉,13720000
RPVOMLPKOHGGFAF38CB,民族段,19.00,都市：住,100000,441,持分移轉,13720000
RPWOMLPKOHGGFAF48CB,民族段,19.00,都市：住,100000,441,持分移轉,13720000
RPQPMLPKOHGGFAF97CB,明德段,23.99,都市：住,100000,1207,持分移轉,02190000
RPPSMLPKOHGGFBF28CB,力行段,13.65,都市：商,100000,669,持分移轉,00840000
RPOSMLPKOHGGFBF18CB,力行段,14.42,都市：商,100000,707,持分移轉,00840000
RPRSMLPKOHGGFBF48CB,力行段,13.65,都市：商,100000,669,持分移轉,00840000
RPRPMLPKOHGGFAF08CB,明德段,15.04,都市：住,100000,757,持分移轉,02190000
RPTPMLPKOHGGFAF28CB,明德段,15.04,都市：住,100000,757,持分移轉,02190000
RPVPMLPKOHGGFAF48CB,明德段,22.40,都市：住,100000,1127,持分移轉,02190000
RPUPMLPKOHGGFAF38CB,明德段,15.04,都市：住,100000,757,持分移轉,02190000
RPWPMLPKOHGGFAF58CB,明德段,15.04,都市：住,100000,757,持分移轉,02190000
RPOQMLPKOHGGFAF87CB,明德段,15.04,都市：住,100000,757,持分移轉,02190000
RPXPMLPKOHGGFAF68CB,明德段,23.99,都市：住,100000,1207,持分移轉,02190000
RPPQMLPKOHGGFAF97CB,明德段,15.98,都市：住,100000,804,持分移轉,02190000
RPRQMLPKOHGGFAF18CB,明德段,24.13,都市：住,100000,1214,持分移轉,02190000
RPQQMLPKOHGGFAF08CB,明德段,15.04,都市：住,100000,757,持分移轉,02190000
RPSQMLPKOHGGFAF28CB,明德段,15.04,都市：住,100000,757,持分移轉,02190000
RPTQMLPKOHGGFAF38CB,明德段,15.98,都市：住,100000,804,持分移轉,02190000
RPUQMLPKOHGGFAF48CB,明德段,24.13,都市：住,100000,1214,持分移轉,02190000
RPVQMLPKOHGGFAF58CB,明德段,22.40,都市：住,100000,1127,持分移轉,02190000
RPXQMLPKOHGGFAF78CB,明德段,23.99,都市：住,100000,1207,持分移轉,02190000
RPWQMLPKOHGGFAF68CB,明德段,15.04,都市：住,100000,757,持分移轉,02190000
RPORMLPKOHGGFAF97CB,明德段,22.40,都市：住,100000,1127,持分移轉,02190000
RPPRMLPKOHGGFAF08CB,明德段,22.40,都市：住,100000,1127,持分移轉,02190000
RPQRMLPKOHGGFAF18CB,明德段,15.98,都市：住,100000,804,持分移轉,02190000
RPSRMLPKOHGGFAF38CB,明德段,15.98,都市：住,100000,804,持分移轉,02190000
RPRRMLPKOHGGFAF28CB,明德段,22.40,都市：住,100000,1127,持分移轉,02190000
RPTRMLPKOHGGFAF48CB,明德段,22.40,都市：住,100000,1127,持分移轉,02190000
RPURMLPKOHGGFAF58CB,明德段,24.13,都市：住,100000,1214,持分移轉,02190000
RPWRMLPKOHGGFAF78CB,明德段,15.04,都市：住,100000,757,持分移轉,02190000
RPOSMLPKOHGGFAF08CB,明德段,22.40,都市：住,100000,1127,持分移轉,02190000
RPXRMLPKOHGGFAF88CB,明德段,22.40,都市：住,100000,1127,持分移轉,02190000
RPPSMLPKOHGGFAF18CB,明德段,15.04,都市：住,100000,757,持分移轉,02190000
RPVRMLPKOHGGFAF68CB,明德段,15.98,都市：住,100000,804,持分移轉,02190000
RPQSMLPKOHGGFAF28CB,明德段,15.04,都市：住,100000,757,持分移轉,02190000
RPRSMLPKOHGGFAF38CB,明德段,15.04,都市：住,100000,757,持分移轉,02190000
RPSSMLPKOHGGFAF48CB,明德段,15.04,都市：住,100000,757,持分移轉,02190000
RPUSMLPKOHGGFAF68CB,明德段,23.99,都市：住,100000,1207,持分移轉,02190000
RPXSMLPKOHGGFAF98CB,明德段,15.04,都市：住,100000,757,持分移轉,02190000
RPVSMLPKOHGGFAF78CB,明德段,24.13,都市：住,100000,1214,持分移轉,02190000
RPTSMLPKOHGGFAF58CB,明德段,15.98,都市：住,100000,804,持分移轉,02190000
RPOTMLPKOHGGFAF18CB,明德段,24.13,都市：住,100000,1214,持分移轉,02190000
RPWSMLPKOHGGFAF88CB,明德段,22.40,都市：住,100000,1127,持分移轉,02190000
RPPTMLPKOHGGFAF28CB,明德段,15.04,都市：住,100000,757,持分移轉,02190000
RPQTMLPKOHGGFAF38CB,明德段,24.13,都市：住,100000,1214,持分移轉,02190000
RPSTMLPKOHGGFAF58CB,明德段,15.04,都市：住,100000,757,持分移轉,02190000
RPRTMLPKOHGGFAF48CB,明德段,22.40,都市：住,100000,1127,持分移轉,02190000
RPTTMLPKOHGGFAF68CB,明德段,22.40,都市：住,100000,1127,持分移轉,02190000
RPUTMLPKOHGGFAF78CB,明德段,22.40,都市：住,100000,1127,持分移轉,02190000
RPWTMLPKOHGGFAF98CB,明德段,15.04,都市：住,100000,757,持分移轉,02190000
RPXTMLPKOHGGFAF09CB,明德段,24.13,都市：住,100000,1214,持分移轉,02190000
RPOUMLPKOHGGFAF28CB,明德段,15.02,都市：住,100000,756,持分移轉,02190000
RPPUMLPKOHGGFAF38CB,明德段,22.40,都市：住,100000,1127,持分移轉,02190000
RPVTMLPKOHGGFAF88CB,明德段,15.04,都市：住,100000,757,持分移轉,02190000
RPQUMLPKOHGGFAF48CB,明德段,21.09,都市：住,100000,1061,持分移轉,02190000
RPSUMLPKOHGGFAF68CB,明德段,15.04,都市：住,100000,757,持分移轉,02190000
RPRUMLPKOHGGFAF58CB,明德段,20.71,都市：住,100000,1042,持分移轉,02190000
RPTUMLPKOHGGFAF78CB,明德段,15.04,都市：住,100000,757,持分移轉,02190000
RPWUMLPKOHGGFAF09CB,明德段,15.04,都市：住,100000,757,持分移轉,02190000
RPUUMLPKOHGGFAF88CB,明德段,22.40,都市：住,100000,1127,持分移轉,02190000
RPPVMLPKOHGGFAF48CB,明德段,22.40,都市：住,100000,1127,持分移轉,02190000
RPQVMLPKOHGGFAF58CB,明德段,23.99,都市：住,100000,1207,持分移轉,02190000
RPXUMLPKOHGGFAF56CB,明德段,22.40,都市：住,100000,1127,持分移轉,02190000
RPRVMLPKOHGGFAF68CB,明德段,15.98,都市：住,100000,804,持分移轉,02190000
RPSVMLPKOHGGFAF78CB,明德段,15.04,都市：住,100000,757,持分移轉,02190000
RPTVMLPKOHGGFAF88CB,明德段,22.40,都市：住,100000,1127,持分移轉,02190000
RPUVMLPKOHGGFAF98CB,明德段,22.40,都市：住,100000,1127,持分移轉,02190000
RPVVMLPKOHGGFAF09CB,明德段,22.40,都市：住,100000,1127,持分移轉,02190000
RPWVMLPKOHGGFAF56CB,明德段,15.98,都市：住,100000,804,持分移轉,02190000
RPXVMLPKOHGGFAF66CB,明德段,23.99,都市：住,100000,1207,持分移轉,02190000
RPOWMLPKOHGGFAF48CB,明德段,15.02,都市：住,100000,756,持分移轉,02190000
RPRWMLPKOHGGFAF78CB,明德段,15.04,都市：住,100000,757,持分移轉,02190000
RPPWMLPKOHGGFAF58CB,明德段,23.99,都市：住,100000,1207,持分移轉,02190000
RPSWMLPKOHGGFAF88CB,明德段,23.99,都市：住,100000,1207,持分移轉,02190000
RPTWMLPKOHGGFAF98CB,明德段,15.04,都市：住,100000,757,持分移轉,02190000
RPWWMLPKOHGGFAF66CB,明德段,23.99,都市：住,100000,1207,持分移轉,02190000
RPVWMLPKOHGGFAF56CB,明德段,22.40,都市：住,100000,1127,持分移轉,02190000
RPXWMLPKOHGGFAF76CB,明德段,23.99,都市：住,100000,1207,持分移轉,02190000
RPONNLPKOHGGFAF67CB,明德段,15.04,都市：住,100000,757,持分移轉,02190000
RPPNNLPKOHGGFAF77CB,明德段,24.13,都市：住,100000,1214,持分移轉,02190000
RPRNNLPKOHGGFAF97CB,明德段,22.40,都市：住,100000,1127,持分移轉,02190000
RPQNNLPKOHGGFAF87CB,明德段,23.99,都市：住,100000,1207,持分移轉,02190000
RPSNNLPKOHGGFAF08CB,明德段,15.04,都市：住,100000,757,持分移轉,02190000
RPQOMLPKOHGGFGF48CB,仁信段,13.14,都市：住,100000,1045,持分移轉,00810000
RPTNNLPKOHGGFAF18CB,明德段,24.13,都市：住,100000,1214,持分移轉,02190000
RPRPMLPKOHGGFGF68CB,仁信段,11.60,都市：住,100000,871,持分移轉,00850000
RPQPMLPKOHGGFGF58CB,仁信段,18.28,都市：住,100000,1372,持分移轉,00850000
RPSPMLPKOHGGFGF78CB,仁信段,17.02,都市：住,100000,1278,持分移轉,00850000
RPTPMLPKOHGGFGF88CB,仁信段,12.87,都市：住,100000,966,持分移轉,00850000
RPVPMLPKOHGGFGF09CB,仁信段,12.96,都市：住,100000,973,持分移轉,00850000
RPOQMLPKOHGGFGF48CB,仁信段,11.60,都市：住,100000,871,持分移轉,00850000
RPQQMLPKOHGGFGF68CB,仁信段,15.09,都市：住,100000,1133,持分移轉,00850000
RPSQMLPKOHGGFGF88CB,仁信段,11.47,都市：住,100000,861,持分移轉,00850000
RPTQMLPKOHGGFGF98CB,仁信段,17.82,都市：住,100000,1870,持分移轉,00050000
RPVQMLPKOHGGFGF56CB,仁信段,12.87,都市：住,100000,966,持分移轉,00850000
RPUQMLPKOHGGFGF09CB,仁信段,16.89,都市：住,100000,1268,持分移轉,00850000
RPXQMLPKOHGGFGF76CB,仁信段,18.28,都市：住,100000,1372,持分移轉,00850000
RPORMLPKOHGGFGF58CB,仁信段,11.60,都市：住,100000,871,持分移轉,00850000
RPQRMLPKOHGGFGF78CB,仁信段,16.89,都市：住,100000,1268,持分移轉,00850000
RPPQMLPKOHGGFGF58CB,仁信段,15.09,都市：住,100000,1133,持分移轉,00850000
RPTRMLPKOHGGFGF09CB,仁信段,18.28,都市：住,100000,1372,持分移轉,00850000
RPSRMLPKOHGGFGF98CB,仁信段,18.28,都市：住,100000,1372,持分移轉,00850000
RPVRMLPKOHGGFGF66CB,仁信段,15.09,都市：住,100000,1133,持分移轉,00850000
RPRRMLPKOHGGFGF88CB,仁信段,12.83,都市：住,100000,963,持分移轉,00850000
RPWRMLPKOHGGFGF76CB,仁信段,14.96,都市：住,100000,1123,持分移轉,00850000
RPXRMLPKOHGGFGF86CB,仁信段,18.28,都市：住,100000,1372,持分移轉,00850000
RPPSMLPKOHGGFGF78CB,仁信段,17.82,都市：住,100000,1870,持分移轉,00050000
RPTSMLPKOHGGFGF56CB,仁信段,16.89,都市：住,100000,1268,持分移轉,00850000
RPVSMLPKOHGGFGF76CB,仁信段,12.87,都市：住,100000,966,持分移轉,00850000
RPOTMLPKOHGGFGF78CB,仁信段,16.89,都市：住,100000,1268,持分移轉,00850000
RPWSMLPKOHGGFGF86CB,仁信段,12.83,都市：住,100000,963,持分移轉,00850000
RPPTMLPKOHGGFGF88CB,仁信段,18.28,都市：住,100000,1372,持分移轉,00850000
RPQTMLPKOHGGFGF98CB,仁信段,11.60,都市：住,100000,871,持分移轉,00850000
RPVTMLPKOHGGFGF86CB,仁信段,14.24,都市：住,100000,1494,持分移轉,00050000
RPSUMLPKOHGGFGF66CB,仁信段,13.47,都市：住,100000,1413,持分移轉,00050000
RPTUMLPKOHGGFGF76CB,仁信段,17.82,都市：住,100000,1870,持分移轉,00050000
RPSTMLPKOHGGFGF56CB,仁信段,14.96,都市：住,100000,1123,持分移轉,00850000
RPWUMLPKOHGGFGF07CB,仁信段,13.47,都市：住,100000,1413,持分移轉,00050000
RPXTMLPKOHGGFGF07CB,仁信段,17.73,都市：住,100000,1860,持分移轉,00050000
RPWVMLPKOHGGFGF17CB,仁信段,17.73,都市：住,100000,1860,持分移轉,00050000
RPUVMLPKOHGGFGF96CB,仁信段,17.82,都市：住,100000,1870,持分移轉,00050000
RPQWMLPKOHGGFGF66CB,仁信段,17.92,都市：住,100000,1880,持分移轉,00050000
RPUNMLQKOHGGFGF88CB,仁信段,17.82,都市：住,100000,1870,持分移轉,00050000
RPOWMLPKOHGGFGF09CB,仁信段,14.24,都市：住,100000,1494,持分移轉,00050000
RPVNMLQKOHGGFGF98CB,仁信段,13.37,都市：住,100000,1403,持分移轉,00050000
RPWNMLQKOHGGFGF09CB,仁信段,13.37,都市：住,100000,1403,持分移轉,00050000
RPUOMLQKOHGGFGF98CB,仁信段,14.14,都市：住,100000,1484,持分移轉,00050000
RPSOMLQKOHGGFGF78CB,仁信段,14.30,都市：住,100000,1500,持分移轉,00050000
RPXOMLQKOHGGFGF66CB,仁信段,17.73,都市：住,100000,1860,持分移轉,00050000
RPOPMLQKOHGGFGF48CB,仁信段,13.37,都市：住,100000,1403,持分移轉,00050000
RPQPMLQKOHGGFGF68CB,仁信段,17.73,都市：住,100000,1860,持分移轉,00050000
RPWPMLQKOHGGFGF66CB,仁信段,14.24,都市：住,100000,1494,持分移轉,00050000
RPUPMLQKOHGGFGF09CB,仁信段,15.06,都市：住,100000,1580,持分移轉,00050000
RPXPMLQKOHGGFGF76CB,仁信段,12.87,都市：住,100000,966,持分移轉,00850000
RPRQMLQKOHGGFGF88CB,仁信段,13.09,都市：住,100000,983,持分移轉,00850000
RPUQMLQKOHGGFGF56CB,仁信段,13.56,都市：住,100000,1423,持分移轉,00050000
RPXQMLQKOHGGFGF86CB,仁信段,18.60,都市：住,100000,2297,持分移轉,01110000
RPORMLQKOHGGFGF68CB,仁信段,15.96,都市：住,100000,1674,持分移轉,00050000
RPWQMLQKOHGGFGF76CB,仁信段,9.51,都市：住,100000,1175,持分移轉,01110000
RPRRMLQKOHGGFGF98CB,仁信段,16.10,都市：住,100000,1689,持分移轉,00050000
RPSRMLQKOHGGFGF09CB,仁信段,18.35,都市：住,100000,2267,持分移轉,01110000
RPURMLQKOHGGFGF66CB,仁信段,14.07,都市：住,100000,1738,持分移轉,01110000
RPTRMLQKOHGGFGF56CB,仁信段,16.45,都市：住,100000,2032,持分移轉,01110000
RPOSMLQKOHGGFGF78CB,仁信段,16.44,都市：住,100000,2030,持分移轉,01110000
RPXRMLQKOHGGFAF98CB,江翠段,3.01,都市：商,100000,988,持分移轉,00140000
RPXRMLQKOHGGFAF98CB,江翠段,2.70,都市：商,100000,988,持分移轉,00160000
RPXRMLQKOHGGFAF98CB,江翠段,.50,都市：商,100000,988,持分移轉,00270003
RPXRMLQKOHGGFAF98CB,江翠段,1.28,都市：商,100000,988,持分移轉,00270001
RPXRMLQKOHGGFAF98CB,江翠段,4.19,都市：商,100000,988,持分移轉,00150000
RPXRMLQKOHGGFAF98CB,江翠段,.62,都市：商,100000,988,持分移轉,00270002
RPXRMLQKOHGGFAF98CB,江翠段,3.93,都市：商,100000,988,持分移轉,00280000
RPXRMLQKOHGGFAF98CB,江翠段,3.43,都市：商,100000,988,持分移轉,00290000
RPXRMLQKOHGGFAF98CB,江翠段,2.30,都市：商,100000,988,持分移轉,00270000
RPPSMLQKOHGGFAF28CB,江翠段,3.01,都市：商,100000,986,持分移轉,00140000
RPPSMLQKOHGGFAF28CB,江翠段,2.70,都市：商,100000,986,持分移轉,00160000
RPPSMLQKOHGGFAF28CB,江翠段,.49,都市：商,100000,986,持分移轉,00270003
RPPSMLQKOHGGFAF28CB,江翠段,1.27,都市：商,100000,986,持分移轉,00270001
RPPSMLQKOHGGFAF28CB,江翠段,4.18,都市：商,100000,986,持分移轉,00150000
RPQSMLQKOHGGFAF38CB,江翠段,3.02,都市：商,100000,990,持分移轉,00140000
RPPSMLQKOHGGFAF28CB,江翠段,.61,都市：商,100000,986,持分移轉,00270002
RPQSMLQKOHGGFAF38CB,江翠段,2.71,都市：商,100000,990,持分移轉,00160000
RPPSMLQKOHGGFAF28CB,江翠段,3.92,都市：商,100000,986,持分移轉,00280000
RPQSMLQKOHGGFAF38CB,江翠段,.50,都市：商,100000,990,持分移轉,00270003
RPPSMLQKOHGGFAF28CB,江翠段,3.42,都市：商,100000,986,持分移轉,00290000
RPQSMLQKOHGGFAF38CB,江翠段,1.28,都市：商,100000,990,持分移轉,00270001
RPPSMLQKOHGGFAF28CB,江翠段,2.29,都市：商,100000,986,持分移轉,00270000
RPQSMLQKOHGGFAF38CB,江翠段,4.20,都市：商,100000,990,持分移轉,00150000
RPQSMLQKOHGGFAF38CB,江翠段,.62,都市：商,100000,990,持分移轉,00270002
RPQSMLQKOHGGFAF38CB,江翠段,3.94,都市：商,100000,990,持分移轉,00280000
RPQSMLQKOHGGFAF38CB,江翠段,3.43,都市：商,100000,990,持分移轉,00290000
RPQSMLQKOHGGFAF38CB,江翠段,2.30,都市：商,100000,990,持分移轉,00270000
RPRSMLQKOHGGFAF48CB,江翠段,3.01,都市：商,100000,989,持分移轉,00140000
RPRSMLQKOHGGFAF48CB,江翠段,2.71,都市：商,100000,989,持分移轉,00160000
RPRSMLQKOHGGFAF48CB,江翠段,.50,都市：商,100000,989,持分移轉,00270003
RPRSMLQKOHGGFAF48CB,江翠段,1.28,都市：商,100000,989,持分移轉,00270001
RPRSMLQKOHGGFAF48CB,江翠段,4.20,都市：商,100000,989,持分移轉,00150000
RPRSMLQKOHGGFAF48CB,江翠段,.62,都市：商,100000,989,持分移轉,00270002
RPRSMLQKOHGGFAF48CB,江翠段,3.93,都市：商,100000,989,持分移轉,00280000
RPRSMLQKOHGGFAF48CB,江翠段,3.43,都市：商,100000,989,持分移轉,00290000
RPRSMLQKOHGGFAF48CB,江翠段,2.30,都市：商,100000,989,持分移轉,00270000
RPSSMLQKOHGGFAF58CB,江翠段,3.02,都市：商,100000,990,持分移轉,00140000
RPSSMLQKOHGGFAF58CB,江翠段,2.71,都市：商,100000,990,持分移轉,00160000
RPSSMLQKOHGGFAF58CB,江翠段,.50,都市：商,100000,990,持分移轉,00270003
RPSSMLQKOHGGFAF58CB,江翠段,1.28,都市：商,100000,990,持分移轉,00270001
RPSSMLQKOHGGFAF58CB,江翠段,4.20,都市：商,100000,990,持分移轉,00150000
RPSSMLQKOHGGFAF58CB,江翠段,.62,都市：商,100000,990,持分移轉,00270002
RPSSMLQKOHGGFAF58CB,江翠段,3.94,都市：商,100000,990,持分移轉,00280000
RPSSMLQKOHGGFAF58CB,江翠段,3.43,都市：商,100000,990,持分移轉,00290000
RPSSMLQKOHGGFAF58CB,江翠段,2.30,都市：商,100000,990,持分移轉,00270000
RPUSMLQKOHGGFAF78CB,江翠段,2.56,都市：商,100000,841,持分移轉,00140000
RPUSMLQKOHGGFAF78CB,江翠段,2.30,都市：商,100000,841,持分移轉,00160000
RPUSMLQKOHGGFAF78CB,江翠段,.42,都市：商,100000,841,持分移轉,00270003
RPUSMLQKOHGGFAF78CB,江翠段,1.09,都市：商,100000,841,持分移轉,00270001
RPUSMLQKOHGGFAF78CB,江翠段,3.57,都市：商,100000,841,持分移轉,00150000
RPUSMLQKOHGGFAF78CB,江翠段,.52,都市：商,100000,841,持分移轉,00270002
RPUSMLQKOHGGFAF78CB,江翠段,3.35,都市：商,100000,841,持分移轉,00280000
RPUSMLQKOHGGFAF78CB,江翠段,2.92,都市：商,100000,841,持分移轉,00290000
RPUSMLQKOHGGFAF78CB,江翠段,1.95,都市：商,100000,841,持分移轉,00270000
RPWSMLQKOHGGFAF98CB,江翠段,2.56,都市：商,100000,840,持分移轉,00140000
RPWSMLQKOHGGFAF98CB,江翠段,2.30,都市：商,100000,840,持分移轉,00160000
RPWSMLQKOHGGFAF98CB,江翠段,.42,都市：商,100000,840,持分移轉,00270003
RPWSMLQKOHGGFAF98CB,江翠段,1.09,都市：商,100000,840,持分移轉,00270001
RPWSMLQKOHGGFAF98CB,江翠段,3.56,都市：商,100000,840,持分移轉,00150000
RPWSMLQKOHGGFAF98CB,江翠段,.52,都市：商,100000,840,持分移轉,00270002
RPWSMLQKOHGGFAF98CB,江翠段,3.34,都市：商,100000,840,持分移轉,00280000
RPWSMLQKOHGGFAF98CB,江翠段,2.91,都市：商,100000,840,持分移轉,00290000
RPWSMLQKOHGGFAF98CB,江翠段,1.95,都市：商,100000,840,持分移轉,00270000
RPOTMLQKOHGGFAF28CB,江翠段,2.56,都市：商,100000,841,持分移轉,00140000
RPOTMLQKOHGGFAF28CB,江翠段,2.30,都市：商,100000,841,持分移轉,00160000
RPOTMLQKOHGGFAF28CB,江翠段,.42,都市：商,100000,841,持分移轉,00270003
RPOTMLQKOHGGFAF28CB,江翠段,1.09,都市：商,100000,841,持分移轉,00270001
RPOTMLQKOHGGFAF28CB,江翠段,3.57,都市：商,100000,841,持分移轉,00150000
RPOTMLQKOHGGFAF28CB,江翠段,.52,都市：商,100000,841,持分移轉,00270002
RPOTMLQKOHGGFAF28CB,江翠段,3.35,都市：商,100000,841,持分移轉,00280000
RPOTMLQKOHGGFAF28CB,江翠段,2.92,都市：商,100000,841,持分移轉,00290000
RPOTMLQKOHGGFAF28CB,江翠段,1.95,都市：商,100000,841,持分移轉,00270000
RPQTMLQKOHGGFAF48CB,江翠段,2.56,都市：商,100000,841,持分移轉,00140000
RPQTMLQKOHGGFAF48CB,江翠段,2.30,都市：商,100000,841,持分移轉,00160000
RPQTMLQKOHGGFAF48CB,江翠段,.42,都市：商,100000,841,持分移轉,00270003
RPQTMLQKOHGGFAF48CB,江翠段,1.09,都市：商,100000,841,持分移轉,00270001
RPQTMLQKOHGGFAF48CB,江翠段,3.57,都市：商,100000,841,持分移轉,00150000
RPQTMLQKOHGGFAF48CB,江翠段,.52,都市：商,100000,841,持分移轉,00270002
RPQTMLQKOHGGFAF48CB,江翠段,3.35,都市：商,100000,841,持分移轉,00280000
RPQTMLQKOHGGFAF48CB,江翠段,2.92,都市：商,100000,841,持分移轉,00290000
RPQTMLQKOHGGFAF48CB,江翠段,1.95,都市：商,100000,841,持分移轉,00270000
RPRTMLQKOHGGFAF58CB,江翠段,2.56,都市：商,100000,840,持分移轉,00140000
RPRTMLQKOHGGFAF58CB,江翠段,2.30,都市：商,100000,840,持分移轉,00160000
RPRTMLQKOHGGFAF58CB,江翠段,.42,都市：商,100000,840,持分移轉,00270003
RPRTMLQKOHGGFAF58CB,江翠段,1.09,都市：商,100000,840,持分移轉,00270001
RPRTMLQKOHGGFAF58CB,江翠段,3.56,都市：商,100000,840,持分移轉,00150000
RPRTMLQKOHGGFAF58CB,江翠段,.52,都市：商,100000,840,持分移轉,00270002
RPRTMLQKOHGGFAF58CB,江翠段,3.34,都市：商,100000,840,持分移轉,00280000
RPRTMLQKOHGGFAF58CB,江翠段,2.91,都市：商,100000,840,持分移轉,00290000
RPRTMLQKOHGGFAF58CB,江翠段,1.95,都市：商,100000,840,持分移轉,00270000
RPSTMLQKOHGGFAF68CB,江翠段,3.60,都市：商,100000,1182,持分移轉,00140000
RPSTMLQKOHGGFAF68CB,江翠段,3.23,都市：商,100000,1182,持分移轉,00160000
RPSTMLQKOHGGFAF68CB,江翠段,.59,都市：商,100000,1182,持分移轉,00270003
RPSTMLQKOHGGFAF68CB,江翠段,1.53,都市：商,100000,1182,持分移轉,00270001
RPSTMLQKOHGGFAF68CB,江翠段,5.01,都市：商,100000,1182,持分移轉,00150000
RPUTMLQKOHGGFAF88CB,江翠段,3.61,都市：商,100000,1183,持分移轉,00140000
RPSTMLQKOHGGFAF68CB,江翠段,.74,都市：商,100000,1182,持分移轉,00270002
RPUTMLQKOHGGFAF88CB,江翠段,3.24,都市：商,100000,1183,持分移轉,00160000
RPSTMLQKOHGGFAF68CB,江翠段,4.70,都市：商,100000,1182,持分移轉,00280000
RPUTMLQKOHGGFAF88CB,江翠段,.59,都市：商,100000,1183,持分移轉,00270003
RPSTMLQKOHGGFAF68CB,江翠段,4.10,都市：商,100000,1182,持分移轉,00290000
RPUTMLQKOHGGFAF88CB,江翠段,1.53,都市：商,100000,1183,持分移轉,00270001
RPSTMLQKOHGGFAF68CB,江翠段,2.75,都市：商,100000,1182,持分移轉,00270000
RPUTMLQKOHGGFAF88CB,江翠段,5.02,都市：商,100000,1183,持分移轉,00150000
RPUTMLQKOHGGFAF88CB,江翠段,.74,都市：商,100000,1183,持分移轉,00270002
RPUTMLQKOHGGFAF88CB,江翠段,4.71,都市：商,100000,1183,持分移轉,00280000
RPUTMLQKOHGGFAF88CB,江翠段,4.10,都市：商,100000,1183,持分移轉,00290000
RPUTMLQKOHGGFAF88CB,江翠段,2.75,都市：商,100000,1183,持分移轉,00270000
RPVTMLQKOHGGFAF98CB,江翠段,3.60,都市：商,100000,1182,持分移轉,00140000
RPVTMLQKOHGGFAF98CB,江翠段,3.23,都市：商,100000,1182,持分移轉,00160000
RPVTMLQKOHGGFAF98CB,江翠段,.59,都市：商,100000,1182,持分移轉,00270003
RPVTMLQKOHGGFAF98CB,江翠段,1.53,都市：商,100000,1182,持分移轉,00270001
RPVTMLQKOHGGFAF98CB,江翠段,5.01,都市：商,100000,1182,持分移轉,00150000
RPVTMLQKOHGGFAF98CB,江翠段,.74,都市：商,100000,1182,持分移轉,00270002
RPVTMLQKOHGGFAF98CB,江翠段,4.70,都市：商,100000,1182,持分移轉,00280000
RPVTMLQKOHGGFAF98CB,江翠段,4.10,都市：商,100000,1182,持分移轉,00290000
RPVTMLQKOHGGFAF98CB,江翠段,2.75,都市：商,100000,1182,持分移轉,00270000
RPWTMLQKOHGGFAF09CB,江翠段,3.61,都市：商,100000,1183,持分移轉,00140000
RPWTMLQKOHGGFAF09CB,江翠段,3.24,都市：商,100000,1183,持分移轉,00160000
RPWTMLQKOHGGFAF09CB,江翠段,.59,都市：商,100000,1183,持分移轉,00270003
RPWTMLQKOHGGFAF09CB,江翠段,1.53,都市：商,100000,1183,持分移轉,00270001
RPWTMLQKOHGGFAF09CB,江翠段,5.02,都市：商,100000,1183,持分移轉,00150000
RPWTMLQKOHGGFAF09CB,江翠段,.74,都市：商,100000,1183,持分移轉,00270002
RPWTMLQKOHGGFAF09CB,江翠段,4.71,都市：商,100000,1183,持分移轉,00280000
RPWTMLQKOHGGFAF09CB,江翠段,4.10,都市：商,100000,1183,持分移轉,00290000
RPWTMLQKOHGGFAF09CB,江翠段,2.75,都市：商,100000,1183,持分移轉,00270000
RPOUMLQKOHGGFAF38CB,江翠段,3.61,都市：商,100000,1183,持分移轉,00140000
RPOUMLQKOHGGFAF38CB,江翠段,3.24,都市：商,100000,1183,持分移轉,00160000
RPOUMLQKOHGGFAF38CB,江翠段,.59,都市：商,100000,1183,持分移轉,00270003
RPOUMLQKOHGGFAF38CB,江翠段,1.53,都市：商,100000,1183,持分移轉,00270001
RPOUMLQKOHGGFAF38CB,江翠段,5.02,都市：商,100000,1183,持分移轉,00150000
RPOUMLQKOHGGFAF38CB,江翠段,.74,都市：商,100000,1183,持分移轉,00270002
RPOUMLQKOHGGFAF38CB,江翠段,4.71,都市：商,100000,1183,持分移轉,00280000
RPOUMLQKOHGGFAF38CB,江翠段,4.10,都市：商,100000,1183,持分移轉,00290000
RPOUMLQKOHGGFAF38CB,江翠段,2.75,都市：商,100000,1183,持分移轉,00270000
RPXTMLQKOHGGFAF56CB,江翠段,3.61,都市：商,100000,1183,持分移轉,00140000
RPXTMLQKOHGGFAF56CB,江翠段,3.24,都市：商,100000,1183,持分移轉,00160000
RPXTMLQKOHGGFAF56CB,江翠段,.59,都市：商,100000,1183,持分移轉,00270003
RPXTMLQKOHGGFAF56CB,江翠段,1.53,都市：商,100000,1183,持分移轉,00270001
RPXTMLQKOHGGFAF56CB,江翠段,5.02,都市：商,100000,1183,持分移轉,00150000
RPXTMLQKOHGGFAF56CB,江翠段,.74,都市：商,100000,1183,持分移轉,00270002
RPXTMLQKOHGGFAF56CB,江翠段,4.71,都市：商,100000,1183,持分移轉,00280000
RPXTMLQKOHGGFAF56CB,江翠段,4.10,都市：商,100000,1183,持分移轉,00290000
RPXTMLQKOHGGFAF56CB,江翠段,2.75,都市：商,100000,1183,持分移轉,00270000
RPQNMLRKOHGGFAF97CB,江翠段,3.61,都市：商,100000,1183,持分移轉,00140000
RPQUMLQKOHGGFAF58CB,江翠段,3.61,都市：商,100000,1183,持分移轉,00140000
RPQNMLRKOHGGFAF97CB,江翠段,3.24,都市：商,100000,1183,持分移轉,00160000
RPQUMLQKOHGGFAF58CB,江翠段,3.24,都市：商,100000,1183,持分移轉,00160000
RPQNMLRKOHGGFAF97CB,江翠段,.59,都市：商,100000,1183,持分移轉,00270003
RPQNMLRKOHGGFAF97CB,江翠段,1.53,都市：商,100000,1183,持分移轉,00270001
RPQUMLQKOHGGFAF58CB,江翠段,.59,都市：商,100000,1183,持分移轉,00270003
RPQNMLRKOHGGFAF97CB,江翠段,5.02,都市：商,100000,1183,持分移轉,00150000
RPQNMLRKOHGGFAF97CB,江翠段,.74,都市：商,100000,1183,持分移轉,00270002
RPQUMLQKOHGGFAF58CB,江翠段,1.53,都市：商,100000,1183,持分移轉,00270001
RPQNMLRKOHGGFAF97CB,江翠段,4.71,都市：商,100000,1183,持分移轉,00280000
RPQUMLQKOHGGFAF58CB,江翠段,5.02,都市：商,100000,1183,持分移轉,00150000
RPQNMLRKOHGGFAF97CB,江翠段,4.10,都市：商,100000,1183,持分移轉,00290000
RPQNMLRKOHGGFAF97CB,江翠段,2.75,都市：商,100000,1183,持分移轉,00270000
RPQUMLQKOHGGFAF58CB,江翠段,.74,都市：商,100000,1183,持分移轉,00270002
RPQUMLQKOHGGFAF58CB,江翠段,4.71,都市：商,100000,1183,持分移轉,00280000
RPQUMLQKOHGGFAF58CB,江翠段,4.10,都市：商,100000,1183,持分移轉,00290000
RPQUMLQKOHGGFAF58CB,江翠段,2.75,都市：商,100000,1183,持分移轉,00270000
RPSNMLRKOHGGFAF18CB,江翠段,3.61,都市：商,100000,1183,持分移轉,00140000
RPSNMLRKOHGGFAF18CB,江翠段,3.24,都市：商,100000,1183,持分移轉,00160000
RPSNMLRKOHGGFAF18CB,江翠段,.59,都市：商,100000,1183,持分移轉,00270003
RPSNMLRKOHGGFAF18CB,江翠段,1.53,都市：商,100000,1183,持分移轉,00270001
RPSNMLRKOHGGFAF18CB,江翠段,5.02,都市：商,100000,1183,持分移轉,00150000
RPSNMLRKOHGGFAF18CB,江翠段,.74,都市：商,100000,1183,持分移轉,00270002
RPSNMLRKOHGGFAF18CB,江翠段,4.71,都市：商,100000,1183,持分移轉,00280000
RPSNMLRKOHGGFAF18CB,江翠段,4.10,都市：商,100000,1183,持分移轉,00290000
RPSNMLRKOHGGFAF18CB,江翠段,2.75,都市：商,100000,1183,持分移轉,00270000
RPTNMLRKOHGGFAF28CB,江翠段,3.60,都市：商,100000,1182,持分移轉,00140000
RPTNMLRKOHGGFAF28CB,江翠段,3.23,都市：商,100000,1182,持分移轉,00160000
RPTNMLRKOHGGFAF28CB,江翠段,.59,都市：商,100000,1182,持分移轉,00270003
RPTNMLRKOHGGFAF28CB,江翠段,1.53,都市：商,100000,1182,持分移轉,00270001
RPTNMLRKOHGGFAF28CB,江翠段,5.01,都市：商,100000,1182,持分移轉,00150000
RPTNMLRKOHGGFAF28CB,江翠段,.74,都市：商,100000,1182,持分移轉,00270002
RPTNMLRKOHGGFAF28CB,江翠段,4.70,都市：商,100000,1182,持分移轉,00280000
RPTNMLRKOHGGFAF28CB,江翠段,4.10,都市：商,100000,1182,持分移轉,00290000
RPTNMLRKOHGGFAF28CB,江翠段,2.75,都市：商,100000,1182,持分移轉,00270000
RPVNMLRKOHGGFAF48CB,江翠段,3.60,都市：商,100000,1182,持分移轉,00140000
RPVNMLRKOHGGFAF48CB,江翠段,3.23,都市：商,100000,1182,持分移轉,00160000
RPVNMLRKOHGGFAF48CB,江翠段,.59,都市：商,100000,1182,持分移轉,00270003
RPVNMLRKOHGGFAF48CB,江翠段,1.53,都市：商,100000,1182,持分移轉,00270001
RPVNMLRKOHGGFAF48CB,江翠段,5.01,都市：商,100000,1182,持分移轉,00150000
RPVNMLRKOHGGFAF48CB,江翠段,.74,都市：商,100000,1182,持分移轉,00270002
RPVNMLRKOHGGFAF48CB,江翠段,4.70,都市：商,100000,1182,持分移轉,00280000
RPVNMLRKOHGGFAF48CB,江翠段,4.10,都市：商,100000,1182,持分移轉,00290000
RPVNMLRKOHGGFAF48CB,江翠段,2.75,都市：商,100000,1182,持分移轉,00270000
RPUNMLRKOHGGFAF38CB,江翠段,3.61,都市：商,100000,1183,持分移轉,00140000
RPUNMLRKOHGGFAF38CB,江翠段,3.24,都市：商,100000,1183,持分移轉,00160000
RPUNMLRKOHGGFAF38CB,江翠段,.59,都市：商,100000,1183,持分移轉,00270003
RPUNMLRKOHGGFAF38CB,江翠段,1.53,都市：商,100000,1183,持分移轉,00270001
RPUNMLRKOHGGFAF38CB,江翠段,5.02,都市：商,100000,1183,持分移轉,00150000
RPUNMLRKOHGGFAF38CB,江翠段,.74,都市：商,100000,1183,持分移轉,00270002
RPUNMLRKOHGGFAF38CB,江翠段,4.71,都市：商,100000,1183,持分移轉,00280000
RPUNMLRKOHGGFAF38CB,江翠段,4.10,都市：商,100000,1183,持分移轉,00290000
RPUNMLRKOHGGFAF38CB,江翠段,2.75,都市：商,100000,1183,持分移轉,00270000
RPWNMLRKOHGGFAF58CB,江翠段,3.60,都市：商,100000,1182,持分移轉,00140000
RPWNMLRKOHGGFAF58CB,江翠段,3.23,都市：商,100000,1182,持分移轉,00160000
RPWNMLRKOHGGFAF58CB,江翠段,.59,都市：商,100000,1182,持分移轉,00270003
RPWNMLRKOHGGFAF58CB,江翠段,1.53,都市：商,100000,1182,持分移轉,00270001
RPWNMLRKOHGGFAF58CB,江翠段,5.01,都市：商,100000,1182,持分移轉,00150000
RPXNMLRKOHGGFAF68CB,江翠段,3.61,都市：商,100000,1183,持分移轉,00140000
RPWNMLRKOHGGFAF58CB,江翠段,.74,都市：商,100000,1182,持分移轉,00270002
RPXNMLRKOHGGFAF68CB,江翠段,3.24,都市：商,100000,1183,持分移轉,00160000
RPWNMLRKOHGGFAF58CB,江翠段,4.70,都市：商,100000,1182,持分移轉,00280000
RPXNMLRKOHGGFAF68CB,江翠段,.59,都市：商,100000,1183,持分移轉,00270003
RPWNMLRKOHGGFAF58CB,江翠段,4.10,都市：商,100000,1182,持分移轉,00290000
RPXNMLRKOHGGFAF68CB,江翠段,1.53,都市：商,100000,1183,持分移轉,00270001
RPWNMLRKOHGGFAF58CB,江翠段,2.75,都市：商,100000,1182,持分移轉,00270000
RPXNMLRKOHGGFAF68CB,江翠段,5.02,都市：商,100000,1183,持分移轉,00150000
RPXNMLRKOHGGFAF68CB,江翠段,.74,都市：商,100000,1183,持分移轉,00270002
RPXNMLRKOHGGFAF68CB,江翠段,4.71,都市：商,100000,1183,持分移轉,00280000
RPXNMLRKOHGGFAF68CB,江翠段,4.10,都市：商,100000,1183,持分移轉,00290000
RPXNMLRKOHGGFAF68CB,江翠段,2.75,都市：商,100000,1183,持分移轉,00270000
RPPOMLRKOHGGFAF97CB,江翠段,3.60,都市：商,100000,1182,持分移轉,00140000
RPPOMLRKOHGGFAF97CB,江翠段,3.23,都市：商,100000,1182,持分移轉,00160000
RPPOMLRKOHGGFAF97CB,江翠段,.59,都市：商,100000,1182,持分移轉,00270003
RPPOMLRKOHGGFAF97CB,江翠段,1.53,都市：商,100000,1182,持分移轉,00270001
RPPOMLRKOHGGFAF97CB,江翠段,5.01,都市：商,100000,1182,持分移轉,00150000
RPPOMLRKOHGGFAF97CB,江翠段,.74,都市：商,100000,1182,持分移轉,00270002
RPPOMLRKOHGGFAF97CB,江翠段,4.70,都市：商,100000,1182,持分移轉,00280000
RPPOMLRKOHGGFAF97CB,江翠段,4.10,都市：商,100000,1182,持分移轉,00290000
RPPOMLRKOHGGFAF97CB,江翠段,2.75,都市：商,100000,1182,持分移轉,00270000
RPQOMLRKOHGGFAF08CB,江翠段,3.61,都市：商,100000,1183,持分移轉,00140000
RPQOMLRKOHGGFAF08CB,江翠段,3.24,都市：商,100000,1183,持分移轉,00160000
RPQOMLRKOHGGFAF08CB,江翠段,.59,都市：商,100000,1183,持分移轉,00270003
RPQOMLRKOHGGFAF08CB,江翠段,1.53,都市：商,100000,1183,持分移轉,00270001
RPQOMLRKOHGGFAF08CB,江翠段,5.02,都市：商,100000,1183,持分移轉,00150000
RPQOMLRKOHGGFAF08CB,江翠段,.74,都市：商,100000,1183,持分移轉,00270002
RPQOMLRKOHGGFAF08CB,江翠段,4.71,都市：商,100000,1183,持分移轉,00280000
RPQOMLRKOHGGFAF08CB,江翠段,4.10,都市：商,100000,1183,持分移轉,00290000
RPQOMLRKOHGGFAF08CB,江翠段,2.75,都市：商,100000,1183,持分移轉,00270000
RPSOMLRKOHGGFAF28CB,江翠段,3.60,都市：商,100000,1182,持分移轉,00140000
RPSOMLRKOHGGFAF28CB,江翠段,3.23,都市：商,100000,1182,持分移轉,00160000
RPSOMLRKOHGGFAF28CB,江翠段,.59,都市：商,100000,1182,持分移轉,00270003
RPSOMLRKOHGGFAF28CB,江翠段,1.53,都市：商,100000,1182,持分移轉,00270001
RPSOMLRKOHGGFAF28CB,江翠段,5.01,都市：商,100000,1182,持分移轉,00150000
RPSOMLRKOHGGFAF28CB,江翠段,.74,都市：商,100000,1182,持分移轉,00270002
RPSOMLRKOHGGFAF28CB,江翠段,4.70,都市：商,100000,1182,持分移轉,00280000
RPSOMLRKOHGGFAF28CB,江翠段,4.10,都市：商,100000,1182,持分移轉,00290000
RPSOMLRKOHGGFAF28CB,江翠段,2.75,都市：商,100000,1182,持分移轉,00270000
RPROMLRKOHGGFAF18CB,江翠段,3.60,都市：商,100000,1182,持分移轉,00140000
RPROMLRKOHGGFAF18CB,江翠段,3.23,都市：商,100000,1182,持分移轉,00160000
RPROMLRKOHGGFAF18CB,江翠段,.59,都市：商,100000,1182,持分移轉,00270003
RPROMLRKOHGGFAF18CB,江翠段,1.53,都市：商,100000,1182,持分移轉,00270001
RPROMLRKOHGGFAF18CB,江翠段,5.01,都市：商,100000,1182,持分移轉,00150000
RPROMLRKOHGGFAF18CB,江翠段,.74,都市：商,100000,1182,持分移轉,00270002
RPROMLRKOHGGFAF18CB,江翠段,4.70,都市：商,100000,1182,持分移轉,00280000
RPROMLRKOHGGFAF18CB,江翠段,4.10,都市：商,100000,1182,持分移轉,00290000
RPROMLRKOHGGFAF18CB,江翠段,2.75,都市：商,100000,1182,持分移轉,00270000
RPVOMLRKOHGGFAF58CB,江翠段,3.61,都市：商,100000,1183,持分移轉,00140000
RPVOMLRKOHGGFAF58CB,江翠段,3.24,都市：商,100000,1183,持分移轉,00160000
RPVOMLRKOHGGFAF58CB,江翠段,.59,都市：商,100000,1183,持分移轉,00270003
RPVOMLRKOHGGFAF58CB,江翠段,1.53,都市：商,100000,1183,持分移轉,00270001
RPVOMLRKOHGGFAF58CB,江翠段,5.02,都市：商,100000,1183,持分移轉,00150000
RPVOMLRKOHGGFAF58CB,江翠段,.74,都市：商,100000,1183,持分移轉,00270002
RPVOMLRKOHGGFAF58CB,江翠段,4.71,都市：商,100000,1183,持分移轉,00280000
RPVOMLRKOHGGFAF58CB,江翠段,4.10,都市：商,100000,1183,持分移轉,00290000
RPVOMLRKOHGGFAF58CB,江翠段,2.75,都市：商,100000,1183,持分移轉,00270000
RPWOMLRKOHGGFAF68CB,江翠段,3.61,都市：商,100000,1183,持分移轉,00140000
RPWOMLRKOHGGFAF68CB,江翠段,3.24,都市：商,100000,1183,持分移轉,00160000
RPWOMLRKOHGGFAF68CB,江翠段,.59,都市：商,100000,1183,持分移轉,00270003
RPWOMLRKOHGGFAF68CB,江翠段,1.53,都市：商,100000,1183,持分移轉,00270001
RPWOMLRKOHGGFAF68CB,江翠段,5.02,都市：商,100000,1183,持分移轉,00150000
RPWOMLRKOHGGFAF68CB,江翠段,.74,都市：商,100000,1183,持分移轉,00270002
RPXOMLRKOHGGFAF78CB,江翠段,3.60,都市：商,100000,1182,持分移轉,00140000
RPWOMLRKOHGGFAF68CB,江翠段,4.71,都市：商,100000,1183,持分移轉,00280000
RPXOMLRKOHGGFAF78CB,江翠段,3.23,都市：商,100000,1182,持分移轉,00160000
RPOPMLRKOHGGFAF97CB,江翠段,3.61,都市：商,100000,1183,持分移轉,00140000
RPWOMLRKOHGGFAF68CB,江翠段,4.10,都市：商,100000,1183,持分移轉,00290000
RPXOMLRKOHGGFAF78CB,江翠段,.59,都市：商,100000,1182,持分移轉,00270003
RPWOMLRKOHGGFAF68CB,江翠段,2.75,都市：商,100000,1183,持分移轉,00270000
RPOPMLRKOHGGFAF97CB,江翠段,3.24,都市：商,100000,1183,持分移轉,00160000
RPXOMLRKOHGGFAF78CB,江翠段,1.53,都市：商,100000,1182,持分移轉,00270001
RPOPMLRKOHGGFAF97CB,江翠段,.59,都市：商,100000,1183,持分移轉,00270003
RPXOMLRKOHGGFAF78CB,江翠段,5.01,都市：商,100000,1182,持分移轉,00150000
RPOPMLRKOHGGFAF97CB,江翠段,1.53,都市：商,100000,1183,持分移轉,00270001
RPXOMLRKOHGGFAF78CB,江翠段,.74,都市：商,100000,1182,持分移轉,00270002
RPOPMLRKOHGGFAF97CB,江翠段,5.02,都市：商,100000,1183,持分移轉,00150000
RPXOMLRKOHGGFAF78CB,江翠段,4.70,都市：商,100000,1182,持分移轉,00280000
RPOPMLRKOHGGFAF97CB,江翠段,.74,都市：商,100000,1183,持分移轉,00270002
RPXOMLRKOHGGFAF78CB,江翠段,4.10,都市：商,100000,1182,持分移轉,00290000
RPOPMLRKOHGGFAF97CB,江翠段,4.71,都市：商,100000,1183,持分移轉,00280000
RPXOMLRKOHGGFAF78CB,江翠段,2.75,都市：商,100000,1182,持分移轉,00270000
RPOPMLRKOHGGFAF97CB,江翠段,4.10,都市：商,100000,1183,持分移轉,00290000
RPOPMLRKOHGGFAF97CB,江翠段,2.75,都市：商,100000,1183,持分移轉,00270000
RPRPMLRKOHGGFAF28CB,江翠段,2.51,都市：商,100000,822,持分移轉,00140000
RPRPMLRKOHGGFAF28CB,江翠段,2.25,都市：商,100000,822,持分移轉,00160000
RPRPMLRKOHGGFAF28CB,江翠段,.41,都市：商,100000,822,持分移轉,00270003
RPRPMLRKOHGGFAF28CB,江翠段,1.06,都市：商,100000,822,持分移轉,00270001
RPRPMLRKOHGGFAF28CB,江翠段,3.49,都市：商,100000,822,持分移轉,00150000
RPRPMLRKOHGGFAF28CB,江翠段,.51,都市：商,100000,822,持分移轉,00270002
RPRPMLRKOHGGFAF28CB,江翠段,3.27,都市：商,100000,822,持分移轉,00280000
RPRPMLRKOHGGFAF28CB,江翠段,2.85,都市：商,100000,822,持分移轉,00290000
RPRPMLRKOHGGFAF28CB,江翠段,1.91,都市：商,100000,822,持分移轉,00270000
RPPPMLRKOHGGFAF08CB,江翠段,2.51,都市：商,100000,822,持分移轉,00140000
RPPPMLRKOHGGFAF08CB,江翠段,2.25,都市：商,100000,822,持分移轉,00160000
RPPPMLRKOHGGFAF08CB,江翠段,.41,都市：商,100000,822,持分移轉,00270003
RPPPMLRKOHGGFAF08CB,江翠段,1.06,都市：商,100000,822,持分移轉,00270001
RPPPMLRKOHGGFAF08CB,江翠段,3.49,都市：商,100000,822,持分移轉,00150000
RPPPMLRKOHGGFAF08CB,江翠段,.51,都市：商,100000,822,持分移轉,00270002
RPPPMLRKOHGGFAF08CB,江翠段,3.27,都市：商,100000,822,持分移轉,00280000
RPPPMLRKOHGGFAF08CB,江翠段,2.85,都市：商,100000,822,持分移轉,00290000
RPPPMLRKOHGGFAF08CB,江翠段,1.91,都市：商,100000,822,持分移轉,00270000
RPSPMLRKOHGGFAF38CB,江翠段,2.51,都市：商,100000,822,持分移轉,00140000
RPSPMLRKOHGGFAF38CB,江翠段,2.25,都市：商,100000,822,持分移轉,00160000
RPSPMLRKOHGGFAF38CB,江翠段,.41,都市：商,100000,822,持分移轉,00270003
RPSPMLRKOHGGFAF38CB,江翠段,1.06,都市：商,100000,822,持分移轉,00270001
RPSPMLRKOHGGFAF38CB,江翠段,3.49,都市：商,100000,822,持分移轉,00150000
RPSPMLRKOHGGFAF38CB,江翠段,.51,都市：商,100000,822,持分移轉,00270002
RPSPMLRKOHGGFAF38CB,江翠段,3.27,都市：商,100000,822,持分移轉,00280000
RPSPMLRKOHGGFAF38CB,江翠段,2.85,都市：商,100000,822,持分移轉,00290000
RPSPMLRKOHGGFAF38CB,江翠段,1.91,都市：商,100000,822,持分移轉,00270000
RPUPMLRKOHGGFAF58CB,江翠段,2.51,都市：商,100000,822,持分移轉,00140000
RPUPMLRKOHGGFAF58CB,江翠段,2.25,都市：商,100000,822,持分移轉,00160000
RPUPMLRKOHGGFAF58CB,江翠段,.41,都市：商,100000,822,持分移轉,00270003
RPUPMLRKOHGGFAF58CB,江翠段,1.06,都市：商,100000,822,持分移轉,00270001
RPUPMLRKOHGGFAF58CB,江翠段,3.49,都市：商,100000,822,持分移轉,00150000
RPUPMLRKOHGGFAF58CB,江翠段,.51,都市：商,100000,822,持分移轉,00270002
RPUPMLRKOHGGFAF58CB,江翠段,3.27,都市：商,100000,822,持分移轉,00280000
RPWPMLRKOHGGFAF78CB,江翠段,2.77,都市：商,100000,910,持分移轉,00140000
RPUPMLRKOHGGFAF58CB,江翠段,2.85,都市：商,100000,822,持分移轉,00290000
RPWPMLRKOHGGFAF78CB,江翠段,2.49,都市：商,100000,910,持分移轉,00160000
RPUPMLRKOHGGFAF58CB,江翠段,1.91,都市：商,100000,822,持分移轉,00270000
RPWPMLRKOHGGFAF78CB,江翠段,.46,都市：商,100000,910,持分移轉,00270003
RPWPMLRKOHGGFAF78CB,江翠段,1.18,都市：商,100000,910,持分移轉,00270001
RPWPMLRKOHGGFAF78CB,江翠段,3.86,都市：商,100000,910,持分移轉,00150000
RPWPMLRKOHGGFAF78CB,江翠段,.57,都市：商,100000,910,持分移轉,00270002
RPWPMLRKOHGGFAF78CB,江翠段,3.62,都市：商,100000,910,持分移轉,00280000
RPOQMLRKOHGGFAF08CB,江翠段,2.77,都市：商,100000,909,持分移轉,00140000
RPWPMLRKOHGGFAF78CB,江翠段,3.16,都市：商,100000,910,持分移轉,00290000
RPOQMLRKOHGGFAF08CB,江翠段,2.49,都市：商,100000,909,持分移轉,00160000
RPWPMLRKOHGGFAF78CB,江翠段,2.12,都市：商,100000,910,持分移轉,00270000
RPOQMLRKOHGGFAF08CB,江翠段,.46,都市：商,100000,909,持分移轉,00270003
RPOQMLRKOHGGFAF08CB,江翠段,1.17,都市：商,100000,909,持分移轉,00270001
RPOQMLRKOHGGFAF08CB,江翠段,3.86,都市：商,100000,909,持分移轉,00150000
RPOQMLRKOHGGFAF08CB,江翠段,.57,都市：商,100000,909,持分移轉,00270002
RPOQMLRKOHGGFAF08CB,江翠段,3.62,都市：商,100000,909,持分移轉,00280000
RPOQMLRKOHGGFAF08CB,江翠段,3.15,都市：商,100000,909,持分移轉,00290000
RPOQMLRKOHGGFAF08CB,江翠段,2.11,都市：商,100000,909,持分移轉,00270000
RPRQMLRKOHGGFAF38CB,江翠段,2.77,都市：商,100000,910,持分移轉,00140000
RPRQMLRKOHGGFAF38CB,江翠段,2.49,都市：商,100000,910,持分移轉,00160000
RPRQMLRKOHGGFAF38CB,江翠段,.46,都市：商,100000,910,持分移轉,00270003
RPRQMLRKOHGGFAF38CB,江翠段,1.18,都市：商,100000,910,持分移轉,00270001
RPRQMLRKOHGGFAF38CB,江翠段,3.86,都市：商,100000,910,持分移轉,00150000
RPRQMLRKOHGGFAF38CB,江翠段,.57,都市：商,100000,910,持分移轉,00270002
RPRQMLRKOHGGFAF38CB,江翠段,3.62,都市：商,100000,910,持分移轉,00280000
RPRQMLRKOHGGFAF38CB,江翠段,3.16,都市：商,100000,910,持分移轉,00290000
RPRQMLRKOHGGFAF38CB,江翠段,2.12,都市：商,100000,910,持分移轉,00270000
RPORMLRKOHGGFAF18CB,民族段,21.76,都市：住,100000,505,持分移轉,13720000
RPSRMLRKOHGGFAF58CB,民族段,20.85,都市：住,100000,484,持分移轉,13720000
RPWQMLRKOHGGFAF88CB,江翠段,2.77,都市：商,100000,909,持分移轉,00140000
RPWQMLRKOHGGFAF88CB,江翠段,2.49,都市：商,100000,909,持分移轉,00160000
RPWQMLRKOHGGFAF88CB,江翠段,.46,都市：商,100000,909,持分移轉,00270003
RPWQMLRKOHGGFAF88CB,江翠段,1.17,都市：商,100000,909,持分移轉,00270001
RPWQMLRKOHGGFAF88CB,江翠段,3.86,都市：商,100000,909,持分移轉,00150000
RPWQMLRKOHGGFAF88CB,江翠段,.57,都市：商,100000,909,持分移轉,00270002
RPWQMLRKOHGGFAF88CB,江翠段,3.62,都市：商,100000,909,持分移轉,00280000
RPWQMLRKOHGGFAF88CB,江翠段,3.15,都市：商,100000,909,持分移轉,00290000
RPWQMLRKOHGGFAF88CB,江翠段,2.11,都市：商,100000,909,持分移轉,00270000
RPURMLRKOHGGFAF78CB,民族段,20.85,都市：住,100000,484,持分移轉,13720000
RPXRMLRKOHGGFAF09CB,民族段,21.76,都市：住,100000,505,持分移轉,13720000
RPVRMLRKOHGGFAF88CB,民族段,21.76,都市：住,100000,505,持分移轉,13720000
RPOSMLRKOHGGFAF28CB,民族段,21.76,都市：住,100000,505,持分移轉,13720000
RPRSMLRKOHGGFAF58CB,民族段,19.90,都市：住,100000,462,持分移轉,13720000
RPQSMLRKOHGGFAF48CB,民族段,20.76,都市：住,100000,482,持分移轉,13720000
RPOTMLRKOHGGFAF38CB,民族段,19.90,都市：住,100000,462,持分移轉,13720000
RPSSMLRKOHGGFAF68CB,民族段,19.90,都市：住,100000,462,持分移轉,13720000
RPSTMLRKOHGGFAF78CB,民族段,19.90,都市：住,100000,462,持分移轉,13720000
RPQTMLRKOHGGFAF58CB,民族段,20.81,都市：住,100000,483,持分移轉,13720000
RPUTMLRKOHGGFAF98CB,民族段,21.71,都市：住,100000,504,持分移轉,13720000
RPTTMLRKOHGGFAF88CB,民族段,19.90,都市：住,100000,462,持分移轉,13720000
RPROMLRKOHGGFGF78CB,仁信段,14.07,都市：住,100000,1738,持分移轉,01110000
RPQPMLRKOHGGFGF78CB,仁信段,15.89,都市：住,100000,1264,持分移轉,00810000
RPPPMLRKOHGGFGF68CB,仁信段,16.45,都市：住,100000,2032,持分移轉,01110000
RPRPMLRKOHGGFGF88CB,仁信段,16.44,都市：住,100000,2030,持分移轉,01110000
RPSPMLRKOHGGFGF98CB,仁信段,15.89,都市：住,100000,1264,持分移轉,00810000
RPTPMLRKOHGGFGF09CB,仁信段,11.49,都市：住,100000,914,持分移轉,00810000
RPWPMLRKOHGGFGF76CB,仁信段,16.17,都市：住,100000,1997,持分移轉,01110000
RPOQMLRKOHGGFGF68CB,仁信段,18.60,都市：住,100000,2297,持分移轉,01110000
RPPQMLRKOHGGFGF78CB,仁信段,12.76,都市：住,100000,1015,持分移轉,00810000
RPXPMLRKOHGGFGF86CB,仁信段,10.61,都市：住,100000,844,持分移轉,00810000
RPRQMLRKOHGGFGF98CB,仁信段,11.49,都市：住,100000,914,持分移轉,00810000
RPSQMLRKOHGGFGF09CB,仁信段,16.44,都市：住,100000,2030,持分移轉,01110000
RPTQMLRKOHGGFGF56CB,仁信段,16.45,都市：住,100000,2032,持分移轉,01110000
RPUQMLRKOHGGFGF66CB,仁信段,14.07,都市：住,100000,1738,持分移轉,01110000
RPVQMLRKOHGGFGF76CB,仁信段,16.17,都市：住,100000,1997,持分移轉,01110000
RPWQMLRKOHGGFGF86CB,仁信段,18.60,都市：住,100000,2297,持分移轉,01110000
RPXQMLRKOHGGFGF96CB,仁信段,16.17,都市：住,100000,1997,持分移轉,01110000
RPTRMLRKOHGGFGF66CB,仁信段,18.35,都市：住,100000,2267,持分移轉,01110000
RPQRMLRKOHGGFGF98CB,仁信段,14.07,都市：住,100000,1738,持分移轉,01110000
RPWRMLRKOHGGFGF96CB,仁信段,16.45,都市：住,100000,2032,持分移轉,01110000
RPVRMLRKOHGGFGF86CB,仁信段,16.44,都市：住,100000,2030,持分移轉,01110000
RPUNMLSKOHGGFGF09CB,仁信段,11.73,都市：住,100000,881,持分移轉,00850000
RPVNMLSKOHGGFGF56CB,仁信段,16.76,都市：住,100000,1258,持分移轉,00850000
RPXNMLSKOHGGFGF76CB,仁信段,18.28,都市：住,100000,1372,持分移轉,00850000
RPWNMLSKOHGGFGF66CB,仁信段,11.60,都市：住,100000,871,持分移轉,00850000
RPOOMLSKOHGGFGF58CB,仁信段,17.02,都市：住,100000,1278,持分移轉,00850000
RPQOMLSKOHGGFGF78CB,仁信段,13.00,都市：住,100000,976,持分移轉,00850000
RPPOMLSKOHGGFGF68CB,仁信段,11.87,都市：住,100000,891,持分移轉,00850000
RPROMLSKOHGGFGF88CB,仁信段,14.15,都市：住,100000,1485,持分移轉,00050000
RPUOMLSKOHGGFGF56CB,仁信段,17.92,都市：住,100000,1880,持分移轉,00050000
RPWQMLSKOHGGFGF96CB,仁信段,15.09,都市：住,100000,1133,持分移轉,00850000
RPORMLSKOHGGFGF88CB,仁信段,16.45,都市：住,100000,2032,持分移轉,01110000
RPUOMLLLOHGGFGF58CB,仁信段,18.60,都市：住,100000,2297,持分移轉,01110000
RPVOMLLLOHGGFGF68CB,仁信段,14.07,都市：住,100000,1738,持分移轉,01110000
RPWOMLLLOHGGFGF78CB,仁信段,14.07,都市：住,100000,1738,持分移轉,01110000
RPPPMLLLOHGGFGF18CB,仁信段,18.35,都市：住,100000,2267,持分移轉,01110000
RPTOMLLLOHGGFGF48CB,仁信段,16.44,都市：住,100000,2030,持分移轉,01110000
RPQPMLLLOHGGFGF28CB,仁信段,18.60,都市：住,100000,2297,持分移轉,01110000
RPXOMLLLOHGGFGF88CB,仁信段,16.44,都市：住,100000,2030,持分移轉,01110000
RPSPMLLLOHGGFGF48CB,仁信段,16.44,都市：住,100000,2030,持分移轉,01110000
RPTPMLLLOHGGFGF58CB,仁信段,16.45,都市：住,100000,2032,持分移轉,01110000
RPUPMLLLOHGGFGF68CB,仁信段,14.07,都市：住,100000,1738,持分移轉,01110000
RPWPMLLLOHGGFGF88CB,仁信段,18.35,都市：住,100000,2267,持分移轉,01110000
RPVPMLLLOHGGFGF78CB,仁信段,16.17,都市：住,100000,1997,持分移轉,01110000
RPXPMLLLOHGGFGF98CB,仁信段,16.45,都市：住,100000,2032,持分移轉,01110000
RPSQMLLLOHGGFGF58CB,仁信段,16.44,都市：住,100000,2030,持分移轉,01110000
RPPQMLLLOHGGFGF28CB,仁信段,16.17,都市：住,100000,1997,持分移轉,01110000
RPXQMLLLOHGGFGF09CB,仁信段,16.17,都市：住,100000,1997,持分移轉,01110000
RPPRMLLLOHGGFGF38CB,仁信段,18.35,都市：住,100000,2267,持分移轉,01110000
RPQRMLLLOHGGFGF48CB,仁信段,14.07,都市：住,100000,1738,持分移轉,01110000
RPORMLLLOHGGFGF28CB,仁信段,16.45,都市：住,100000,2032,持分移轉,01110000
RPUQMLLLOHGGFHF88CB,永福段,13.96,都市：住,10000,413,持分移轉,00610000
RPUQMLLLOHGGFHF88CB,永福段,.99,都市：住,10000,413,持分移轉,00610004
RPTQMLLLOHGGFHF78CB,永福段,13.96,都市：住,10000,413,持分移轉,00610000
RPTQMLLLOHGGFHF78CB,永福段,.99,都市：住,10000,413,持分移轉,00610004
RPRRMLLLOHGGFGF58CB,仁信段,18.60,都市：住,100000,2297,持分移轉,01110000
RPVQMLLLOHGGFHF98CB,永福段,13.96,都市：住,10000,413,持分移轉,00610000
RPVQMLLLOHGGFHF98CB,永福段,.99,都市：住,10000,413,持分移轉,00610004
RPWQMLLLOHGGFHF09CB,永福段,13.96,都市：住,10000,413,持分移轉,00610000
RPWQMLLLOHGGFHF09CB,永福段,.99,都市：住,10000,413,持分移轉,00610004
RPXQMLLLOHGGFHF56CB,永福段,13.96,都市：住,10000,413,持分移轉,00610000
RPXQMLLLOHGGFHF56CB,永福段,.99,都市：住,10000,413,持分移轉,00610004
RPORMLLLOHGGFHF38CB,永福段,10.38,都市：住,10000,307,持分移轉,00610000
RPORMLLLOHGGFHF38CB,永福段,.74,都市：住,10000,307,持分移轉,00610004
RPSVMLMLOHGGFHF66CB,景福段,.56,都市：其他:都市計畫區內之市場用地,100000,294,持分移轉,03910001
RPSVMLMLOHGGFHF66CB,景福段,1.12,都市：其他:都市計畫區內之市場用地,100000,294,持分移轉,03910002
RPSVMLMLOHGGFHF66CB,景福段,.84,都市：其他:都市計畫區內之市場用地,100000,294,持分移轉,03910003
RPSVMLMLOHGGFHF66CB,景福段,.33,都市：其他:都市計畫區內之市場用地,100000,294,持分移轉,03920001
RPSVMLMLOHGGFHF66CB,景福段,8.33,都市：其他:都市計畫區內之市場用地,100000,294,持分移轉,03950001
RPTVMLMLOHGGFHF76CB,景福段,.53,都市：其他:都市計畫區內之市場用地,100000,279,持分移轉,03910001
RPTVMLMLOHGGFHF76CB,景福段,1.06,都市：其他:都市計畫區內之市場用地,100000,279,持分移轉,03910002
RPTVMLMLOHGGFHF76CB,景福段,.79,都市：其他:都市計畫區內之市場用地,100000,279,持分移轉,03910003
RPTVMLMLOHGGFHF76CB,景福段,.31,都市：其他:都市計畫區內之市場用地,100000,279,持分移轉,03920001
RPTVMLMLOHGGFHF76CB,景福段,7.91,都市：其他:都市計畫區內之市場用地,100000,279,持分移轉,03950001
RPVVMLMLOHGGFHF96CB,景福段,.56,都市：其他:都市計畫區內之市場用地,100000,294,持分移轉,03910001
RPVVMLMLOHGGFHF96CB,景福段,1.12,都市：其他:都市計畫區內之市場用地,100000,294,持分移轉,03910002
RPVVMLMLOHGGFHF96CB,景福段,.84,都市：其他:都市計畫區內之市場用地,100000,294,持分移轉,03910003
RPVVMLMLOHGGFHF96CB,景福段,.33,都市：其他:都市計畫區內之市場用地,100000,294,持分移轉,03920001
RPVVMLMLOHGGFHF96CB,景福段,8.33,都市：其他:都市計畫區內之市場用地,100000,294,持分移轉,03950001
RPWVMLMLOHGGFHF07CB,景福段,.53,都市：其他:都市計畫區內之市場用地,100000,279,持分移轉,03910001
RPWVMLMLOHGGFHF07CB,景福段,1.06,都市：其他:都市計畫區內之市場用地,100000,279,持分移轉,03910002
RPWVMLMLOHGGFHF07CB,景福段,.79,都市：其他:都市計畫區內之市場用地,100000,279,持分移轉,03910003
RPWVMLMLOHGGFHF07CB,景福段,.31,都市：其他:都市計畫區內之市場用地,100000,279,持分移轉,03920001
RPOWMLMLOHGGFHF98CB,景福段,.56,都市：其他:都市計畫區內之市場用地,100000,294,持分移轉,03910001
RPWVMLMLOHGGFHF07CB,景福段,7.91,都市：其他:都市計畫區內之市場用地,100000,279,持分移轉,03950001
RPOWMLMLOHGGFHF98CB,景福段,1.12,都市：其他:都市計畫區內之市場用地,100000,294,持分移轉,03910002
RPOWMLMLOHGGFHF98CB,景福段,.84,都市：其他:都市計畫區內之市場用地,100000,294,持分移轉,03910003
RPOWMLMLOHGGFHF98CB,景福段,.33,都市：其他:都市計畫區內之市場用地,100000,294,持分移轉,03920001
RPOWMLMLOHGGFHF98CB,景福段,8.33,都市：其他:都市計畫區內之市場用地,100000,294,持分移轉,03950001
RPXVMLMLOHGGFHF17CB,景福段,.56,都市：其他:都市計畫區內之市場用地,100000,294,持分移轉,03910001
RPXVMLMLOHGGFHF17CB,景福段,1.12,都市：其他:都市計畫區內之市場用地,100000,294,持分移轉,03910002
RPXVMLMLOHGGFHF17CB,景福段,.84,都市：其他:都市計畫區內之市場用地,100000,294,持分移轉,03910003
RPXVMLMLOHGGFHF17CB,景福段,.33,都市：其他:都市計畫區內之市場用地,100000,294,持分移轉,03920001
RPXVMLMLOHGGFHF17CB,景福段,8.33,都市：其他:都市計畫區內之市場用地,100000,294,持分移轉,03950001
RPPWMLMLOHGGFHF09CB,景福段,.53,都市：其他:都市計畫區內之市場用地,100000,279,持分移轉,03910001
RPPWMLMLOHGGFHF09CB,景福段,1.06,都市：其他:都市計畫區內之市場用地,100000,279,持分移轉,03910002
RPPWMLMLOHGGFHF09CB,景福段,.79,都市：其他:都市計畫區內之市場用地,100000,279,持分移轉,03910003
RPPWMLMLOHGGFHF09CB,景福段,.31,都市：其他:都市計畫區內之市場用地,100000,279,持分移轉,03920001
RPPWMLMLOHGGFHF09CB,景福段,7.91,都市：其他:都市計畫區內之市場用地,100000,279,持分移轉,03950001
RPONNLMLOHGGFHF18CB,景福段,.56,都市：其他:都市計畫區內之市場用地,100000,294,持分移轉,03910001
RPONNLMLOHGGFHF18CB,景福段,1.12,都市：其他:都市計畫區內之市場用地,100000,294,持分移轉,03910002
RPONNLMLOHGGFHF18CB,景福段,.84,都市：其他:都市計畫區內之市場用地,100000,294,持分移轉,03910003
RPONNLMLOHGGFHF18CB,景福段,.33,都市：其他:都市計畫區內之市場用地,100000,294,持分移轉,03920001
RPONNLMLOHGGFHF18CB,景福段,8.33,都市：其他:都市計畫區內之市場用地,100000,294,持分移轉,03950001
RPXWMLMLOHGGFHF27CB,景福段,.53,都市：其他:都市計畫區內之市場用地,100000,279,持分移轉,03910001
RPXWMLMLOHGGFHF27CB,景福段,1.06,都市：其他:都市計畫區內之市場用地,100000,279,持分移轉,03910002
RPXWMLMLOHGGFHF27CB,景福段,.79,都市：其他:都市計畫區內之市場用地,100000,279,持分移轉,03910003
RPXWMLMLOHGGFHF27CB,景福段,.31,都市：其他:都市計畫區內之市場用地,100000,279,持分移轉,03920001
RPXWMLMLOHGGFHF27CB,景福段,7.91,都市：其他:都市計畫區內之市場用地,100000,279,持分移轉,03950001
RPRNNLMLOHGGFHF48CB,景福段,.53,都市：其他:都市計畫區內之市場用地,100000,279,持分移轉,03910001
RPRNNLMLOHGGFHF48CB,景福段,1.06,都市：其他:都市計畫區內之市場用地,100000,279,持分移轉,03910002
RPRNNLMLOHGGFHF48CB,景福段,.79,都市：其他:都市計畫區內之市場用地,100000,279,持分移轉,03910003
RPRNNLMLOHGGFHF48CB,景福段,.31,都市：其他:都市計畫區內之市場用地,100000,279,持分移轉,03920001
RPRNNLMLOHGGFHF48CB,景福段,7.91,都市：其他:都市計畫區內之市場用地,100000,279,持分移轉,03950001
RPQNNLMLOHGGFHF38CB,景福段,.56,都市：其他:都市計畫區內之市場用地,100000,294,持分移轉,03910001
RPQNNLMLOHGGFHF38CB,景福段,1.12,都市：其他:都市計畫區內之市場用地,100000,294,持分移轉,03910002
RPQNNLMLOHGGFHF38CB,景福段,.84,都市：其他:都市計畫區內之市場用地,100000,294,持分移轉,03910003
RPQNNLMLOHGGFHF38CB,景福段,.33,都市：其他:都市計畫區內之市場用地,100000,294,持分移轉,03920001
RPQNNLMLOHGGFHF38CB,景福段,8.33,都市：其他:都市計畫區內之市場用地,100000,294,持分移轉,03950001
RPPNNLMLOHGGFHF28CB,景福段,.53,都市：其他:都市計畫區內之市場用地,100000,279,持分移轉,03910001
RPSNNLMLOHGGFHF58CB,景福段,.56,都市：其他:都市計畫區內之市場用地,100000,294,持分移轉,03910001
RPSNNLMLOHGGFHF58CB,景福段,1.12,都市：其他:都市計畫區內之市場用地,100000,294,持分移轉,03910002
RPPNNLMLOHGGFHF28CB,景福段,1.06,都市：其他:都市計畫區內之市場用地,100000,279,持分移轉,03910002
RPSNNLMLOHGGFHF58CB,景福段,.84,都市：其他:都市計畫區內之市場用地,100000,294,持分移轉,03910003
RPTNNLMLOHGGFHF68CB,景福段,.53,都市：其他:都市計畫區內之市場用地,100000,279,持分移轉,03910001
RPPNNLMLOHGGFHF28CB,景福段,.79,都市：其他:都市計畫區內之市場用地,100000,279,持分移轉,03910003
RPSNNLMLOHGGFHF58CB,景福段,.33,都市：其他:都市計畫區內之市場用地,100000,294,持分移轉,03920001
RPTNNLMLOHGGFHF68CB,景福段,1.06,都市：其他:都市計畫區內之市場用地,100000,279,持分移轉,03910002
RPPNNLMLOHGGFHF28CB,景福段,.31,都市：其他:都市計畫區內之市場用地,100000,279,持分移轉,03920001
RPSNNLMLOHGGFHF58CB,景福段,8.33,都市：其他:都市計畫區內之市場用地,100000,294,持分移轉,03950001
RPTNNLMLOHGGFHF68CB,景福段,.79,都市：其他:都市計畫區內之市場用地,100000,279,持分移轉,03910003
RPPNNLMLOHGGFHF28CB,景福段,7.91,都市：其他:都市計畫區內之市場用地,100000,279,持分移轉,03950001
RPUNNLMLOHGGFHF78CB,景福段,.53,都市：其他:都市計畫區內之市場用地,100000,279,持分移轉,03910001
RPTNNLMLOHGGFHF68CB,景福段,.31,都市：其他:都市計畫區內之市場用地,100000,279,持分移轉,03920001
RPUNNLMLOHGGFHF78CB,景福段,1.06,都市：其他:都市計畫區內之市場用地,100000,279,持分移轉,03910002
RPTNNLMLOHGGFHF68CB,景福段,7.91,都市：其他:都市計畫區內之市場用地,100000,279,持分移轉,03950001
RPUNNLMLOHGGFHF78CB,景福段,.79,都市：其他:都市計畫區內之市場用地,100000,279,持分移轉,03910003
RPUNNLMLOHGGFHF78CB,景福段,.31,都市：其他:都市計畫區內之市場用地,100000,279,持分移轉,03920001
RPUNNLMLOHGGFHF78CB,景福段,7.91,都市：其他:都市計畫區內之市場用地,100000,279,持分移轉,03950001
RPOONLMLOHGGFHF28CB,景福段,.87,都市：其他:都市計畫區內之市場用地,100000,460,持分移轉,03910001
RPOONLMLOHGGFHF28CB,景福段,1.75,都市：其他:都市計畫區內之市場用地,100000,460,持分移轉,03910002
RPOONLMLOHGGFHF28CB,景福段,1.31,都市：其他:都市計畫區內之市場用地,100000,460,持分移轉,03910003
RPOONLMLOHGGFHF28CB,景福段,.51,都市：其他:都市計畫區內之市場用地,100000,460,持分移轉,03920001
RPOONLMLOHGGFHF28CB,景福段,13.04,都市：其他:都市計畫區內之市場用地,100000,460,持分移轉,03950001
RPRONLMLOHGGFHF58CB,景福段,.56,都市：其他:都市計畫區內之市場用地,100000,294,持分移轉,03910001
RPRONLMLOHGGFHF58CB,景福段,1.12,都市：其他:都市計畫區內之市場用地,100000,294,持分移轉,03910002
RPRONLMLOHGGFHF58CB,景福段,.84,都市：其他:都市計畫區內之市場用地,100000,294,持分移轉,03910003
RPRONLMLOHGGFHF58CB,景福段,.33,都市：其他:都市計畫區內之市場用地,100000,294,持分移轉,03920001
RPRONLMLOHGGFHF58CB,景福段,8.33,都市：其他:都市計畫區內之市場用地,100000,294,持分移轉,03950001
RPSONLMLOHGGFHF68CB,景福段,.53,都市：其他:都市計畫區內之市場用地,100000,279,持分移轉,03910001
RPSONLMLOHGGFHF68CB,景福段,1.06,都市：其他:都市計畫區內之市場用地,100000,279,持分移轉,03910002
RPSONLMLOHGGFHF68CB,景福段,.79,都市：其他:都市計畫區內之市場用地,100000,279,持分移轉,03910003
RPSONLMLOHGGFHF68CB,景福段,.31,都市：其他:都市計畫區內之市場用地,100000,279,持分移轉,03920001
RPSONLMLOHGGFHF68CB,景福段,7.91,都市：其他:都市計畫區內之市場用地,100000,279,持分移轉,03950001
RPTONLMLOHGGFHF78CB,景福段,.56,都市：其他:都市計畫區內之市場用地,100000,294,持分移轉,03910001
RPTONLMLOHGGFHF78CB,景福段,1.12,都市：其他:都市計畫區內之市場用地,100000,294,持分移轉,03910002
RPTONLMLOHGGFHF78CB,景福段,.84,都市：其他:都市計畫區內之市場用地,100000,294,持分移轉,03910003
RPTONLMLOHGGFHF78CB,景福段,.33,都市：其他:都市計畫區內之市場用地,100000,294,持分移轉,03920001
RPTONLMLOHGGFHF78CB,景福段,8.33,都市：其他:都市計畫區內之市場用地,100000,294,持分移轉,03950001
RPQPNLMLOHGGFHF58CB,景福段,.53,都市：其他:都市計畫區內之市場用地,100000,279,持分移轉,03910001
RPQPNLMLOHGGFHF58CB,景福段,1.06,都市：其他:都市計畫區內之市場用地,100000,279,持分移轉,03910002
RPQPNLMLOHGGFHF58CB,景福段,.79,都市：其他:都市計畫區內之市場用地,100000,279,持分移轉,03910003
RPQPNLMLOHGGFHF58CB,景福段,.31,都市：其他:都市計畫區內之市場用地,100000,279,持分移轉,03920001
RPQPNLMLOHGGFHF58CB,景福段,7.91,都市：其他:都市計畫區內之市場用地,100000,279,持分移轉,03950001
RPUONLMLOHGGFHF88CB,景福段,.53,都市：其他:都市計畫區內之市場用地,100000,279,持分移轉,03910001
RPUONLMLOHGGFHF88CB,景福段,1.06,都市：其他:都市計畫區內之市場用地,100000,279,持分移轉,03910002
RPUONLMLOHGGFHF88CB,景福段,.79,都市：其他:都市計畫區內之市場用地,100000,279,持分移轉,03910003
RPUONLMLOHGGFHF88CB,景福段,.31,都市：其他:都市計畫區內之市場用地,100000,279,持分移轉,03920001
RPUONLMLOHGGFHF88CB,景福段,7.91,都市：其他:都市計畫區內之市場用地,100000,279,持分移轉,03950001
RPRPNLMLOHGGFHF68CB,景福段,.53,都市：其他:都市計畫區內之市場用地,100000,279,持分移轉,03910001
RPRPNLMLOHGGFHF68CB,景福段,1.06,都市：其他:都市計畫區內之市場用地,100000,279,持分移轉,03910002
RPRPNLMLOHGGFHF68CB,景福段,.79,都市：其他:都市計畫區內之市場用地,100000,279,持分移轉,03910003
RPRPNLMLOHGGFHF68CB,景福段,.31,都市：其他:都市計畫區內之市場用地,100000,279,持分移轉,03920001
RPRPNLMLOHGGFHF68CB,景福段,7.91,都市：其他:都市計畫區內之市場用地,100000,279,持分移轉,03950001
RPUPNLMLOHGGFHF98CB,景福段,.56,都市：其他:都市計畫區內之市場用地,100000,294,持分移轉,03910001
RPSPNLMLOHGGFHF78CB,景福段,.56,都市：其他:都市計畫區內之市場用地,100000,294,持分移轉,03910001
RPUPNLMLOHGGFHF98CB,景福段,1.12,都市：其他:都市計畫區內之市場用地,100000,294,持分移轉,03910002
RPSPNLMLOHGGFHF78CB,景福段,1.12,都市：其他:都市計畫區內之市場用地,100000,294,持分移轉,03910002
RPUPNLMLOHGGFHF98CB,景福段,.84,都市：其他:都市計畫區內之市場用地,100000,294,持分移轉,03910003
RPSPNLMLOHGGFHF78CB,景福段,.84,都市：其他:都市計畫區內之市場用地,100000,294,持分移轉,03910003
RPUPNLMLOHGGFHF98CB,景福段,.33,都市：其他:都市計畫區內之市場用地,100000,294,持分移轉,03920001
RPSPNLMLOHGGFHF78CB,景福段,.33,都市：其他:都市計畫區內之市場用地,100000,294,持分移轉,03920001
RPUPNLMLOHGGFHF98CB,景福段,8.33,都市：其他:都市計畫區內之市場用地,100000,294,持分移轉,03950001
RPVPNLMLOHGGFHF09CB,景福段,.53,都市：其他:都市計畫區內之市場用地,100000,279,持分移轉,03910001
RPSPNLMLOHGGFHF78CB,景福段,8.33,都市：其他:都市計畫區內之市場用地,100000,294,持分移轉,03950001
RPVPNLMLOHGGFHF09CB,景福段,1.06,都市：其他:都市計畫區內之市場用地,100000,279,持分移轉,03910002
RPVPNLMLOHGGFHF09CB,景福段,.79,都市：其他:都市計畫區內之市場用地,100000,279,持分移轉,03910003
RPVPNLMLOHGGFHF09CB,景福段,.31,都市：其他:都市計畫區內之市場用地,100000,279,持分移轉,03920001
RPVPNLMLOHGGFHF09CB,景福段,7.91,都市：其他:都市計畫區內之市場用地,100000,279,持分移轉,03950001
RPWPNLMLOHGGFHF56CB,景福段,.53,都市：其他:都市計畫區內之市場用地,100000,279,持分移轉,03910001
RPWPNLMLOHGGFHF56CB,景福段,1.06,都市：其他:都市計畫區內之市場用地,100000,279,持分移轉,03910002
RPWPNLMLOHGGFHF56CB,景福段,.79,都市：其他:都市計畫區內之市場用地,100000,279,持分移轉,03910003
RPWPNLMLOHGGFHF56CB,景福段,.31,都市：其他:都市計畫區內之市場用地,100000,279,持分移轉,03920001
RPWPNLMLOHGGFHF56CB,景福段,7.91,都市：其他:都市計畫區內之市場用地,100000,279,持分移轉,03950001
RPXPNLMLOHGGFHF66CB,景福段,.53,都市：其他:都市計畫區內之市場用地,100000,279,持分移轉,03910001
RPXPNLMLOHGGFHF66CB,景福段,1.06,都市：其他:都市計畫區內之市場用地,100000,279,持分移轉,03910002
RPXPNLMLOHGGFHF66CB,景福段,.79,都市：其他:都市計畫區內之市場用地,100000,279,持分移轉,03910003
RPXPNLMLOHGGFHF66CB,景福段,.31,都市：其他:都市計畫區內之市場用地,100000,279,持分移轉,03920001
RPXPNLMLOHGGFHF66CB,景福段,7.91,都市：其他:都市計畫區內之市場用地,100000,279,持分移轉,03950001
RPTPNLMLOHGGFHF88CB,景福段,.53,都市：其他:都市計畫區內之市場用地,100000,279,持分移轉,03910001
RPTPNLMLOHGGFHF88CB,景福段,1.06,都市：其他:都市計畫區內之市場用地,100000,279,持分移轉,03910002
RPTPNLMLOHGGFHF88CB,景福段,.79,都市：其他:都市計畫區內之市場用地,100000,279,持分移轉,03910003
RPTPNLMLOHGGFHF88CB,景福段,.31,都市：其他:都市計畫區內之市場用地,100000,279,持分移轉,03920001
RPTPNLMLOHGGFHF88CB,景福段,7.91,都市：其他:都市計畫區內之市場用地,100000,279,持分移轉,03950001
RPUQNLMLOHGGFHF09CB,景福段,.86,都市：其他:都市計畫區內之市場用地,100000,452,持分移轉,03910001
RPUQNLMLOHGGFHF09CB,景福段,1.72,都市：其他:都市計畫區內之市場用地,100000,452,持分移轉,03910002
RPUQNLMLOHGGFHF09CB,景福段,1.29,都市：其他:都市計畫區內之市場用地,100000,452,持分移轉,03910003
RPUQNLMLOHGGFHF09CB,景福段,.50,都市：其他:都市計畫區內之市場用地,100000,452,持分移轉,03920001
RPUQNLMLOHGGFHF09CB,景福段,12.81,都市：其他:都市計畫區內之市場用地,100000,452,持分移轉,03950001
RPVQNLMLOHGGFHF56CB,景福段,.82,都市：其他:都市計畫區內之市場用地,100000,434,持分移轉,03910001
RPVQNLMLOHGGFHF56CB,景福段,1.65,都市：其他:都市計畫區內之市場用地,100000,434,持分移轉,03910002
RPVQNLMLOHGGFHF56CB,景福段,1.24,都市：其他:都市計畫區內之市場用地,100000,434,持分移轉,03910003
RPVQNLMLOHGGFHF56CB,景福段,.48,都市：其他:都市計畫區內之市場用地,100000,434,持分移轉,03920001
RPVQNLMLOHGGFHF56CB,景福段,12.30,都市：其他:都市計畫區內之市場用地,100000,434,持分移轉,03950001
RPVRNLMLOHGGFHF66CB,景福段,.82,都市：其他:都市計畫區內之市場用地,100000,434,持分移轉,03910001
RPVRNLMLOHGGFHF66CB,景福段,1.65,都市：其他:都市計畫區內之市場用地,100000,434,持分移轉,03910002
RPVRNLMLOHGGFHF66CB,景福段,1.24,都市：其他:都市計畫區內之市場用地,100000,434,持分移轉,03910003
RPVRNLMLOHGGFHF66CB,景福段,.48,都市：其他:都市計畫區內之市場用地,100000,434,持分移轉,03920001
RPVRNLMLOHGGFHF66CB,景福段,12.30,都市：其他:都市計畫區內之市場用地,100000,434,持分移轉,03950001
RPWQNLMLOHGGFHF66CB,景福段,.82,都市：其他:都市計畫區內之市場用地,100000,434,持分移轉,03910001
RPWQNLMLOHGGFHF66CB,景福段,1.65,都市：其他:都市計畫區內之市場用地,100000,434,持分移轉,03910002
RPWQNLMLOHGGFHF66CB,景福段,1.24,都市：其他:都市計畫區內之市場用地,100000,434,持分移轉,03910003
RPWQNLMLOHGGFHF66CB,景福段,.48,都市：其他:都市計畫區內之市場用地,100000,434,持分移轉,03920001
RPWQNLMLOHGGFHF66CB,景福段,12.30,都市：其他:都市計畫區內之市場用地,100000,434,持分移轉,03950001
RPTRNLMLOHGGFHF09CB,景福段,.85,都市：其他:都市計畫區內之市場用地,100000,449,持分移轉,03910001
RPTRNLMLOHGGFHF09CB,景福段,1.71,都市：其他:都市計畫區內之市場用地,100000,449,持分移轉,03910002
RPTRNLMLOHGGFHF09CB,景福段,1.28,都市：其他:都市計畫區內之市場用地,100000,449,持分移轉,03910003
RPTRNLMLOHGGFHF09CB,景福段,.50,都市：其他:都市計畫區內之市場用地,100000,449,持分移轉,03920001
RPTRNLMLOHGGFHF09CB,景福段,12.73,都市：其他:都市計畫區內之市場用地,100000,449,持分移轉,03950001
RPURNLMLOHGGFHF56CB,景福段,.82,都市：其他:都市計畫區內之市場用地,100000,434,持分移轉,03910001
RPURNLMLOHGGFHF56CB,景福段,1.65,都市：其他:都市計畫區內之市場用地,100000,434,持分移轉,03910002
RPURNLMLOHGGFHF56CB,景福段,1.24,都市：其他:都市計畫區內之市場用地,100000,434,持分移轉,03910003
RPURNLMLOHGGFHF56CB,景福段,.48,都市：其他:都市計畫區內之市場用地,100000,434,持分移轉,03920001
RPURNLMLOHGGFHF56CB,景福段,12.30,都市：其他:都市計畫區內之市場用地,100000,434,持分移轉,03950001
RPVSNLMLOHGGFHF76CB,景福段,.85,都市：其他:都市計畫區內之市場用地,100000,449,持分移轉,03910001
RPVSNLMLOHGGFHF76CB,景福段,1.71,都市：其他:都市計畫區內之市場用地,100000,449,持分移轉,03910002
RPVSNLMLOHGGFHF76CB,景福段,1.28,都市：其他:都市計畫區內之市場用地,100000,449,持分移轉,03910003
RPVSNLMLOHGGFHF76CB,景福段,.50,都市：其他:都市計畫區內之市場用地,100000,449,持分移轉,03920001
RPVSNLMLOHGGFHF76CB,景福段,12.73,都市：其他:都市計畫區內之市場用地,100000,449,持分移轉,03950001
RPPRNLMLOHGGFHF68CB,景福段,.82,都市：其他:都市計畫區內之市場用地,100000,434,持分移轉,03910001
RPPRNLMLOHGGFHF68CB,景福段,1.65,都市：其他:都市計畫區內之市場用地,100000,434,持分移轉,03910002
RPPRNLMLOHGGFHF68CB,景福段,1.24,都市：其他:都市計畫區內之市場用地,100000,434,持分移轉,03910003
RPPRNLMLOHGGFHF68CB,景福段,.48,都市：其他:都市計畫區內之市場用地,100000,434,持分移轉,03920001
RPPRNLMLOHGGFHF68CB,景福段,12.30,都市：其他:都市計畫區內之市場用地,100000,434,持分移轉,03950001
RPWSNLMLOHGGFHF86CB,景福段,.82,都市：其他:都市計畫區內之市場用地,100000,434,持分移轉,03910001
RPWSNLMLOHGGFHF86CB,景福段,1.65,都市：其他:都市計畫區內之市場用地,100000,434,持分移轉,03910002
RPWSNLMLOHGGFHF86CB,景福段,1.24,都市：其他:都市計畫區內之市場用地,100000,434,持分移轉,03910003
RPWSNLMLOHGGFHF86CB,景福段,.48,都市：其他:都市計畫區內之市場用地,100000,434,持分移轉,03920001
RPWSNLMLOHGGFHF86CB,景福段,12.30,都市：其他:都市計畫區內之市場用地,100000,434,持分移轉,03950001
RPXSNLMLOHGGFHF96CB,景福段,.85,都市：其他:都市計畫區內之市場用地,100000,449,持分移轉,03910001
RPXSNLMLOHGGFHF96CB,景福段,1.71,都市：其他:都市計畫區內之市場用地,100000,449,持分移轉,03910002
RPXSNLMLOHGGFHF96CB,景福段,1.28,都市：其他:都市計畫區內之市場用地,100000,449,持分移轉,03910003
RPQTNLMLOHGGFHF98CB,景福段,.82,都市：其他:都市計畫區內之市場用地,100000,434,持分移轉,03910001
RPQTNLMLOHGGFHF98CB,景福段,1.65,都市：其他:都市計畫區內之市場用地,100000,434,持分移轉,03910002
RPXSNLMLOHGGFHF96CB,景福段,.50,都市：其他:都市計畫區內之市場用地,100000,449,持分移轉,03920001
RPQTNLMLOHGGFHF98CB,景福段,1.24,都市：其他:都市計畫區內之市場用地,100000,434,持分移轉,03910003
RPQTNLMLOHGGFHF98CB,景福段,.48,都市：其他:都市計畫區內之市場用地,100000,434,持分移轉,03920001
RPXSNLMLOHGGFHF96CB,景福段,12.73,都市：其他:都市計畫區內之市場用地,100000,449,持分移轉,03950001
RPQTNLMLOHGGFHF98CB,景福段,12.30,都市：其他:都市計畫區內之市場用地,100000,434,持分移轉,03950001
RPXTNLMLOHGGFHF07CB,景福段,.82,都市：其他:都市計畫區內之市場用地,100000,434,持分移轉,03910001
RPXTNLMLOHGGFHF07CB,景福段,1.65,都市：其他:都市計畫區內之市場用地,100000,434,持分移轉,03910002
RPXTNLMLOHGGFHF07CB,景福段,1.24,都市：其他:都市計畫區內之市場用地,100000,434,持分移轉,03910003
RPXTNLMLOHGGFHF07CB,景福段,.48,都市：其他:都市計畫區內之市場用地,100000,434,持分移轉,03920001
RPPUNLMLOHGGFHF98CB,景福段,.85,都市：其他:都市計畫區內之市場用地,100000,449,持分移轉,03910001
RPXTNLMLOHGGFHF07CB,景福段,12.30,都市：其他:都市計畫區內之市場用地,100000,434,持分移轉,03950001
RPPUNLMLOHGGFHF98CB,景福段,1.71,都市：其他:都市計畫區內之市場用地,100000,449,持分移轉,03910002
RPPUNLMLOHGGFHF98CB,景福段,1.28,都市：其他:都市計畫區內之市場用地,100000,449,持分移轉,03910003
RPPUNLMLOHGGFHF98CB,景福段,.50,都市：其他:都市計畫區內之市場用地,100000,449,持分移轉,03920001
RPPUNLMLOHGGFHF98CB,景福段,12.73,都市：其他:都市計畫區內之市場用地,100000,449,持分移轉,03950001
RPSUNLMLOHGGFHF66CB,景福段,.82,都市：其他:都市計畫區內之市場用地,100000,434,持分移轉,03910001
RPSUNLMLOHGGFHF66CB,景福段,1.65,都市：其他:都市計畫區內之市場用地,100000,434,持分移轉,03910002
RPSUNLMLOHGGFHF66CB,景福段,1.24,都市：其他:都市計畫區內之市場用地,100000,434,持分移轉,03910003
RPSUNLMLOHGGFHF66CB,景福段,.48,都市：其他:都市計畫區內之市場用地,100000,434,持分移轉,03920001
RPSUNLMLOHGGFHF66CB,景福段,12.30,都市：其他:都市計畫區內之市場用地,100000,434,持分移轉,03950001
RPVTNLMLOHGGFHF86CB,景福段,.85,都市：其他:都市計畫區內之市場用地,100000,449,持分移轉,03910001
RPVTNLMLOHGGFHF86CB,景福段,1.71,都市：其他:都市計畫區內之市場用地,100000,449,持分移轉,03910002
RPVTNLMLOHGGFHF86CB,景福段,1.28,都市：其他:都市計畫區內之市場用地,100000,449,持分移轉,03910003
RPVTNLMLOHGGFHF86CB,景福段,.50,都市：其他:都市計畫區內之市場用地,100000,449,持分移轉,03920001
RPVTNLMLOHGGFHF86CB,景福段,12.73,都市：其他:都市計畫區內之市場用地,100000,449,持分移轉,03950001
RPTOMLMLOHGGFAF97CB,永翠段,18.89,都市：住,100000,486,持分移轉,00380000
RPSOMLMLOHGGFAF87CB,永翠段,19.01,都市：住,100000,489,持分移轉,00380000
RPUOMLMLOHGGFAF08CB,永翠段,19.32,都市：住,100000,497,持分移轉,00380000
RPVOMLMLOHGGFAF18CB,永翠段,18.85,都市：住,100000,485,持分移轉,00380000
RPWOMLMLOHGGFAF28CB,永翠段,18.93,都市：住,100000,487,持分移轉,00380000
RPXOMLMLOHGGFAF38CB,永翠段,18.93,都市：住,100000,487,持分移轉,00380000
RPOPMLMLOHGGFAF57CB,永翠段,18.93,都市：住,100000,487,持分移轉,00380000
RPPPMLMLOHGGFAF67CB,永翠段,18.93,都市：住,100000,487,持分移轉,00380000
RPQPMLMLOHGGFAF77CB,永翠段,18.93,都市：住,100000,487,持分移轉,00380000
RPSPMLMLOHGGFAF97CB,永翠段,18.93,都市：住,100000,487,持分移轉,00380000
RPRPMLMLOHGGFAF87CB,永翠段,18.93,都市：住,100000,487,持分移轉,00380000
RPTPMLMLOHGGFAF08CB,永翠段,19.32,都市：住,100000,497,持分移轉,00380000
RPUPMLMLOHGGFAF18CB,永翠段,18.93,都市：住,100000,487,持分移轉,00380000
RPVPMLMLOHGGFAF28CB,永翠段,18.93,都市：住,100000,487,持分移轉,00380000
RPWPMLMLOHGGFAF38CB,永翠段,18.93,都市：住,100000,487,持分移轉,00380000
RPQQMLMLOHGGFAF87CB,永翠段,14.23,都市：住,100000,366,持分移轉,00380000
RPOQMLMLOHGGFAF67CB,永翠段,18.93,都市：住,100000,487,持分移轉,00380000
RPSQMLMLOHGGFAF08CB,永翠段,14.38,都市：住,100000,370,持分移轉,00380000
RPPQMLMLOHGGFAF77CB,永翠段,18.93,都市：住,100000,487,持分移轉,00380000
RPRQMLMLOHGGFAF97CB,永翠段,14.23,都市：住,100000,366,持分移轉,00380000
RPXPMLMLOHGGFAF48CB,永翠段,19.32,都市：住,100000,497,持分移轉,00380000
RPTQMLMLOHGGFAF18CB,永翠段,14.38,都市：住,100000,370,持分移轉,00380000
RPUQMLMLOHGGFAF28CB,永翠段,14.38,都市：住,100000,370,持分移轉,00380000
RPVQMLMLOHGGFAF38CB,永翠段,14.38,都市：住,100000,370,持分移轉,00380000
RPWQMLMLOHGGFAF48CB,永翠段,14.38,都市：住,100000,370,持分移轉,00380000
RPTRMLMLOHGGFAF28CB,永翠段,14.85,都市：住,100000,382,持分移轉,00380000
RPPRMLMLOHGGFAF87CB,永翠段,14.46,都市：住,100000,372,持分移轉,00380000
RPURMLMLOHGGFAF38CB,永翠段,14.46,都市：住,100000,372,持分移轉,00380000
RPQRMLMLOHGGFAF97CB,永翠段,14.46,都市：住,100000,372,持分移轉,00380000
RPORMLMLOHGGFAF77CB,永翠段,14.38,都市：住,100000,370,持分移轉,00380000
RPSRMLMLOHGGFAF18CB,永翠段,14.46,都市：住,100000,372,持分移轉,00380000
RPRRMLMLOHGGFAF08CB,永翠段,14.46,都市：住,100000,372,持分移轉,00380000
RPXQMLMLOHGGFAF58CB,永翠段,14.38,都市：住,100000,370,持分移轉,00380000
RPVRMLMLOHGGFAF48CB,永翠段,14.85,都市：住,100000,382,持分移轉,00380000
RPWRMLMLOHGGFAF58CB,永翠段,14.30,都市：住,100000,368,持分移轉,00380000
RPXRMLMLOHGGFAF68CB,永翠段,14.50,都市：住,100000,373,持分移轉,00380000
RPQSMLMLOHGGFAF08CB,永翠段,14.11,都市：住,100000,363,持分移轉,00380000
RPOSMLMLOHGGFAF87CB,永翠段,14.50,都市：住,100000,373,持分移轉,00380000
RPRSMLMLOHGGFAF18CB,永翠段,14.50,都市：住,100000,373,持分移轉,00380000
RPPSMLMLOHGGFAF97CB,永翠段,14.50,都市：住,100000,373,持分移轉,00380000
RPUSMLMLOHGGFAF48CB,永翠段,14.50,都市：住,100000,373,持分移轉,00380000
RPSSMLMLOHGGFAF28CB,永翠段,14.50,都市：住,100000,373,持分移轉,00380000
RPTSMLMLOHGGFAF38CB,永翠段,14.50,都市：住,100000,373,持分移轉,00380000
RPVSMLMLOHGGFAF58CB,永翠段,14.50,都市：住,100000,373,持分移轉,00380000
RPXSMLMLOHGGFAF78CB,永翠段,14.50,都市：住,100000,373,持分移轉,00380000
RPSTMLMLOHGGFAF38CB,永翠段,14.54,都市：住,100000,374,持分移轉,00380000
RPPTMLMLOHGGFAF08CB,永翠段,14.50,都市：住,100000,373,持分移轉,00380000
RPTTMLMLOHGGFAF48CB,永翠段,13.41,都市：住,100000,345,持分移轉,00380000
RPQTMLMLOHGGFAF18CB,永翠段,14.54,都市：住,100000,374,持分移轉,00380000
RPRTMLMLOHGGFAF28CB,永翠段,14.54,都市：住,100000,374,持分移轉,00380000
RPWTMLMLOHGGFAF78CB,永翠段,13.41,都市：住,100000,345,持分移轉,00380000
RPUTMLMLOHGGFAF58CB,永翠段,13.41,都市：住,100000,345,持分移轉,00380000
RPVTMLMLOHGGFAF68CB,永翠段,13.41,都市：住,100000,345,持分移轉,00380000
RPOUMLMLOHGGFAF08CB,永翠段,13.41,都市：住,100000,345,持分移轉,00380000
RPQUMLMLOHGGFAF28CB,永翠段,13.41,都市：住,100000,345,持分移轉,00380000
RPRUMLMLOHGGFAF38CB,永翠段,13.41,都市：住,100000,345,持分移轉,00380000
RPSUMLMLOHGGFAF48CB,永翠段,13.41,都市：住,100000,345,持分移轉,00380000
RPTUMLMLOHGGFAF58CB,永翠段,13.41,都市：住,100000,345,持分移轉,00380000
RPVUMLMLOHGGFAF78CB,永翠段,13.41,都市：住,100000,345,持分移轉,00380000
RPUUMLMLOHGGFAF68CB,永翠段,13.41,都市：住,100000,345,持分移轉,00380000
RPXUMLMLOHGGFAF98CB,永翠段,13.41,都市：住,100000,345,持分移轉,00380000
RPOVMLMLOHGGFAF18CB,永翠段,13.41,都市：住,100000,345,持分移轉,00380000
RPWUMLMLOHGGFAF88CB,永翠段,13.41,都市：住,100000,345,持分移轉,00380000
RPPVMLMLOHGGFAF28CB,永翠段,13.41,都市：住,100000,345,持分移轉,00380000
RPQVMLMLOHGGFAF38CB,永翠段,13.10,都市：住,100000,337,持分移轉,00380000
RPRVMLMLOHGGFAF48CB,永翠段,19.01,都市：住,100000,489,持分移轉,00380000
RPUVMLMLOHGGFAF78CB,永翠段,13.56,都市：住,100000,349,持分移轉,00380000
RPSVMLMLOHGGFAF58CB,永翠段,13.18,都市：住,100000,339,持分移轉,00380000
RPVVMLMLOHGGFAF88CB,永翠段,19.32,都市：住,100000,497,持分移轉,00380000
RPTVMLMLOHGGFAF68CB,永翠段,18.89,都市：住,100000,486,持分移轉,00380000
RPWVMLMLOHGGFAF98CB,永翠段,17.72,都市：住,100000,456,持分移轉,00380000
RPXVMLMLOHGGFAF09CB,永翠段,17.92,都市：住,100000,461,持分移轉,00380000
RPOWMLMLOHGGFAF28CB,永翠段,19.24,都市：住,100000,495,持分移轉,00380000
RPPWMLMLOHGGFAF38CB,永翠段,18.93,都市：住,100000,487,持分移轉,00380000
RPRWMLMLOHGGFAF58CB,永翠段,18.93,都市：住,100000,487,持分移轉,00380000
RPTWMLMLOHGGFAF78CB,永翠段,18.93,都市：住,100000,487,持分移轉,00380000
RPQWMLMLOHGGFAF48CB,永翠段,18.93,都市：住,100000,487,持分移轉,00380000
RPVWMLMLOHGGFAF98CB,永翠段,17.92,都市：住,100000,461,持分移轉,00380000
RPUWMLMLOHGGFAF88CB,永翠段,19.32,都市：住,100000,497,持分移轉,00380000
RPSWMLMLOHGGFAF68CB,永翠段,17.92,都市：住,100000,461,持分移轉,00380000
RPONNLMLOHGGFAF47CB,永翠段,17.92,都市：住,100000,461,持分移轉,00380000
RPXWMLMLOHGGFAF56CB,永翠段,17.92,都市：住,100000,461,持分移轉,00380000
RPPNNLMLOHGGFAF57CB,永翠段,17.92,都市：住,100000,461,持分移轉,00380000
RPQNNLMLOHGGFAF67CB,永翠段,18.93,都市：住,100000,487,持分移轉,00380000
RPRNNLMLOHGGFAF77CB,永翠段,19.32,都市：住,100000,497,持分移轉,00380000
RPSNNLMLOHGGFAF87CB,永翠段,17.92,都市：住,100000,461,持分移轉,00380000
RPUNNLMLOHGGFAF08CB,永翠段,17.92,都市：住,100000,461,持分移轉,00380000
RPVNNLMLOHGGFAF18CB,永翠段,18.93,都市：住,100000,487,持分移轉,00380000
RPTNNLMLOHGGFAF97CB,永翠段,18.93,都市：住,100000,487,持分移轉,00380000
RPXNNLMLOHGGFAF38CB,永翠段,17.92,都市：住,100000,461,持分移轉,00380000
RPWNNLMLOHGGFAF28CB,永翠段,18.93,都市：住,100000,487,持分移轉,00380000
RPOONLMLOHGGFAF57CB,永翠段,18.93,都市：住,100000,487,持分移轉,00380000
RPRONLMLOHGGFAF87CB,永翠段,17.92,都市：住,100000,461,持分移轉,00380000
RPQONLMLOHGGFAF77CB,永翠段,18.93,都市：住,100000,487,持分移轉,00380000
RPPONLMLOHGGFAF67CB,永翠段,17.92,都市：住,100000,461,持分移轉,00380000
RPSONLMLOHGGFAF97CB,永翠段,18.93,都市：住,100000,487,持分移轉,00380000
RPUONLMLOHGGFAF18CB,永翠段,17.92,都市：住,100000,461,持分移轉,00380000
RPTONLMLOHGGFAF08CB,永翠段,18.93,都市：住,100000,487,持分移轉,00380000
RPOPNLMLOHGGFAF67CB,永翠段,13.68,都市：住,100000,352,持分移轉,00380000
RPWONLMLOHGGFAF38CB,永翠段,17.92,都市：住,100000,461,持分移轉,00380000
RPVONLMLOHGGFAF28CB,永翠段,14.26,都市：住,100000,367,持分移轉,00380000
RPPPNLMLOHGGFAF77CB,永翠段,14.26,都市：住,100000,367,持分移轉,00380000
RPQPNLMLOHGGFAF87CB,永翠段,14.42,都市：住,100000,371,持分移轉,00380000
RPRPNLMLOHGGFAF97CB,永翠段,13.68,都市：住,100000,352,持分移轉,00380000
RPTPNLMLOHGGFAF18CB,永翠段,13.68,都市：住,100000,352,持分移轉,00380000
RPUPNLMLOHGGFAF28CB,永翠段,14.42,都市：住,100000,371,持分移轉,00380000
RPXPNLMLOHGGFAF58CB,永翠段,13.68,都市：住,100000,352,持分移轉,00380000
RPVPNLMLOHGGFAF38CB,永翠段,13.68,都市：住,100000,352,持分移轉,00380000
RPOQNLMLOHGGFAF77CB,永翠段,13.68,都市：住,100000,352,持分移轉,00380000
RPSPNLMLOHGGFAF08CB,永翠段,14.42,都市：住,100000,371,持分移轉,00380000
RPPQNLMLOHGGFAF87CB,永翠段,13.68,都市：住,100000,352,持分移轉,00380000
RPQQNLMLOHGGFAF97CB,永翠段,14.42,都市：住,100000,371,持分移轉,00380000
RPSQNLMLOHGGFAF18CB,永翠段,14.42,都市：住,100000,371,持分移轉,00380000
RPRQNLMLOHGGFAF08CB,永翠段,13.68,都市：住,100000,352,持分移轉,00380000
RPTQNLMLOHGGFAF28CB,永翠段,14.42,都市：住,100000,371,持分移轉,00380000
RPVQNLMLOHGGFAF48CB,永翠段,14.42,都市：住,100000,371,持分移轉,00380000
RPUQNLMLOHGGFAF38CB,永翠段,13.72,都市：住,100000,353,持分移轉,00380000
RPWQNLMLOHGGFAF58CB,永翠段,14.11,都市：住,100000,363,持分移轉,00380000
RPXQNLMLOHGGFAF68CB,永翠段,14.42,都市：住,100000,371,持分移轉,00380000
RPORNLMLOHGGFAF87CB,永翠段,13.68,都市：住,100000,352,持分移轉,00380000
RPQRNLMLOHGGFAF08CB,永翠段,14.42,都市：住,100000,371,持分移轉,00380000
RPPRNLMLOHGGFAF97CB,永翠段,14.42,都市：住,100000,371,持分移轉,00380000
RPSRNLMLOHGGFAF28CB,永翠段,14.03,都市：住,100000,361,持分移轉,00380000
RPRRNLMLOHGGFAF18CB,永翠段,13.68,都市：住,100000,352,持分移轉,00380000
RPTRNLMLOHGGFAF38CB,永翠段,13.68,都市：住,100000,352,持分移轉,00380000
RPVRNLMLOHGGFAF58CB,永翠段,14.42,都市：住,100000,371,持分移轉,00380000
RPURNLMLOHGGFAF48CB,永翠段,14.42,都市：住,100000,371,持分移轉,00380000
RPXRNLMLOHGGFAF78CB,永翠段,14.34,都市：住,100000,369,持分移轉,00380000
RPOSNLMLOHGGFAF97CB,永翠段,13.95,都市：住,100000,359,持分移轉,00380000
RPWRNLMLOHGGFAF68CB,永翠段,13.95,都市：住,100000,359,持分移轉,00380000
RPPSNLMLOHGGFAF08CB,永翠段,14.54,都市：住,100000,374,持分移轉,00380000
RPQSNLMLOHGGFAF18CB,永翠段,14.54,都市：住,100000,374,持分移轉,00380000
RPRSNLMLOHGGFAF28CB,永翠段,13.95,都市：住,100000,359,持分移轉,00380000
RPVSNLMLOHGGFAF68CB,永翠段,13.95,都市：住,100000,359,持分移轉,00380000
RPUSNLMLOHGGFAF58CB,永翠段,14.54,都市：住,100000,374,持分移轉,00380000
RPSSNLMLOHGGFAF38CB,永翠段,14.54,都市：住,100000,374,持分移轉,00380000
RPTSNLMLOHGGFAF48CB,永翠段,13.95,都市：住,100000,359,持分移轉,00380000
RPWSNLMLOHGGFAF78CB,永翠段,14.54,都市：住,100000,374,持分移轉,00380000
RPOTNLMLOHGGFAF08CB,永翠段,14.54,都市：住,100000,374,持分移轉,00380000
RPXSNLMLOHGGFAF88CB,永翠段,13.99,都市：住,100000,360,持分移轉,00380000
RPPTNLMLOHGGFAF18CB,永翠段,14.54,都市：住,100000,374,持分移轉,00380000
RPRTNLMLOHGGFAF38CB,永翠段,14.54,都市：住,100000,374,持分移轉,00380000
RPUTNLMLOHGGFAF68CB,永翠段,14.15,都市：住,100000,364,持分移轉,00380000
RPSTNLMLOHGGFAF48CB,永翠段,14.54,都市：住,100000,374,持分移轉,00380000
RPTTNLMLOHGGFAF58CB,永翠段,14.54,都市：住,100000,374,持分移轉,00380000
RPQTNLMLOHGGFAF28CB,永翠段,13.91,都市：住,100000,358,持分移轉,00380000
RPWTNLMLOHGGFAF88CB,永翠段,14.54,都市：住,100000,374,持分移轉,00380000
RPVTNLMLOHGGFAF78CB,永翠段,14.54,都市：住,100000,374,持分移轉,00380000
RPXTNLMLOHGGFAF98CB,永翠段,14.54,都市：住,100000,374,持分移轉,00380000
RPOUNLMLOHGGFAF18CB,永翠段,13.91,都市：住,100000,358,持分移轉,00380000
RPPUNLMLOHGGFAF28CB,永翠段,13.41,都市：住,100000,345,持分移轉,00380000
RPQUNLMLOHGGFAF38CB,永翠段,13.91,都市：住,100000,358,持分移轉,00380000
RPSUNLMLOHGGFAF58CB,永翠段,13.41,都市：住,100000,345,持分移轉,00380000
RPRUNLMLOHGGFAF48CB,永翠段,13.41,都市：住,100000,345,持分移轉,00380000
RPVUNLMLOHGGFAF88CB,永翠段,13.41,都市：住,100000,345,持分移轉,00380000
RPXUNLMLOHGGFAF09CB,永翠段,13.41,都市：住,100000,345,持分移轉,00380000
RPWUNLMLOHGGFAF98CB,永翠段,13.95,都市：住,100000,359,持分移轉,00380000
RPOVNLMLOHGGFAF28CB,永翠段,13.95,都市：住,100000,359,持分移轉,00380000
RPTUNLMLOHGGFAF68CB,永翠段,13.95,都市：住,100000,359,持分移轉,00380000
RPUUNLMLOHGGFAF78CB,永翠段,13.41,都市：住,100000,345,持分移轉,00380000
RPPVNLMLOHGGFAF38CB,永翠段,13.41,都市：住,100000,345,持分移轉,00380000
RPTVNLMLOHGGFAF78CB,永翠段,13.41,都市：住,100000,345,持分移轉,00380000
RPSVNLMLOHGGFAF68CB,永翠段,13.95,都市：住,100000,359,持分移轉,00380000
RPUVNLMLOHGGFAF88CB,永翠段,13.95,都市：住,100000,359,持分移轉,00380000
RPRVNLMLOHGGFAF58CB,永翠段,13.41,都市：住,100000,345,持分移轉,00380000
RPVVNLMLOHGGFAF98CB,永翠段,13.41,都市：住,100000,345,持分移轉,00380000
RPOWNLMLOHGGFAF38CB,永翠段,13.41,都市：住,100000,345,持分移轉,00380000
RPWVNLMLOHGGFAF09CB,永翠段,13.95,都市：住,100000,359,持分移轉,00380000
RPPWNLMLOHGGFAF48CB,永翠段,13.41,都市：住,100000,345,持分移轉,00380000
RPXVNLMLOHGGFAF56CB,永翠段,13.41,都市：住,100000,345,持分移轉,00380000
RPQWNLMLOHGGFAF58CB,永翠段,13.41,都市：住,100000,345,持分移轉,00380000
RPSWNLMLOHGGFAF78CB,永翠段,13.41,都市：住,100000,345,持分移轉,00380000
RPUWNLMLOHGGFAF98CB,永翠段,13.10,都市：住,100000,337,持分移轉,00380000
RPRWNLMLOHGGFAF68CB,永翠段,13.95,都市：住,100000,359,持分移轉,00380000
RPVWNLMLOHGGFAF09CB,永翠段,13.18,都市：住,100000,339,持分移轉,00380000
RPTWNLMLOHGGFAF88CB,永翠段,13.99,都市：住,100000,360,持分移轉,00380000
RPWWNLMLOHGGFAF56CB,永翠段,12.79,都市：住,100000,329,持分移轉,00380000
RPXWNLMLOHGGFAF66CB,永翠段,14.30,都市：住,100000,368,持分移轉,00380000
RPQNOLMLOHGGFAF77CB,永翠段,17.92,都市：住,100000,461,持分移轉,00380000
RPONOLMLOHGGFAF57CB,永翠段,17.72,都市：住,100000,456,持分移轉,00380000
RPRNOLMLOHGGFAF87CB,永翠段,13.91,都市：住,100000,358,持分移轉,00380000
RPUNOLMLOHGGFAF18CB,永翠段,17.92,都市：住,100000,461,持分移轉,00380000
RPTNOLMLOHGGFAF08CB,永翠段,13.91,都市：住,100000,358,持分移轉,00380000
RPSNOLMLOHGGFAF97CB,永翠段,17.92,都市：住,100000,461,持分移轉,00380000
RPWNOLMLOHGGFAF38CB,永翠段,18.31,都市：住,100000,471,持分移轉,00380000
RPOOOLMLOHGGFAF67CB,永翠段,13.68,都市：住,100000,352,持分移轉,00380000
RPROOLMLOHGGFAF97CB,永翠段,17.92,都市：住,100000,461,持分移轉,00380000
RPPOOLMLOHGGFAF77CB,永翠段,17.92,都市：住,100000,461,持分移轉,00380000
RPTOOLMLOHGGFAF18CB,永翠段,17.92,都市：住,100000,461,持分移轉,00380000
RPUOOLMLOHGGFAF28CB,永翠段,17.92,都市：住,100000,461,持分移轉,00380000
RPVOOLMLOHGGFAF38CB,永翠段,18.11,都市：住,100000,466,持分移轉,00380000
RPXOOLMLOHGGFAF58CB,永翠段,18.11,都市：住,100000,466,持分移轉,00380000
RPQPOLMLOHGGFAF97CB,永翠段,13.68,都市：住,100000,352,持分移轉,00380000
RPPPOLMLOHGGFAF87CB,永翠段,13.68,都市：住,100000,352,持分移轉,00380000
RPSPOLMLOHGGFAF18CB,永翠段,13.68,都市：住,100000,352,持分移轉,00380000
RPTPOLMLOHGGFAF28CB,永翠段,13.68,都市：住,100000,352,持分移轉,00380000
RPUPOLMLOHGGFAF38CB,永翠段,13.68,都市：住,100000,352,持分移轉,00380000
RPRPOLMLOHGGFAF08CB,永翠段,13.68,都市：住,100000,352,持分移轉,00380000
RPVPOLMLOHGGFAF48CB,永翠段,13.68,都市：住,100000,352,持分移轉,00380000
RPOQOLMLOHGGFAF87CB,永翠段,13.33,都市：住,100000,343,持分移轉,00380000
RPQQOLMLOHGGFAF08CB,永翠段,13.68,都市：住,100000,352,持分移轉,00380000
RPPQOLMLOHGGFAF97CB,永翠段,13.72,都市：住,100000,353,持分移轉,00380000
RPSQOLMLOHGGFAF28CB,民族段,10.34,都市：住,100000,240,持分移轉,13720000
RPRQOLMLOHGGFAF18CB,永翠段,13.68,都市：住,100000,352,持分移轉,00380000
RPTQOLMLOHGGFAF38CB,永翠段,13.29,都市：住,100000,342,持分移轉,00380000
RPWROLMLOHGGFAF78CB,民族段,12.67,都市：住,100000,294,持分移轉,13720000
RPXROLMLOHGGFAF88CB,民族段,12.67,都市：住,100000,294,持分移轉,13720000
RPUROLMLOHGGFAF58CB,民族段,12.23,都市：住,100000,284,持分移轉,13720000
RPRSOLMLOHGGFAF38CB,民族段,12.67,都市：住,100000,294,持分移轉,13720000
RPVNMLMLOHGGFBF18CB,力行段,11.33,都市：商,10000,125,持分移轉,01980000
RPOOMLMLOHGGFBF57CB,力行段,11.33,都市：商,10000,125,持分移轉,01980000
RPXNMLMLOHGGFBF38CB,力行段,11.33,都市：商,10000,125,持分移轉,01980000
RPPOMLMLOHGGFBF67CB,力行段,11.33,都市：商,10000,125,持分移轉,01980000
RPQOMLMLOHGGFBF77CB,力行段,11.33,都市：商,10000,125,持分移轉,01980000
RPWNMLMLOHGGFBF28CB,力行段,11.33,都市：商,10000,125,持分移轉,01980000
RPROMLMLOHGGFBF87CB,力行段,11.33,都市：商,10000,125,持分移轉,01980000
RPSOMLMLOHGGFBF97CB,力行段,11.33,都市：商,10000,125,持分移轉,01980000
RPTOMLMLOHGGFBF08CB,力行段,11.33,都市：商,10000,125,持分移轉,01980000
RPUOMLMLOHGGFBF18CB,力行段,11.78,都市：商,10000,130,持分移轉,01980000
RPVOMLMLOHGGFBF28CB,力行段,11.78,都市：商,10000,130,持分移轉,01980000
RPXOMLMLOHGGFBF48CB,力行段,14.05,都市：商,10000,155,持分移轉,01980000
RPPPMLMLOHGGFBF77CB,力行段,14.50,都市：商,10000,160,持分移轉,01980000
RPOPMLMLOHGGFBF67CB,力行段,14.05,都市：商,10000,155,持分移轉,01980000
RPRPMLMLOHGGFBF97CB,力行段,10.42,都市：商,10000,115,持分移轉,01980000
RPWOMLMLOHGGFBF38CB,力行段,11.78,都市：商,10000,130,持分移轉,01980000
RPQPMLMLOHGGFBF87CB,力行段,14.50,都市：商,10000,160,持分移轉,01980000
RPSPMLMLOHGGFBF08CB,力行段,10.42,都市：商,10000,115,持分移轉,01980000
RPTPMLMLOHGGFBF18CB,力行段,14.96,都市：商,10000,165,持分移轉,01980000
RPUPMLMLOHGGFBF28CB,力行段,14.96,都市：商,10000,165,持分移轉,01980000
RPOQMLMLOHGGFBF77CB,力行段,14.96,都市：商,10000,165,持分移轉,01980000
RPVPMLMLOHGGFBF38CB,力行段,14.96,都市：商,10000,165,持分移轉,01980000
RPXPMLMLOHGGFBF58CB,力行段,14.96,都市：商,10000,165,持分移轉,01980000
RPWPMLMLOHGGFBF48CB,力行段,14.96,都市：商,10000,165,持分移轉,01980000
RPRQMLMLOHGGFBF08CB,力行段,10.42,都市：商,10000,115,持分移轉,01980000
RPUQMLMLOHGGFBF38CB,力行段,11.15,都市：商,10000,123,持分移轉,01980000
RPWQMLMLOHGGFBF58CB,力行段,11.60,都市：商,10000,128,持分移轉,01980000
RPVQMLMLOHGGFBF48CB,力行段,11.15,都市：商,10000,123,持分移轉,01980000
RPPRMLMLOHGGFBF97CB,力行段,10.24,都市：商,10000,113,持分移轉,01980000
RPURMLMLOHGGFBF48CB,芳洲段,10.92,都市：商,10000,39,持分移轉,00780000
RPQSMLMLOHGGFBF18CB,芳洲段,5.60,都市：商,10000,20,持分移轉,00780000
RPPSMLMLOHGGFBF08CB,芳洲段,5.60,都市：商,10000,20,持分移轉,00780000
RPOSMLMLOHGGFBF97CB,芳洲段,5.60,都市：商,10000,20,持分移轉,00780000
RPRSMLMLOHGGFBF28CB,芳洲段,5.60,都市：商,10000,20,持分移轉,00780000
RPVRMLMLOHGGFBF58CB,芳洲段,7.00,都市：商,10000,25,持分移轉,00780000
RPUSMLMLOHGGFBF58CB,芳洲段,5.60,都市：商,10000,20,持分移轉,00780000
RPVSMLMLOHGGFBF68CB,芳洲段,5.60,都市：商,10000,20,持分移轉,00780000
RPOTMLMLOHGGFBF08CB,芳洲段,5.60,都市：商,10000,20,持分移轉,00780000
RPWSMLMLOHGGFBF78CB,芳洲段,5.60,都市：商,10000,20,持分移轉,00780000
RPPTMLMLOHGGFBF18CB,芳洲段,8.96,都市：商,10000,32,持分移轉,00780000
RPQTMLMLOHGGFBF28CB,芳洲段,8.96,都市：商,10000,32,持分移轉,00780000
RPTTMLMLOHGGFBF58CB,芳洲段,8.96,都市：商,10000,32,持分移轉,00780000
RPUTMLMLOHGGFBF68CB,芳洲段,8.96,都市：商,10000,32,持分移轉,00780000
RPVTMLMLOHGGFBF78CB,芳洲段,8.96,都市：商,10000,32,持分移轉,00780000
RPSTMLMLOHGGFBF48CB,芳洲段,8.96,都市：商,10000,32,持分移轉,00780000
RPPUMLMLOHGGFBF28CB,芳洲段,10.36,都市：商,10000,37,持分移轉,00780000
RPXTMLMLOHGGFBF98CB,芳洲段,10.36,都市：商,10000,37,持分移轉,00780000
RPRUMLMLOHGGFBF48CB,芳洲段,6.44,都市：商,10000,23,持分移轉,00780000
RPQUMLMLOHGGFBF38CB,芳洲段,6.44,都市：商,10000,23,持分移轉,00780000
RPSUMLMLOHGGFBF58CB,芳洲段,6.44,都市：商,10000,23,持分移轉,00780000
RPUUMLMLOHGGFBF78CB,芳洲段,6.44,都市：商,10000,23,持分移轉,00780000
RPVUMLMLOHGGFBF88CB,芳洲段,6.44,都市：商,10000,23,持分移轉,00780000
RPXUMLMLOHGGFBF09CB,芳洲段,6.44,都市：商,10000,23,持分移轉,00780000
RPWUMLMLOHGGFBF98CB,芳洲段,6.44,都市：商,10000,23,持分移轉,00780000
RPPVMLMLOHGGFBF38CB,芳洲段,6.44,都市：商,10000,23,持分移轉,00780000
RPOVMLMLOHGGFBF28CB,芳洲段,6.44,都市：商,10000,23,持分移轉,00780000
RPUVMLMLOHGGFBF88CB,芳洲段,6.44,都市：商,10000,23,持分移轉,00780000
RPVVMLMLOHGGFBF98CB,芳洲段,6.44,都市：商,10000,23,持分移轉,00780000
RPQVMLMLOHGGFBF48CB,芳洲段,6.44,都市：商,10000,23,持分移轉,00780000
RPWVMLMLOHGGFBF09CB,芳洲段,6.44,都市：商,10000,23,持分移轉,00780000
RPOWMLMLOHGGFBF38CB,芳洲段,6.44,都市：商,10000,23,持分移轉,00780000
RPPWMLMLOHGGFBF48CB,芳洲段,10.08,都市：商,10000,36,持分移轉,00780000
RPSWMLMLOHGGFBF78CB,芳洲段,8.96,都市：商,10000,32,持分移轉,00780000
RPQWMLMLOHGGFBF58CB,芳洲段,8.96,都市：商,10000,32,持分移轉,00780000
RPRWMLMLOHGGFBF68CB,芳洲段,8.96,都市：商,10000,32,持分移轉,00780000
RPXVMLMLOHGGFBF56CB,芳洲段,6.44,都市：商,10000,23,持分移轉,00780000
RPUWMLMLOHGGFBF98CB,芳洲段,8.96,都市：商,10000,32,持分移轉,00780000
RPVWMLMLOHGGFBF09CB,芳洲段,8.96,都市：商,10000,32,持分移轉,00780000
RPWWMLMLOHGGFBF56CB,芳洲段,8.96,都市：商,10000,32,持分移轉,00780000
RPONNLMLOHGGFBF57CB,芳洲段,5.32,都市：商,10000,19,持分移轉,00780000
RPPNNLMLOHGGFBF67CB,芳洲段,5.32,都市：商,10000,19,持分移轉,00780000
RPXWMLMLOHGGFBF66CB,芳洲段,5.32,都市：商,10000,19,持分移轉,00780000
RPTNNLMLOHGGFBF08CB,芳洲段,5.32,都市：商,10000,19,持分移轉,00780000
RPQNNLMLOHGGFBF77CB,芳洲段,5.32,都市：商,10000,19,持分移轉,00780000
RPUNNLMLOHGGFBF18CB,芳洲段,5.32,都市：商,10000,19,持分移轉,00780000
RPSNNLMLOHGGFBF97CB,芳洲段,5.32,都市：商,10000,19,持分移轉,00780000
RPWNNLMLOHGGFBF38CB,芳洲段,5.32,都市：商,10000,19,持分移轉,00780000
RPVNNLMLOHGGFBF28CB,芳洲段,5.32,都市：商,10000,19,持分移轉,00780000
RPXNNLMLOHGGFBF48CB,芳洲段,5.32,都市：商,10000,19,持分移轉,00780000
RPPONLMLOHGGFBF77CB,芳洲段,5.32,都市：商,10000,19,持分移轉,00780000
RPOONLMLOHGGFBF67CB,芳洲段,5.32,都市：商,10000,19,持分移轉,00780000
RPQONLMLOHGGFBF87CB,芳洲段,5.60,都市：商,10000,20,持分移轉,00780000
RPSONLMLOHGGFBF08CB,芳洲段,5.60,都市：商,10000,20,持分移轉,00780000
RPRONLMLOHGGFBF97CB,芳洲段,5.60,都市：商,10000,20,持分移轉,00780000
RPTONLMLOHGGFBF18CB,芳洲段,5.60,都市：商,10000,20,持分移轉,00780000
RPWONLMLOHGGFBF48CB,芳洲段,5.60,都市：商,10000,20,持分移轉,00780000
RPVONLMLOHGGFBF38CB,芳洲段,5.60,都市：商,10000,20,持分移轉,00780000
RPOPNLMLOHGGFBF77CB,芳洲段,5.60,都市：商,10000,20,持分移轉,00780000
RPPPNLMLOHGGFBF87CB,芳洲段,5.60,都市：商,10000,20,持分移轉,00780000
RPRPNLMLOHGGFBF08CB,芳洲段,5.60,都市：商,10000,20,持分移轉,00780000
RPQPNLMLOHGGFBF97CB,芳洲段,5.60,都市：商,10000,20,持分移轉,00780000
RPVPNLMLOHGGFBF48CB,芳洲段,5.60,都市：商,10000,20,持分移轉,00780000
RPUPNLMLOHGGFBF38CB,芳洲段,5.60,都市：商,10000,20,持分移轉,00780000
RPTPNLMLOHGGFBF28CB,芳洲段,5.60,都市：商,10000,20,持分移轉,00780000
RPSPNLMLOHGGFBF18CB,芳洲段,5.60,都市：商,10000,20,持分移轉,00780000
RPWPNLMLOHGGFBF58CB,芳洲段,9.24,都市：商,10000,33,持分移轉,00780000
RPXPNLMLOHGGFBF68CB,芳洲段,9.24,都市：商,10000,33,持分移轉,00780000
RPOQNLMLOHGGFBF87CB,芳洲段,9.24,都市：商,10000,33,持分移轉,00780000
RPSQNLMLOHGGFBF28CB,芳洲段,9.24,都市：商,10000,33,持分移轉,00780000
RPRQNLMLOHGGFBF18CB,芳洲段,9.24,都市：商,10000,33,持分移轉,00780000
RPQQNLMLOHGGFBF08CB,芳洲段,9.24,都市：商,10000,33,持分移轉,00780000
RPUQNLMLOHGGFBF48CB,芳洲段,9.24,都市：商,10000,33,持分移轉,00780000
RPVQNLMLOHGGFBF58CB,芳洲段,9.24,都市：商,10000,33,持分移轉,00780000
RPTQNLMLOHGGFBF38CB,芳洲段,9.24,都市：商,10000,33,持分移轉,00780000
RPORNLMLOHGGFBF97CB,芳洲段,10.92,都市：商,10000,39,持分移轉,00780000
RPPRNLMLOHGGFBF08CB,國宅段,42.34,都市：住,100000,4226,持分移轉,00950008
RPQRNLMLOHGGFBF18CB,芳洲段,10.92,都市：商,10000,39,持分移轉,00780000
RPRRNLMLOHGGFBF28CB,國宅段,23.04,都市：住,100000,2299,持分移轉,00950008
RPVRNLMLOHGGFBF68CB,國宅段,23.04,都市：住,100000,2299,持分移轉,00950008
RPURNLMLOHGGFBF58CB,國宅段,23.04,都市：住,100000,2299,持分移轉,00950008
RPOSNLMLOHGGFBF08CB,國宅段,23.04,都市：住,100000,2299,持分移轉,00950008
RPWRNLMLOHGGFBF78CB,芳洲段,10.92,都市：商,10000,39,持分移轉,00780000
RPXRNLMLOHGGFBF88CB,國宅段,23.04,都市：住,100000,2299,持分移轉,00950008
RPRSNLMLOHGGFBF38CB,國宅段,23.04,都市：住,100000,2299,持分移轉,00950008
RPQSNLMLOHGGFBF28CB,芳洲段,10.92,都市：商,10000,39,持分移轉,00780000
RPUSNLMLOHGGFBF68CB,國宅段,23.04,都市：住,100000,2299,持分移轉,00950008
RPXSNLMLOHGGFBF98CB,芳洲段,7.00,都市：商,10000,25,持分移轉,00780000
RPPTNLMLOHGGFBF28CB,芳洲段,7.00,都市：商,10000,25,持分移轉,00780000
RPOTNLMLOHGGFBF18CB,國宅段,23.04,都市：住,100000,2299,持分移轉,00950008
RPSTNLMLOHGGFBF58CB,芳洲段,7.00,都市：商,10000,25,持分移轉,00780000
RPRTNLMLOHGGFBF48CB,國宅段,23.04,都市：住,100000,2299,持分移轉,00950008
RPTTNLMLOHGGFBF68CB,芳洲段,7.00,都市：商,10000,25,持分移轉,00780000
RPUTNLMLOHGGFBF78CB,芳洲段,7.00,都市：商,10000,25,持分移轉,00780000
RPWTNLMLOHGGFBF98CB,芳洲段,7.00,都市：商,10000,25,持分移轉,00780000
RPXTNLMLOHGGFBF09CB,芳洲段,7.00,都市：商,10000,25,持分移轉,00780000
RPVTNLMLOHGGFBF88CB,芳洲段,7.00,都市：商,10000,25,持分移轉,00780000
RPOUNLMLOHGGFBF28CB,芳洲段,7.00,都市：商,10000,25,持分移轉,00780000
RPQUNLMLOHGGFBF48CB,芳洲段,7.00,都市：商,10000,25,持分移轉,00780000
RPPUNLMLOHGGFBF38CB,芳洲段,7.00,都市：商,10000,25,持分移轉,00780000
RPSUNLMLOHGGFBF68CB,芳洲段,7.00,都市：商,10000,25,持分移轉,00780000
RPVUNLMLOHGGFBF98CB,芳洲段,11.20,都市：商,10000,40,持分移轉,00780000
RPRUNLMLOHGGFBF58CB,芳洲段,7.00,都市：商,10000,25,持分移轉,00780000
RPUUNLMLOHGGFBF88CB,芳洲段,7.00,都市：商,10000,25,持分移轉,00780000
RPWUNLMLOHGGFBF09CB,芳洲段,11.20,都市：商,10000,40,持分移轉,00780000
RPOVNLMLOHGGFBF38CB,芳洲段,11.20,都市：商,10000,40,持分移轉,00780000
RPXUNLMLOHGGFBF56CB,芳洲段,11.20,都市：商,10000,40,持分移轉,00780000
RPRVNLMLOHGGFBF68CB,芳洲段,11.48,都市：商,10000,41,持分移轉,00780000
RPQVNLMLOHGGFBF58CB,芳洲段,11.20,都市：商,10000,40,持分移轉,00780000
RPPVNLMLOHGGFBF48CB,芳洲段,11.20,都市：商,10000,40,持分移轉,00780000
RPSVNLMLOHGGFBF78CB,芳洲段,11.48,都市：商,10000,41,持分移轉,00780000
RPTVNLMLOHGGFBF88CB,芳洲段,5.88,都市：商,10000,21,持分移轉,00780000
RPWVNLMLOHGGFBF56CB,芳洲段,5.88,都市：商,10000,21,持分移轉,00780000
RPVVNLMLOHGGFBF09CB,芳洲段,5.88,都市：商,10000,21,持分移轉,00780000
RPXVNLMLOHGGFBF66CB,芳洲段,5.88,都市：商,10000,21,持分移轉,00780000
RPOWNLMLOHGGFBF48CB,芳洲段,5.88,都市：商,10000,21,持分移轉,00780000
RPPWNLMLOHGGFBF58CB,芳洲段,5.88,都市：商,10000,21,持分移轉,00780000
RPRWNLMLOHGGFBF78CB,芳洲段,9.24,都市：商,10000,33,持分移轉,00780000
RPSWNLMLOHGGFBF88CB,芳洲段,9.24,都市：商,10000,33,持分移轉,00780000
RPQWNLMLOHGGFBF68CB,芳洲段,5.88,都市：商,10000,21,持分移轉,00780000
RPTWNLMLOHGGFBF98CB,芳洲段,9.24,都市：商,10000,33,持分移轉,00780000
RPVWNLMLOHGGFBF56CB,芳洲段,9.24,都市：商,10000,33,持分移轉,00780000
RPONOLMLOHGGFBF67CB,芳洲段,9.24,都市：商,10000,33,持分移轉,00780000
RPXWNLMLOHGGFBF76CB,芳洲段,9.24,都市：商,10000,33,持分移轉,00780000
RPPNOLMLOHGGFBF77CB,芳洲段,9.24,都市：商,10000,33,持分移轉,00780000
RPQNOLMLOHGGFBF87CB,芳洲段,9.24,都市：商,10000,33,持分移轉,00780000
RPRNOLMLOHGGFBF97CB,芳洲段,9.24,都市：商,10000,33,持分移轉,00780000
RPTNOLMLOHGGFBF18CB,芳洲段,9.24,都市：商,10000,33,持分移轉,00780000
RPVNOLMLOHGGFBF38CB,芳洲段,11.20,都市：商,10000,40,持分移轉,00780000
RPUNOLMLOHGGFBF28CB,芳洲段,11.20,都市：商,10000,40,持分移轉,00780000
RPWNOLMLOHGGFBF48CB,芳洲段,11.20,都市：商,10000,40,持分移轉,00780000
RPOOOLMLOHGGFBF77CB,芳洲段,11.20,都市：商,10000,40,持分移轉,00780000
RPXNOLMLOHGGFBF58CB,芳洲段,11.20,都市：商,10000,40,持分移轉,00780000
RPPOOLMLOHGGFBF87CB,芳洲段,11.20,都市：商,10000,40,持分移轉,00780000
RPROOLMLOHGGFBF08CB,芳洲段,7.00,都市：商,10000,25,持分移轉,00780000
RPQOOLMLOHGGFBF97CB,芳洲段,7.00,都市：商,10000,25,持分移轉,00780000
RPSOOLMLOHGGFBF18CB,芳洲段,7.00,都市：商,10000,25,持分移轉,00780000
RPUOOLMLOHGGFBF38CB,芳洲段,7.00,都市：商,10000,25,持分移轉,00780000
RPTOOLMLOHGGFBF28CB,芳洲段,7.00,都市：商,10000,25,持分移轉,00780000
RPVOOLMLOHGGFBF48CB,芳洲段,7.00,都市：商,10000,25,持分移轉,00780000
RPXOOLMLOHGGFBF68CB,芳洲段,11.20,都市：商,10000,40,持分移轉,00780000
RPWOOLMLOHGGFBF58CB,芳洲段,7.00,都市：商,10000,25,持分移轉,00780000
RPOPOLMLOHGGFBF87CB,芳洲段,11.20,都市：商,10000,40,持分移轉,00780000
RPPPOLMLOHGGFBF97CB,芳洲段,11.20,都市：商,10000,40,持分移轉,00780000
RPRPOLMLOHGGFBF18CB,芳洲段,11.20,都市：商,10000,40,持分移轉,00780000
RPQPOLMLOHGGFBF08CB,芳洲段,11.20,都市：商,10000,40,持分移轉,00780000
RPSPOLMLOHGGFBF28CB,芳洲段,11.20,都市：商,10000,40,持分移轉,00780000
RPTPOLMLOHGGFBF38CB,芳洲段,11.20,都市：商,10000,40,持分移轉,00780000
RPUPOLMLOHGGFBF48CB,芳洲段,9.52,都市：商,10000,34,持分移轉,00780000
RPVPOLMLOHGGFBF58CB,芳洲段,9.52,都市：商,10000,34,持分移轉,00780000
RPXPOLMLOHGGFBF78CB,芳洲段,9.52,都市：商,10000,34,持分移轉,00780000
RPOQOLMLOHGGFBF97CB,芳洲段,5.88,都市：商,10000,21,持分移轉,00780000
RPPQOLMLOHGGFBF08CB,芳洲段,5.88,都市：商,10000,21,持分移轉,00780000
RPRQOLMLOHGGFBF28CB,芳洲段,5.88,都市：商,10000,21,持分移轉,00780000
RPQQOLMLOHGGFBF18CB,芳洲段,5.88,都市：商,10000,21,持分移轉,00780000
RPTQOLMLOHGGFBF48CB,芳洲段,5.88,都市：商,10000,21,持分移轉,00780000
RPVQOLMLOHGGFBF68CB,芳洲段,5.88,都市：商,10000,21,持分移轉,00780000
RPWQOLMLOHGGFBF78CB,芳洲段,5.88,都市：商,10000,21,持分移轉,00780000
RPUQOLMLOHGGFBF58CB,芳洲段,5.88,都市：商,10000,21,持分移轉,00780000
RPSQOLMLOHGGFBF38CB,芳洲段,5.88,都市：商,10000,21,持分移轉,00780000
RPXQOLMLOHGGFBF88CB,芳洲段,5.88,都市：商,10000,21,持分移轉,00780000
RPOROLMLOHGGFBF08CB,芳洲段,5.88,都市：商,10000,21,持分移轉,00780000
RPPROLMLOHGGFBF18CB,芳洲段,5.88,都市：商,10000,21,持分移轉,00780000
RPRROLMLOHGGFBF38CB,芳洲段,7.00,都市：商,10000,25,持分移轉,00780000
RPUROLMLOHGGFBF68CB,芳洲段,5.88,都市：商,10000,21,持分移轉,00780000
RPSROLMLOHGGFBF48CB,芳洲段,7.00,都市：商,10000,25,持分移轉,00780000
RPTROLMLOHGGFBF58CB,芳洲段,5.88,都市：商,10000,21,持分移轉,00780000
RPQROLMLOHGGFBF28CB,芳洲段,5.60,都市：商,10000,20,持分移轉,00780000
RPVROLMLOHGGFBF78CB,芳洲段,5.88,都市：商,10000,21,持分移轉,00780000
RPWROLMLOHGGFBF88CB,芳洲段,9.24,都市：商,10000,33,持分移轉,00780000
RPXROLMLOHGGFBF98CB,芳洲段,7.00,都市：商,10000,25,持分移轉,00780000
RPOSOLMLOHGGFBF18CB,芳洲段,7.00,都市：商,10000,25,持分移轉,00780000
RPRSOLMLOHGGFBF48CB,芳洲段,7.00,都市：商,10000,25,持分移轉,00780000
RPPSOLMLOHGGFBF28CB,芳洲段,7.00,都市：商,10000,25,持分移轉,00780000
RPSSOLMLOHGGFBF58CB,芳洲段,7.00,都市：商,10000,25,持分移轉,00780000
RPXSOLMLOHGGFBF09CB,芳洲段,11.20,都市：商,10000,40,持分移轉,00780000
RPWSOLMLOHGGFBF98CB,芳洲段,7.00,都市：商,10000,25,持分移轉,00780000
RPTSOLMLOHGGFBF68CB,芳洲段,7.00,都市：商,10000,25,持分移轉,00780000
RPUSOLMLOHGGFBF78CB,芳洲段,7.00,都市：商,10000,25,持分移轉,00780000
RPPTOLMLOHGGFBF38CB,芳洲段,10.92,都市：商,10000,39,持分移轉,00780000
RPQTOLMLOHGGFBF48CB,芳洲段,7.00,都市：商,10000,25,持分移轉,00780000
RPRTOLMLOHGGFBF58CB,芳洲段,7.00,都市：商,10000,25,持分移轉,00780000
RPSTOLMLOHGGFBF68CB,芳洲段,9.24,都市：商,10000,33,持分移轉,00780000
RPTTOLMLOHGGFBF78CB,芳洲段,5.60,都市：商,10000,20,持分移轉,00780000
RPUTOLMLOHGGFBF88CB,芳洲段,11.20,都市：商,10000,40,持分移轉,00780000
RPUOMLNLOHGGFBF28CB,芳洲段,5.60,都市：商,10000,20,持分移轉,00780000
RPPRMLNLOHGGFBF08CB,副都心段一小段,14.25,都市：商,100000,435,持分移轉,00240000
RPWQMLNLOHGGFBF68CB,副都心段一小段,14.48,都市：商,100000,442,持分移轉,00240000
RPUQMLNLOHGGFBF48CB,副都心段一小段,14.48,都市：商,100000,442,持分移轉,00240000
RPTQMLNLOHGGFBF38CB,副都心段一小段,14.48,都市：商,100000,442,持分移轉,00240000
RPORMLNLOHGGFBF97CB,副都心段一小段,14.25,都市：商,100000,435,持分移轉,00240000
RPQRMLNLOHGGFBF18CB,副都心段一小段,14.25,都市：商,100000,435,持分移轉,00240000
RPTRMLNLOHGGFBF48CB,副都心段一小段,14.48,都市：商,100000,442,持分移轉,00240000
RPRRMLNLOHGGFBF28CB,副都心段一小段,14.25,都市：商,100000,435,持分移轉,00240000
RPSRMLNLOHGGFBF38CB,副都心段一小段,14.48,都市：商,100000,442,持分移轉,00240000
RPWRMLNLOHGGFBF78CB,副都心段一小段,14.48,都市：商,100000,442,持分移轉,00240000
RPVRMLNLOHGGFBF68CB,副都心段一小段,14.48,都市：商,100000,442,持分移轉,00240000
RPURMLNLOHGGFBF58CB,副都心段一小段,14.71,都市：商,100000,449,持分移轉,00240000
RPTNMLNLOHGGFAF97CB,民族段,12.67,都市：住,100000,294,持分移轉,13720000
RPWNMLNLOHGGFAF28CB,民族段,12.67,都市：住,100000,294,持分移轉,13720000
RPXNMLNLOHGGFAF38CB,民族段,12.67,都市：住,100000,294,持分移轉,13720000
RPQOMLNLOHGGFAF77CB,民族段,12.67,都市：住,100000,294,持分移轉,13720000
RPTOMLNLOHGGFAF08CB,民族段,19.90,都市：住,100000,462,持分移轉,13720000
RPVOMLNLOHGGFAF28CB,民族段,12.67,都市：住,100000,294,持分移轉,13720000
RPSOMLNLOHGGFAF97CB,民族段,12.67,都市：住,100000,294,持分移轉,13720000
RPOPMLNLOHGGFAF67CB,民族段,13.57,都市：住,100000,315,持分移轉,13720000
RPXOMLNLOHGGFAF48CB,民族段,13.57,都市：住,100000,315,持分移轉,13720000
RPWOMLNLOHGGFAF38CB,民族段,12.58,都市：住,100000,292,持分移轉,13720000
RPPPMLNLOHGGFAF77CB,民族段,12.84,都市：住,100000,298,持分移轉,13720000
RPRPMLNLOHGGFAF97CB,民族段,11.93,都市：住,100000,277,持分移轉,13720000
RPTPMLNLOHGGFAF18CB,民族段,12.75,都市：住,100000,296,持分移轉,13720000
RPUPMLNLOHGGFAF28CB,民族段,13.74,都市：住,100000,319,持分移轉,13720000
RPWPMLNLOHGGFAF48CB,民族段,12.84,都市：住,100000,298,持分移轉,13720000
RPXPMLNLOHGGFAF58CB,民族段,19.90,都市：住,100000,462,持分移轉,13720000
RPVPMLNLOHGGFAF38CB,民族段,12.84,都市：住,100000,298,持分移轉,13720000
RPOQMLNLOHGGFAF77CB,民族段,12.84,都市：住,100000,298,持分移轉,13720000
RPPQMLNLOHGGFAF87CB,民族段,12.84,都市：住,100000,298,持分移轉,13720000
RPRQMLNLOHGGFAF08CB,民族段,12.84,都市：住,100000,298,持分移轉,13720000
RPSQMLNLOHGGFAF18CB,民族段,19.90,都市：住,100000,462,持分移轉,13720000
RPQQMLNLOHGGFAF97CB,民族段,12.84,都市：住,100000,298,持分移轉,13720000
RPTQMLNLOHGGFAF28CB,民族段,14.73,都市：住,100000,342,持分移轉,13720000
RPUQMLNLOHGGFAF38CB,民族段,13.40,都市：住,100000,311,持分移轉,13720000
RPXQMLNLOHGGFAF68CB,民族段,19.90,都市：住,100000,462,持分移轉,13720000
RPVQMLNLOHGGFAF48CB,民族段,19.90,都市：住,100000,462,持分移轉,13720000
RPPRMLNLOHGGFAF97CB,民族段,14.73,都市：住,100000,342,持分移轉,13720000
RPQRMLNLOHGGFAF08CB,民族段,19.90,都市：住,100000,462,持分移轉,13720000
RPRRMLNLOHGGFAF18CB,民族段,14.73,都市：住,100000,342,持分移轉,13720000
RPURMLNLOHGGFAF48CB,民族段,14.73,都市：住,100000,342,持分移轉,13720000
RPTRMLNLOHGGFAF38CB,民族段,20.81,都市：住,100000,483,持分移轉,13720000
RPVRMLNLOHGGFAF58CB,民族段,14.73,都市：住,100000,342,持分移轉,13720000
RPPSMLNLOHGGFAF08CB,民族段,8.40,都市：住,100000,195,持分移轉,13720000
RPOSMLNLOHGGFAF97CB,民族段,12.84,都市：住,100000,298,持分移轉,13720000
RPVUMLNLOHGGFAF88CB,民族段,12.67,都市：住,100000,294,持分移轉,13720000
RPWRMLNLOHGGFAF68CB,民族段,15.64,都市：住,100000,363,持分移轉,13720000
RPRSMLNLOHGGFAF28CB,民族段,14.65,都市：住,100000,340,持分移轉,13720000
RPQNMLNLOHGGFGF28CB,仁信段,21.93,都市：住,100000,1744,持分移轉,00810000
RPUPMLNLOHGGFHF98CB,景福段,.53,都市：其他:都市計畫區內之市場用地,100000,279,持分移轉,03910001
RPUPMLNLOHGGFHF98CB,景福段,1.06,都市：其他:都市計畫區內之市場用地,100000,279,持分移轉,03910002
RPUPMLNLOHGGFHF98CB,景福段,.79,都市：其他:都市計畫區內之市場用地,100000,279,持分移轉,03910003
RPUPMLNLOHGGFHF98CB,景福段,.31,都市：其他:都市計畫區內之市場用地,100000,279,持分移轉,03920001
RPUPMLNLOHGGFHF98CB,景福段,7.91,都市：其他:都市計畫區內之市場用地,100000,279,持分移轉,03950001
RPOOMLNLOHGGFCF77CB,斯馨段,35.97,都市：住,10000,66,持分移轉,00510000
RPTPMLNLOHGGFHF88CB,景福段,.56,都市：其他:都市計畫區內之市場用地,100000,294,持分移轉,03910001
RPTPMLNLOHGGFHF88CB,景福段,1.12,都市：其他:都市計畫區內之市場用地,100000,294,持分移轉,03910002
RPTPMLNLOHGGFHF88CB,景福段,.84,都市：其他:都市計畫區內之市場用地,100000,294,持分移轉,03910003
RPTPMLNLOHGGFHF88CB,景福段,.33,都市：其他:都市計畫區內之市場用地,100000,294,持分移轉,03920001
RPTPMLNLOHGGFHF88CB,景福段,8.33,都市：其他:都市計畫區內之市場用地,100000,294,持分移轉,03950001
RPPOMLNLOHGGFCF87CB,斯馨段,35.97,都市：住,10000,66,持分移轉,00510000
RPQOMLNLOHGGFCF97CB,斯馨段,35.97,都市：住,10000,66,持分移轉,00510000
RPUOMLNLOHGGFCF38CB,斯馨段,17.44,都市：住,10000,32,持分移轉,00510000
RPTOMLNLOHGGFCF28CB,斯馨段,36.51,都市：住,10000,67,持分移轉,00510000
RPSOMLNLOHGGFCF18CB,斯馨段,35.97,都市：住,10000,66,持分移轉,00510000
RPXOMLNLOHGGFCF68CB,斯馨段,17.44,都市：住,10000,32,持分移轉,00510000
RPROMLNLOHGGFCF08CB,斯馨段,35.97,都市：住,10000,66,持分移轉,00510000
RPVOMLNLOHGGFCF48CB,斯馨段,17.44,都市：住,10000,32,持分移轉,00510000
RPOPMLNLOHGGFCF87CB,斯馨段,26.16,都市：住,10000,48,持分移轉,00510000
RPWOMLNLOHGGFCF58CB,斯馨段,17.44,都市：住,10000,32,持分移轉,00510000
RPPPMLNLOHGGFCF97CB,斯馨段,25.61,都市：住,10000,47,持分移轉,00510000
RPQPMLNLOHGGFCF08CB,斯馨段,25.61,都市：住,10000,47,持分移轉,00510000
RPSPMLNLOHGGFCF28CB,斯馨段,25.61,都市：住,10000,47,持分移轉,00510000
RPUPMLNLOHGGFCF48CB,斯馨段,25.61,都市：住,10000,47,持分移轉,00510000
RPRPMLNLOHGGFCF18CB,斯馨段,25.61,都市：住,10000,47,持分移轉,00510000
RPVPMLNLOHGGFCF58CB,斯馨段,40.87,都市：住,10000,75,持分移轉,00510000
RPQQMLNLOHGGFCF18CB,斯馨段,25.61,都市：住,10000,47,持分移轉,00510000
RPXPMLNLOHGGFCF78CB,斯馨段,17.44,都市：住,10000,32,持分移轉,00510000
RPPQMLNLOHGGFCF08CB,斯馨段,25.61,都市：住,10000,47,持分移轉,00510000
RPRQMLNLOHGGFCF28CB,斯馨段,25.61,都市：住,10000,47,持分移轉,00510000
RPWPMLNLOHGGFCF68CB,斯馨段,17.44,都市：住,10000,32,持分移轉,00510000
RPSQMLNLOHGGFCF38CB,斯馨段,25.61,都市：住,10000,47,持分移轉,00510000
RPVQMLNLOHGGFCF68CB,斯馨段,25.61,都市：住,10000,47,持分移轉,00510000
RPUQMLNLOHGGFCF58CB,斯馨段,25.61,都市：住,10000,47,持分移轉,00510000
RPTQMLNLOHGGFCF48CB,斯馨段,25.61,都市：住,10000,47,持分移轉,00510000
RPWQMLNLOHGGFCF78CB,斯馨段,25.61,都市：住,10000,47,持分移轉,00510000
RPXQMLNLOHGGFCF88CB,斯馨段,31.06,都市：住,10000,57,持分移轉,00510000
RPORMLNLOHGGFCF08CB,斯馨段,31.06,都市：住,10000,57,持分移轉,00510000
RPPRMLNLOHGGFCF18CB,斯馨段,28.34,都市：住,10000,52,持分移轉,00510000
RPQRMLNLOHGGFCF28CB,斯馨段,34.88,都市：住,10000,64,持分移轉,00510000
RPRRMLNLOHGGFCF38CB,斯馨段,17.44,都市：住,10000,32,持分移轉,00510000
RPTRMLNLOHGGFCF58CB,斯馨段,17.44,都市：住,10000,32,持分移轉,00510000
RPWRMLNLOHGGFCF88CB,斯馨段,17.44,都市：住,10000,32,持分移轉,00510000
RPXRMLNLOHGGFCF98CB,斯馨段,17.44,都市：住,10000,32,持分移轉,00510000
RPPSMLNLOHGGFCF28CB,斯馨段,17.44,都市：住,10000,32,持分移轉,00510000
RPOSMLNLOHGGFCF18CB,斯馨段,17.44,都市：住,10000,32,持分移轉,00510000
RPQSMLNLOHGGFCF38CB,斯馨段,17.44,都市：住,10000,32,持分移轉,00510000
RPSSMLNLOHGGFCF58CB,斯馨段,35.97,都市：住,10000,66,持分移轉,00510000
RPTSMLNLOHGGFCF68CB,斯馨段,35.97,都市：住,10000,66,持分移轉,00510000
RPUSMLNLOHGGFCF78CB,斯馨段,35.97,都市：住,10000,66,持分移轉,00510000
RPWSMLNLOHGGFCF98CB,斯馨段,35.97,都市：住,10000,66,持分移轉,00510000
RPXSMLNLOHGGFCF09CB,斯馨段,37.06,都市：住,10000,68,持分移轉,00510000
RPQTMLNLOHGGFCF48CB,斯馨段,25.61,都市：住,10000,47,持分移轉,00510000
RPPTMLNLOHGGFCF38CB,斯馨段,25.61,都市：住,10000,47,持分移轉,00510000
RPSTMLNLOHGGFCF68CB,斯馨段,25.61,都市：住,10000,47,持分移轉,00510000
RPTTMLNLOHGGFCF78CB,斯馨段,25.61,都市：住,10000,47,持分移轉,00510000
RPUTMLNLOHGGFCF88CB,斯馨段,25.61,都市：住,10000,47,持分移轉,00510000
RPXTMLNLOHGGFCF56CB,斯馨段,25.61,都市：住,10000,47,持分移轉,00510000
RPWTMLNLOHGGFCF09CB,斯馨段,26.70,都市：住,10000,49,持分移轉,00510000
RPVTMLNLOHGGFCF98CB,斯馨段,25.61,都市：住,10000,47,持分移轉,00510000
RPOUMLNLOHGGFCF38CB,斯馨段,16.35,都市：住,10000,30,持分移轉,00510000
RPQUMLNLOHGGFCF58CB,斯馨段,17.44,都市：住,10000,32,持分移轉,00510000
RPPUMLNLOHGGFCF48CB,斯馨段,16.35,都市：住,10000,30,持分移轉,00510000
RPRUMLNLOHGGFCF68CB,斯馨段,17.44,都市：住,10000,32,持分移轉,00510000
RPTUMLNLOHGGFCF88CB,斯馨段,17.44,都市：住,10000,32,持分移轉,00510000
RPUUMLNLOHGGFCF98CB,斯馨段,17.44,都市：住,10000,32,持分移轉,00510000
RPVUMLNLOHGGFCF09CB,斯馨段,24.52,都市：住,10000,45,持分移轉,00510000
RPWUMLNLOHGGFCF56CB,斯馨段,24.52,都市：住,10000,45,持分移轉,00510000
RPOVMLNLOHGGFCF48CB,斯馨段,25.61,都市：住,10000,47,持分移轉,00510000
RPXUMLNLOHGGFCF66CB,斯馨段,25.61,都市：住,10000,47,持分移轉,00510000
RPPVMLNLOHGGFCF58CB,斯馨段,25.61,都市：住,10000,47,持分移轉,00510000
RPTVMLNLOHGGFCF98CB,斯馨段,25.61,都市：住,10000,47,持分移轉,00510000
RPQVMLNLOHGGFCF68CB,斯馨段,25.61,都市：住,10000,47,持分移轉,00510000
RPRVMLNLOHGGFCF78CB,斯馨段,25.61,都市：住,10000,47,持分移轉,00510000
RPWVMLNLOHGGFCF66CB,斯馨段,25.61,都市：住,10000,47,持分移轉,00510000
RPVVMLNLOHGGFCF56CB,斯馨段,25.61,都市：住,10000,47,持分移轉,00510000
RPUVMLNLOHGGFCF09CB,斯馨段,25.61,都市：住,10000,47,持分移轉,00510000
RPXVMLNLOHGGFCF76CB,斯馨段,25.61,都市：住,10000,47,持分移轉,00510000
RPPWMLNLOHGGFCF68CB,斯馨段,25.61,都市：住,10000,47,持分移轉,00510000
RPOWMLNLOHGGFCF58CB,斯馨段,25.61,都市：住,10000,47,持分移轉,00510000
RPQWMLNLOHGGFCF78CB,斯馨段,17.44,都市：住,10000,32,持分移轉,00510000
RPRWMLNLOHGGFCF88CB,斯馨段,17.44,都市：住,10000,32,持分移轉,00510000
RPSWMLNLOHGGFCF98CB,斯馨段,16.35,都市：住,10000,30,持分移轉,00510000
RPTWMLNLOHGGFCF09CB,斯馨段,17.44,都市：住,10000,32,持分移轉,00510000
RPWWMLNLOHGGFCF76CB,斯馨段,17.44,都市：住,10000,32,持分移轉,00510000
RPUWMLNLOHGGFCF56CB,斯馨段,17.44,都市：住,10000,32,持分移轉,00510000
RPONNLNLOHGGFCF77CB,斯馨段,25.61,都市：住,10000,47,持分移轉,00510000
RPXWMLNLOHGGFCF86CB,斯馨段,25.61,都市：住,10000,47,持分移轉,00510000
RPPNNLNLOHGGFCF87CB,斯馨段,25.61,都市：住,10000,47,持分移轉,00510000
RPTNMLOLOHGGFGF68CB,福德南段,6.50,都市：商,100000,1158,持分移轉,09600000
RPTNMLOLOHGGFGF68CB,福德南段,.93,都市：商,100000,1158,持分移轉,09610000
RPUNMLOLOHGGFGF78CB,福德南段,6.50,都市：商,100000,1159,持分移轉,09600000
RPUNMLOLOHGGFGF78CB,福德南段,.93,都市：商,100000,1159,持分移轉,09610000
RPWNMLOLOHGGFGF98CB,福德南段,6.54,都市：商,100000,1165,持分移轉,09600000
RPWNMLOLOHGGFGF98CB,福德南段,.94,都市：商,100000,1165,持分移轉,09610000
RPVNMLOLOHGGFGF88CB,福德南段,6.54,都市：商,100000,1165,持分移轉,09600000
RPVNMLOLOHGGFGF88CB,福德南段,.94,都市：商,100000,1165,持分移轉,09610000
RPXNMLOLOHGGFGF09CB,福德南段,6.54,都市：商,100000,1165,持分移轉,09600000
RPXNMLOLOHGGFGF09CB,福德南段,.94,都市：商,100000,1165,持分移轉,09610000
RPOOMLOLOHGGFGF28CB,福德南段,6.54,都市：商,100000,1165,持分移轉,09600000
RPOOMLOLOHGGFGF28CB,福德南段,.94,都市：商,100000,1165,持分移轉,09610000
RPQOMLOLOHGGFGF48CB,福德南段,6.54,都市：商,100000,1165,持分移轉,09600000
RPQOMLOLOHGGFGF48CB,福德南段,.94,都市：商,100000,1165,持分移轉,09610000
RPPOMLOLOHGGFGF38CB,福德南段,6.54,都市：商,100000,1165,持分移轉,09600000
RPPOMLOLOHGGFGF38CB,福德南段,.94,都市：商,100000,1165,持分移轉,09610000
RPUOMLOLOHGGFGF88CB,福德南段,6.54,都市：商,100000,1165,持分移轉,09600000
RPUOMLOLOHGGFGF88CB,福德南段,.94,都市：商,100000,1165,持分移轉,09610000
RPWOMLOLOHGGFGF09CB,福德南段,8.64,都市：商,100000,1540,持分移轉,09600000
RPWOMLOLOHGGFGF09CB,福德南段,1.24,都市：商,100000,1540,持分移轉,09610000
RPPPMLOLOHGGFGF48CB,福德南段,9.17,都市：商,100000,1635,持分移轉,09600000
RPPPMLOLOHGGFGF48CB,福德南段,1.31,都市：商,100000,1635,持分移轉,09610000
RPQPMLOLOHGGFGF58CB,福德南段,9.17,都市：商,100000,1635,持分移轉,09600000
RPQPMLOLOHGGFGF58CB,福德南段,1.31,都市：商,100000,1635,持分移轉,09610000
RPXOMLOLOHGGFGF56CB,福德南段,1.32,都市：商,100000,1636,持分移轉,09610000
RPXOMLOLOHGGFGF56CB,福德南段,9.18,都市：商,100000,1636,持分移轉,09600000
RPOPMLOLOHGGFGF38CB,福德南段,9.17,都市：商,100000,1635,持分移轉,09600000
RPOPMLOLOHGGFGF38CB,福德南段,1.31,都市：商,100000,1635,持分移轉,09610000
RPRPMLOLOHGGFGF68CB,福德南段,9.17,都市：商,100000,1635,持分移轉,09600000
RPRPMLOLOHGGFGF68CB,福德南段,1.31,都市：商,100000,1635,持分移轉,09610000
RPUPMLOLOHGGFGF98CB,福德南段,1.32,都市：商,100000,1636,持分移轉,09610000
RPUPMLOLOHGGFGF98CB,福德南段,9.18,都市：商,100000,1636,持分移轉,09600000
RPVPMLOLOHGGFGF09CB,福德南段,8.64,都市：商,100000,1540,持分移轉,09600000
RPVPMLOLOHGGFGF09CB,福德南段,1.24,都市：商,100000,1540,持分移轉,09610000
RPXPMLOLOHGGFGF66CB,福德南段,9.17,都市：商,100000,1634,持分移轉,09600000
RPXPMLOLOHGGFGF66CB,福德南段,1.31,都市：商,100000,1634,持分移轉,09610000
RPWPMLOLOHGGFGF56CB,福德南段,9.17,都市：商,100000,1635,持分移轉,09600000
RPWPMLOLOHGGFGF56CB,福德南段,1.31,都市：商,100000,1635,持分移轉,09610000
RPQQMLOLOHGGFGF68CB,福德南段,9.25,都市：商,100000,1649,持分移轉,09600000
RPQQMLOLOHGGFGF68CB,福德南段,1.33,都市：商,100000,1649,持分移轉,09610000
RPRQMLOLOHGGFGF78CB,福德南段,1.33,都市：商,100000,1649,持分移轉,09610000
RPTQMLOLOHGGFGF98CB,福德南段,9.25,都市：商,100000,1649,持分移轉,09600000
RPRQMLOLOHGGFGF78CB,福德南段,9.25,都市：商,100000,1649,持分移轉,09600000
RPTQMLOLOHGGFGF98CB,福德南段,1.33,都市：商,100000,1649,持分移轉,09610000
RPWQMLOLOHGGFGF66CB,福德南段,9.25,都市：商,100000,1649,持分移轉,09600000
RPWQMLOLOHGGFGF66CB,福德南段,1.33,都市：商,100000,1649,持分移轉,09610000
RPUQMLOLOHGGFGF09CB,福德南段,9.25,都市：商,100000,1649,持分移轉,09600000
RPUQMLOLOHGGFGF09CB,福德南段,1.33,都市：商,100000,1649,持分移轉,09610000
RPXQMLOLOHGGFGF76CB,福德南段,1.33,都市：商,100000,1650,持分移轉,09610000
RPXQMLOLOHGGFGF76CB,福德南段,9.26,都市：商,100000,1650,持分移轉,09600000
RPTRMLOLOHGGFGF09CB,福德南段,1.33,都市：商,100000,1650,持分移轉,09610000
RPTRMLOLOHGGFGF09CB,福德南段,9.26,都市：商,100000,1650,持分移轉,09600000
RPPRMLOLOHGGFGF68CB,福德南段,9.25,都市：商,100000,1649,持分移轉,09600000
RPPRMLOLOHGGFGF68CB,福德南段,1.33,都市：商,100000,1649,持分移轉,09610000
RPSRMLOLOHGGFGF98CB,福德南段,1.33,都市：商,100000,1650,持分移轉,09610000
RPSRMLOLOHGGFGF98CB,福德南段,9.26,都市：商,100000,1650,持分移轉,09600000
RPURMLOLOHGGFGF56CB,福德南段,7.15,都市：商,100000,1274,持分移轉,09600000
RPURMLOLOHGGFGF56CB,福德南段,1.02,都市：商,100000,1274,持分移轉,09610000
RPQRMLOLOHGGFGF78CB,福德南段,9.25,都市：商,100000,1649,持分移轉,09600000
RPQRMLOLOHGGFGF78CB,福德南段,1.33,都市：商,100000,1649,持分移轉,09610000
RPWRMLOLOHGGFGF76CB,福德南段,7.22,都市：商,100000,1286,持分移轉,09600000
RPWRMLOLOHGGFGF76CB,福德南段,1.03,都市：商,100000,1286,持分移轉,09610000
RPOSMLOLOHGGFGF68CB,福德南段,1.03,都市：商,100000,1286,持分移轉,09610000
RPOSMLOLOHGGFGF68CB,福德南段,7.22,都市：商,100000,1286,持分移轉,09600000
RPPSMLOLOHGGFGF78CB,福德南段,7.14,都市：商,100000,1273,持分移轉,09600000
RPPSMLOLOHGGFGF78CB,福德南段,1.02,都市：商,100000,1273,持分移轉,09610000
RPVRMLOLOHGGFGF66CB,福德南段,7.22,都市：商,100000,1286,持分移轉,09600000
RPVRMLOLOHGGFGF66CB,福德南段,1.03,都市：商,100000,1286,持分移轉,09610000
RPQSMLOLOHGGFGF88CB,福德南段,7.22,都市：商,100000,1286,持分移轉,09600000
RPQSMLOLOHGGFGF88CB,福德南段,1.03,都市：商,100000,1286,持分移轉,09610000
RPRSMLOLOHGGFGF98CB,福德南段,7.22,都市：商,100000,1286,持分移轉,09600000
RPRSMLOLOHGGFGF98CB,福德南段,1.03,都市：商,100000,1286,持分移轉,09610000
RPSSMLOLOHGGFGF09CB,福德南段,7.22,都市：商,100000,1286,持分移轉,09600000
RPSSMLOLOHGGFGF09CB,福德南段,1.03,都市：商,100000,1286,持分移轉,09610000
RPVSMLOLOHGGFGF76CB,福德南段,1.34,都市：商,100000,1663,持分移轉,09610000
RPVSMLOLOHGGFGF76CB,福德南段,9.33,都市：商,100000,1663,持分移轉,09600000
RPWSMLOLOHGGFGF86CB,福德南段,9.54,都市：商,100000,1700,持分移轉,09600000
RPWSMLOLOHGGFGF86CB,福德南段,1.37,都市：商,100000,1700,持分移轉,09610000
RPXSMLOLOHGGFGF96CB,福德南段,9.54,都市：商,100000,1700,持分移轉,09600000
RPXSMLOLOHGGFGF96CB,福德南段,1.37,都市：商,100000,1700,持分移轉,09610000
RPUSMLOLOHGGFGF66CB,福德南段,7.22,都市：商,100000,1286,持分移轉,09600000
RPUSMLOLOHGGFGF66CB,福德南段,1.03,都市：商,100000,1286,持分移轉,09610000
RPOTMLOLOHGGFGF78CB,福德南段,9.54,都市：商,100000,1701,持分移轉,09600000
RPOTMLOLOHGGFGF78CB,福德南段,1.37,都市：商,100000,1701,持分移轉,09610000
RPQTMLOLOHGGFGF98CB,福德南段,9.54,都市：商,100000,1701,持分移轉,09600000
RPQTMLOLOHGGFGF98CB,福德南段,1.37,都市：商,100000,1701,持分移轉,09610000
RPRTMLOLOHGGFGF09CB,福德南段,1.37,都市：商,100000,1701,持分移轉,09610000
RPRTMLOLOHGGFGF09CB,福德南段,9.54,都市：商,100000,1701,持分移轉,09600000
RPSTMLOLOHGGFGF56CB,福德南段,9.33,都市：商,100000,1662,持分移轉,09600000
RPSTMLOLOHGGFGF56CB,福德南段,1.34,都市：商,100000,1662,持分移轉,09610000
RPUTMLOLOHGGFGF76CB,福德南段,7.22,都市：商,100000,1286,持分移轉,09600000
RPUTMLOLOHGGFGF76CB,福德南段,1.03,都市：商,100000,1286,持分移轉,09610000
RPTTMLOLOHGGFGF66CB,福德南段,6.54,都市：商,100000,1165,持分移轉,09600000
RPTTMLOLOHGGFGF66CB,福德南段,.94,都市：商,100000,1165,持分移轉,09610000
RPTOMLOLOHGGFHF88CB,仁愛段,2.06,都市：住,100000,1750,持分移轉,04810000
RPTOMLOLOHGGFHF88CB,仁愛段,2.15,都市：住,100000,1750,持分移轉,04820000
RPTOMLOLOHGGFHF88CB,仁愛段,.82,都市：住,100000,1750,持分移轉,04760000
RPTOMLOLOHGGFHF88CB,仁愛段,.07,都市：住,100000,1750,持分移轉,04760001
RPTOMLOLOHGGFHF88CB,仁愛段,.82,都市：住,100000,1750,持分移轉,04770000
RPTOMLOLOHGGFHF88CB,仁愛段,.07,都市：住,100000,1750,持分移轉,04770001
RPTOMLOLOHGGFHF88CB,仁愛段,.82,都市：住,100000,1750,持分移轉,04780000
RPTOMLOLOHGGFHF88CB,仁愛段,.07,都市：住,100000,1750,持分移轉,04780001
RPTOMLOLOHGGFHF88CB,仁愛段,1.36,都市：住,100000,1750,持分移轉,04790000
RPTOMLOLOHGGFHF88CB,仁愛段,.10,都市：住,100000,1750,持分移轉,04790001
RPTOMLOLOHGGFHF88CB,仁愛段,1.14,都市：住,100000,1750,持分移轉,04690000
RPTOMLOLOHGGFHF88CB,仁愛段,8.13,都市：住,100000,1750,持分移轉,05170000
RPTOMLOLOHGGFHF88CB,仁愛段,.01,都市：住,100000,1750,持分移轉,05490003
RPTOMLOLOHGGFHF88CB,仁愛段,.73,都市：住,100000,1750,持分移轉,05490004
RPTOMLOLOHGGFHF88CB,仁愛段,.35,都市：住,100000,1750,持分移轉,04800000
RPVOMLOLOHGGFHF09CB,仁愛段,.35,都市：住,100000,1750,持分移轉,04800000
RPVOMLOLOHGGFHF09CB,仁愛段,2.06,都市：住,100000,1750,持分移轉,04810000
RPVOMLOLOHGGFHF09CB,仁愛段,2.15,都市：住,100000,1750,持分移轉,04820000
RPVOMLOLOHGGFHF09CB,仁愛段,.82,都市：住,100000,1750,持分移轉,04760000
RPVOMLOLOHGGFHF09CB,仁愛段,.07,都市：住,100000,1750,持分移轉,04760001
RPVOMLOLOHGGFHF09CB,仁愛段,.82,都市：住,100000,1750,持分移轉,04770000
RPVOMLOLOHGGFHF09CB,仁愛段,.07,都市：住,100000,1750,持分移轉,04770001
RPVOMLOLOHGGFHF09CB,仁愛段,.82,都市：住,100000,1750,持分移轉,04780000
RPVOMLOLOHGGFHF09CB,仁愛段,.07,都市：住,100000,1750,持分移轉,04780001
RPVOMLOLOHGGFHF09CB,仁愛段,1.36,都市：住,100000,1750,持分移轉,04790000
RPVOMLOLOHGGFHF09CB,仁愛段,.10,都市：住,100000,1750,持分移轉,04790001
RPVOMLOLOHGGFHF09CB,仁愛段,1.14,都市：住,100000,1750,持分移轉,04690000
RPVOMLOLOHGGFHF09CB,仁愛段,8.13,都市：住,100000,1750,持分移轉,05170000
RPVOMLOLOHGGFHF09CB,仁愛段,.01,都市：住,100000,1750,持分移轉,05490003
RPVOMLOLOHGGFHF09CB,仁愛段,.73,都市：住,100000,1750,持分移轉,05490004
RPWOMLOLOHGGFHF56CB,仁愛段,.48,都市：住,100000,2385,持分移轉,04800000
RPWOMLOLOHGGFHF56CB,仁愛段,2.81,都市：住,100000,2385,持分移轉,04810000
RPWOMLOLOHGGFHF56CB,仁愛段,2.93,都市：住,100000,2385,持分移轉,04820000
RPWOMLOLOHGGFHF56CB,仁愛段,1.12,都市：住,100000,2385,持分移轉,04760000
RPWOMLOLOHGGFHF56CB,仁愛段,.10,都市：住,100000,2385,持分移轉,04760001
RPWOMLOLOHGGFHF56CB,仁愛段,1.12,都市：住,100000,2385,持分移轉,04770000
RPWOMLOLOHGGFHF56CB,仁愛段,.10,都市：住,100000,2385,持分移轉,04770001
RPWOMLOLOHGGFHF56CB,仁愛段,1.12,都市：住,100000,2385,持分移轉,04780000
RPWOMLOLOHGGFHF56CB,仁愛段,.10,都市：住,100000,2385,持分移轉,04780001
RPWOMLOLOHGGFHF56CB,仁愛段,1.86,都市：住,100000,2385,持分移轉,04790000
RPWOMLOLOHGGFHF56CB,仁愛段,.14,都市：住,100000,2385,持分移轉,04790001
RPWOMLOLOHGGFHF56CB,仁愛段,1.55,都市：住,100000,2385,持分移轉,04690000
RPWOMLOLOHGGFHF56CB,仁愛段,11.08,都市：住,100000,2385,持分移轉,05170000
RPWOMLOLOHGGFHF56CB,仁愛段,.02,都市：住,100000,2385,持分移轉,05490003
RPWOMLOLOHGGFHF56CB,仁愛段,1.00,都市：住,100000,2385,持分移轉,05490004
RPXOMLOLOHGGFHF66CB,仁愛段,.22,都市：住,100000,1088,持分移轉,04800000
RPXOMLOLOHGGFHF66CB,仁愛段,1.28,都市：住,100000,1088,持分移轉,04810000
RPXOMLOLOHGGFHF66CB,仁愛段,1.34,都市：住,100000,1088,持分移轉,04820000
RPXOMLOLOHGGFHF66CB,仁愛段,.51,都市：住,100000,1088,持分移轉,04760000
RPXOMLOLOHGGFHF66CB,仁愛段,.04,都市：住,100000,1088,持分移轉,04760001
RPXOMLOLOHGGFHF66CB,仁愛段,.51,都市：住,100000,1088,持分移轉,04770000
RPXOMLOLOHGGFHF66CB,仁愛段,.04,都市：住,100000,1088,持分移轉,04770001
RPXOMLOLOHGGFHF66CB,仁愛段,.51,都市：住,100000,1088,持分移轉,04780000
RPXOMLOLOHGGFHF66CB,仁愛段,.04,都市：住,100000,1088,持分移轉,04780001
RPXOMLOLOHGGFHF66CB,仁愛段,.85,都市：住,100000,1088,持分移轉,04790000
RPXOMLOLOHGGFHF66CB,仁愛段,.07,都市：住,100000,1088,持分移轉,04790001
RPXOMLOLOHGGFHF66CB,仁愛段,.71,都市：住,100000,1088,持分移轉,04690000
RPXOMLOLOHGGFHF66CB,仁愛段,5.05,都市：住,100000,1088,持分移轉,05170000
RPXOMLOLOHGGFHF66CB,仁愛段,.01,都市：住,100000,1088,持分移轉,05490003
RPXOMLOLOHGGFHF66CB,仁愛段,.46,都市：住,100000,1088,持分移轉,05490004
RPOPMLOLOHGGFHF48CB,仁愛段,.22,都市：住,100000,1088,持分移轉,04800000
RPPPMLOLOHGGFHF58CB,仁愛段,.35,都市：住,100000,1750,持分移轉,04800000
RPOPMLOLOHGGFHF48CB,仁愛段,1.28,都市：住,100000,1088,持分移轉,04810000
RPPPMLOLOHGGFHF58CB,仁愛段,2.06,都市：住,100000,1750,持分移轉,04810000
RPOPMLOLOHGGFHF48CB,仁愛段,1.34,都市：住,100000,1088,持分移轉,04820000
RPPPMLOLOHGGFHF58CB,仁愛段,2.15,都市：住,100000,1750,持分移轉,04820000
RPOPMLOLOHGGFHF48CB,仁愛段,.51,都市：住,100000,1088,持分移轉,04760000
RPPPMLOLOHGGFHF58CB,仁愛段,.82,都市：住,100000,1750,持分移轉,04760000
RPOPMLOLOHGGFHF48CB,仁愛段,.04,都市：住,100000,1088,持分移轉,04760001
RPPPMLOLOHGGFHF58CB,仁愛段,.07,都市：住,100000,1750,持分移轉,04760001
RPOPMLOLOHGGFHF48CB,仁愛段,.51,都市：住,100000,1088,持分移轉,04770000
RPPPMLOLOHGGFHF58CB,仁愛段,.82,都市：住,100000,1750,持分移轉,04770000
RPOPMLOLOHGGFHF48CB,仁愛段,.04,都市：住,100000,1088,持分移轉,04770001
RPPPMLOLOHGGFHF58CB,仁愛段,.07,都市：住,100000,1750,持分移轉,04770001
RPOPMLOLOHGGFHF48CB,仁愛段,.51,都市：住,100000,1088,持分移轉,04780000
RPPPMLOLOHGGFHF58CB,仁愛段,.82,都市：住,100000,1750,持分移轉,04780000
RPOPMLOLOHGGFHF48CB,仁愛段,.04,都市：住,100000,1088,持分移轉,04780001
RPPPMLOLOHGGFHF58CB,仁愛段,.07,都市：住,100000,1750,持分移轉,04780001
RPOPMLOLOHGGFHF48CB,仁愛段,.85,都市：住,100000,1088,持分移轉,04790000
RPPPMLOLOHGGFHF58CB,仁愛段,1.36,都市：住,100000,1750,持分移轉,04790000
RPOPMLOLOHGGFHF48CB,仁愛段,.07,都市：住,100000,1088,持分移轉,04790001
RPPPMLOLOHGGFHF58CB,仁愛段,.10,都市：住,100000,1750,持分移轉,04790001
RPOPMLOLOHGGFHF48CB,仁愛段,.71,都市：住,100000,1088,持分移轉,04690000
RPPPMLOLOHGGFHF58CB,仁愛段,1.14,都市：住,100000,1750,持分移轉,04690000
RPOPMLOLOHGGFHF48CB,仁愛段,5.05,都市：住,100000,1088,持分移轉,05170000
RPPPMLOLOHGGFHF58CB,仁愛段,8.13,都市：住,100000,1750,持分移轉,05170000
RPOPMLOLOHGGFHF48CB,仁愛段,.01,都市：住,100000,1088,持分移轉,05490003
RPPPMLOLOHGGFHF58CB,仁愛段,.01,都市：住,100000,1750,持分移轉,05490003
RPOPMLOLOHGGFHF48CB,仁愛段,.46,都市：住,100000,1088,持分移轉,05490004
RPPPMLOLOHGGFHF58CB,仁愛段,.73,都市：住,100000,1750,持分移轉,05490004
RPUOMLOLOHGGFHF98CB,仁愛段,2.06,都市：住,100000,1750,持分移轉,04810000
RPUOMLOLOHGGFHF98CB,仁愛段,2.15,都市：住,100000,1750,持分移轉,04820000
RPUOMLOLOHGGFHF98CB,仁愛段,.82,都市：住,100000,1750,持分移轉,04760000
RPUOMLOLOHGGFHF98CB,仁愛段,.07,都市：住,100000,1750,持分移轉,04760001
RPUOMLOLOHGGFHF98CB,仁愛段,.82,都市：住,100000,1750,持分移轉,04770000
RPUOMLOLOHGGFHF98CB,仁愛段,.07,都市：住,100000,1750,持分移轉,04770001
RPUOMLOLOHGGFHF98CB,仁愛段,.82,都市：住,100000,1750,持分移轉,04780000
RPUOMLOLOHGGFHF98CB,仁愛段,.07,都市：住,100000,1750,持分移轉,04780001
RPUOMLOLOHGGFHF98CB,仁愛段,1.36,都市：住,100000,1750,持分移轉,04790000
RPUOMLOLOHGGFHF98CB,仁愛段,.10,都市：住,100000,1750,持分移轉,04790001
RPUOMLOLOHGGFHF98CB,仁愛段,1.14,都市：住,100000,1750,持分移轉,04690000
RPUOMLOLOHGGFHF98CB,仁愛段,8.13,都市：住,100000,1750,持分移轉,05170000
RPUOMLOLOHGGFHF98CB,仁愛段,.01,都市：住,100000,1750,持分移轉,05490003
RPUOMLOLOHGGFHF98CB,仁愛段,.73,都市：住,100000,1750,持分移轉,05490004
RPUOMLOLOHGGFHF98CB,仁愛段,.35,都市：住,100000,1750,持分移轉,04800000
RPQPMLOLOHGGFHF68CB,仁愛段,.35,都市：住,100000,1750,持分移轉,04800000
RPQPMLOLOHGGFHF68CB,仁愛段,2.06,都市：住,100000,1750,持分移轉,04810000
RPQPMLOLOHGGFHF68CB,仁愛段,2.15,都市：住,100000,1750,持分移轉,04820000
RPQPMLOLOHGGFHF68CB,仁愛段,.82,都市：住,100000,1750,持分移轉,04760000
RPQPMLOLOHGGFHF68CB,仁愛段,.07,都市：住,100000,1750,持分移轉,04760001
RPQPMLOLOHGGFHF68CB,仁愛段,.82,都市：住,100000,1750,持分移轉,04770000
RPQPMLOLOHGGFHF68CB,仁愛段,.07,都市：住,100000,1750,持分移轉,04770001
RPQPMLOLOHGGFHF68CB,仁愛段,.82,都市：住,100000,1750,持分移轉,04780000
RPQPMLOLOHGGFHF68CB,仁愛段,.07,都市：住,100000,1750,持分移轉,04780001
RPQPMLOLOHGGFHF68CB,仁愛段,1.36,都市：住,100000,1750,持分移轉,04790000
RPQPMLOLOHGGFHF68CB,仁愛段,.10,都市：住,100000,1750,持分移轉,04790001
RPQPMLOLOHGGFHF68CB,仁愛段,1.14,都市：住,100000,1750,持分移轉,04690000
RPQPMLOLOHGGFHF68CB,仁愛段,8.13,都市：住,100000,1750,持分移轉,05170000
RPQPMLOLOHGGFHF68CB,仁愛段,.01,都市：住,100000,1750,持分移轉,05490003
RPQPMLOLOHGGFHF68CB,仁愛段,.73,都市：住,100000,1750,持分移轉,05490004
RPSPMLOLOHGGFHF88CB,仁愛段,.25,都市：住,100000,1226,持分移轉,04800000
RPSPMLOLOHGGFHF88CB,仁愛段,1.45,都市：住,100000,1226,持分移轉,04810000
RPSPMLOLOHGGFHF88CB,仁愛段,1.51,都市：住,100000,1226,持分移轉,04820000
RPSPMLOLOHGGFHF88CB,仁愛段,.58,都市：住,100000,1226,持分移轉,04760000
RPSPMLOLOHGGFHF88CB,仁愛段,.05,都市：住,100000,1226,持分移轉,04760001
RPRPMLOLOHGGFHF78CB,仁愛段,.35,都市：住,100000,1750,持分移轉,04800000
RPSPMLOLOHGGFHF88CB,仁愛段,.58,都市：住,100000,1226,持分移轉,04770000
RPRPMLOLOHGGFHF78CB,仁愛段,2.06,都市：住,100000,1750,持分移轉,04810000
RPSPMLOLOHGGFHF88CB,仁愛段,.05,都市：住,100000,1226,持分移轉,04770001
RPRPMLOLOHGGFHF78CB,仁愛段,2.15,都市：住,100000,1750,持分移轉,04820000
RPSPMLOLOHGGFHF88CB,仁愛段,.58,都市：住,100000,1226,持分移轉,04780000
RPRPMLOLOHGGFHF78CB,仁愛段,.82,都市：住,100000,1750,持分移轉,04760000
RPSPMLOLOHGGFHF88CB,仁愛段,.05,都市：住,100000,1226,持分移轉,04780001
RPRPMLOLOHGGFHF78CB,仁愛段,.07,都市：住,100000,1750,持分移轉,04760001
RPSPMLOLOHGGFHF88CB,仁愛段,.96,都市：住,100000,1226,持分移轉,04790000
RPRPMLOLOHGGFHF78CB,仁愛段,.82,都市：住,100000,1750,持分移轉,04770000
RPSPMLOLOHGGFHF88CB,仁愛段,.07,都市：住,100000,1226,持分移轉,04790001
RPRPMLOLOHGGFHF78CB,仁愛段,.07,都市：住,100000,1750,持分移轉,04770001
RPSPMLOLOHGGFHF88CB,仁愛段,.80,都市：住,100000,1226,持分移轉,04690000
RPRPMLOLOHGGFHF78CB,仁愛段,.82,都市：住,100000,1750,持分移轉,04780000
RPSPMLOLOHGGFHF88CB,仁愛段,5.70,都市：住,100000,1226,持分移轉,05170000
RPRPMLOLOHGGFHF78CB,仁愛段,.07,都市：住,100000,1750,持分移轉,04780001
RPSPMLOLOHGGFHF88CB,仁愛段,.01,都市：住,100000,1226,持分移轉,05490003
RPRPMLOLOHGGFHF78CB,仁愛段,1.36,都市：住,100000,1750,持分移轉,04790000
RPSPMLOLOHGGFHF88CB,仁愛段,.51,都市：住,100000,1226,持分移轉,05490004
RPRPMLOLOHGGFHF78CB,仁愛段,.10,都市：住,100000,1750,持分移轉,04790001
RPRPMLOLOHGGFHF78CB,仁愛段,1.14,都市：住,100000,1750,持分移轉,04690000
RPRPMLOLOHGGFHF78CB,仁愛段,8.13,都市：住,100000,1750,持分移轉,05170000
RPRPMLOLOHGGFHF78CB,仁愛段,.01,都市：住,100000,1750,持分移轉,05490003
RPRPMLOLOHGGFHF78CB,仁愛段,.73,都市：住,100000,1750,持分移轉,05490004
RPTPMLOLOHGGFHF98CB,仁愛段,.25,都市：住,100000,1226,持分移轉,04800000
RPTPMLOLOHGGFHF98CB,仁愛段,1.45,都市：住,100000,1226,持分移轉,04810000
RPTPMLOLOHGGFHF98CB,仁愛段,1.51,都市：住,100000,1226,持分移轉,04820000
RPTPMLOLOHGGFHF98CB,仁愛段,.58,都市：住,100000,1226,持分移轉,04760000
RPTPMLOLOHGGFHF98CB,仁愛段,.05,都市：住,100000,1226,持分移轉,04760001
RPTPMLOLOHGGFHF98CB,仁愛段,.58,都市：住,100000,1226,持分移轉,04770000
RPTPMLOLOHGGFHF98CB,仁愛段,.05,都市：住,100000,1226,持分移轉,04770001
RPTPMLOLOHGGFHF98CB,仁愛段,.58,都市：住,100000,1226,持分移轉,04780000
RPTPMLOLOHGGFHF98CB,仁愛段,.05,都市：住,100000,1226,持分移轉,04780001
RPTPMLOLOHGGFHF98CB,仁愛段,.96,都市：住,100000,1226,持分移轉,04790000
RPTPMLOLOHGGFHF98CB,仁愛段,.07,都市：住,100000,1226,持分移轉,04790001
RPTPMLOLOHGGFHF98CB,仁愛段,.80,都市：住,100000,1226,持分移轉,04690000
RPTPMLOLOHGGFHF98CB,仁愛段,5.70,都市：住,100000,1226,持分移轉,05170000
RPTPMLOLOHGGFHF98CB,仁愛段,.01,都市：住,100000,1226,持分移轉,05490003
RPTPMLOLOHGGFHF98CB,仁愛段,.51,都市：住,100000,1226,持分移轉,05490004
RPUPMLOLOHGGFHF09CB,仁愛段,.25,都市：住,100000,1226,持分移轉,04800000
RPUPMLOLOHGGFHF09CB,仁愛段,1.45,都市：住,100000,1226,持分移轉,04810000
RPUPMLOLOHGGFHF09CB,仁愛段,1.51,都市：住,100000,1226,持分移轉,04820000
RPUPMLOLOHGGFHF09CB,仁愛段,.58,都市：住,100000,1226,持分移轉,04760000
RPUPMLOLOHGGFHF09CB,仁愛段,.05,都市：住,100000,1226,持分移轉,04760001
RPUPMLOLOHGGFHF09CB,仁愛段,.58,都市：住,100000,1226,持分移轉,04770000
RPUPMLOLOHGGFHF09CB,仁愛段,.05,都市：住,100000,1226,持分移轉,04770001
RPUPMLOLOHGGFHF09CB,仁愛段,.58,都市：住,100000,1226,持分移轉,04780000
RPUPMLOLOHGGFHF09CB,仁愛段,.05,都市：住,100000,1226,持分移轉,04780001
RPUPMLOLOHGGFHF09CB,仁愛段,.96,都市：住,100000,1226,持分移轉,04790000
RPUPMLOLOHGGFHF09CB,仁愛段,.07,都市：住,100000,1226,持分移轉,04790001
RPUPMLOLOHGGFHF09CB,仁愛段,.80,都市：住,100000,1226,持分移轉,04690000
RPUPMLOLOHGGFHF09CB,仁愛段,5.70,都市：住,100000,1226,持分移轉,05170000
RPUPMLOLOHGGFHF09CB,仁愛段,.01,都市：住,100000,1226,持分移轉,05490003
RPUPMLOLOHGGFHF09CB,仁愛段,.51,都市：住,100000,1226,持分移轉,05490004
RPVPMLOLOHGGFHF56CB,仁愛段,.25,都市：住,100000,1226,持分移轉,04800000
RPWPMLOLOHGGFHF66CB,仁愛段,.25,都市：住,100000,1226,持分移轉,04800000
RPVPMLOLOHGGFHF56CB,仁愛段,1.45,都市：住,100000,1226,持分移轉,04810000
RPWPMLOLOHGGFHF66CB,仁愛段,1.45,都市：住,100000,1226,持分移轉,04810000
RPVPMLOLOHGGFHF56CB,仁愛段,1.51,都市：住,100000,1226,持分移轉,04820000
RPWPMLOLOHGGFHF66CB,仁愛段,1.51,都市：住,100000,1226,持分移轉,04820000
RPVPMLOLOHGGFHF56CB,仁愛段,.58,都市：住,100000,1226,持分移轉,04760000
RPWPMLOLOHGGFHF66CB,仁愛段,.58,都市：住,100000,1226,持分移轉,04760000
RPVPMLOLOHGGFHF56CB,仁愛段,.05,都市：住,100000,1226,持分移轉,04760001
RPWPMLOLOHGGFHF66CB,仁愛段,.05,都市：住,100000,1226,持分移轉,04760001
RPVPMLOLOHGGFHF56CB,仁愛段,.58,都市：住,100000,1226,持分移轉,04770000
RPWPMLOLOHGGFHF66CB,仁愛段,.58,都市：住,100000,1226,持分移轉,04770000
RPVPMLOLOHGGFHF56CB,仁愛段,.05,都市：住,100000,1226,持分移轉,04770001
RPWPMLOLOHGGFHF66CB,仁愛段,.05,都市：住,100000,1226,持分移轉,04770001
RPVPMLOLOHGGFHF56CB,仁愛段,.58,都市：住,100000,1226,持分移轉,04780000
RPWPMLOLOHGGFHF66CB,仁愛段,.58,都市：住,100000,1226,持分移轉,04780000
RPVPMLOLOHGGFHF56CB,仁愛段,.05,都市：住,100000,1226,持分移轉,04780001
RPWPMLOLOHGGFHF66CB,仁愛段,.05,都市：住,100000,1226,持分移轉,04780001
RPVPMLOLOHGGFHF56CB,仁愛段,.96,都市：住,100000,1226,持分移轉,04790000
RPWPMLOLOHGGFHF66CB,仁愛段,.96,都市：住,100000,1226,持分移轉,04790000
RPVPMLOLOHGGFHF56CB,仁愛段,.07,都市：住,100000,1226,持分移轉,04790001
RPWPMLOLOHGGFHF66CB,仁愛段,.07,都市：住,100000,1226,持分移轉,04790001
RPVPMLOLOHGGFHF56CB,仁愛段,.80,都市：住,100000,1226,持分移轉,04690000
RPWPMLOLOHGGFHF66CB,仁愛段,.80,都市：住,100000,1226,持分移轉,04690000
RPVPMLOLOHGGFHF56CB,仁愛段,5.70,都市：住,100000,1226,持分移轉,05170000
RPWPMLOLOHGGFHF66CB,仁愛段,5.70,都市：住,100000,1226,持分移轉,05170000
RPVPMLOLOHGGFHF56CB,仁愛段,.01,都市：住,100000,1226,持分移轉,05490003
RPWPMLOLOHGGFHF66CB,仁愛段,.01,都市：住,100000,1226,持分移轉,05490003
RPVPMLOLOHGGFHF56CB,仁愛段,.51,都市：住,100000,1226,持分移轉,05490004
RPWPMLOLOHGGFHF66CB,仁愛段,.51,都市：住,100000,1226,持分移轉,05490004
RPPQMLOLOHGGFHF68CB,仁愛段,.25,都市：住,100000,1236,持分移轉,04800000
RPPQMLOLOHGGFHF68CB,仁愛段,1.46,都市：住,100000,1236,持分移轉,04810000
RPPQMLOLOHGGFHF68CB,仁愛段,1.52,都市：住,100000,1236,持分移轉,04820000
RPPQMLOLOHGGFHF68CB,仁愛段,.58,都市：住,100000,1236,持分移轉,04760000
RPPQMLOLOHGGFHF68CB,仁愛段,.05,都市：住,100000,1236,持分移轉,04760001
RPPQMLOLOHGGFHF68CB,仁愛段,.58,都市：住,100000,1236,持分移轉,04770000
RPPQMLOLOHGGFHF68CB,仁愛段,.05,都市：住,100000,1236,持分移轉,04770001
RPPQMLOLOHGGFHF68CB,仁愛段,.58,都市：住,100000,1236,持分移轉,04780000
RPPQMLOLOHGGFHF68CB,仁愛段,.05,都市：住,100000,1236,持分移轉,04780001
RPPQMLOLOHGGFHF68CB,仁愛段,.96,都市：住,100000,1236,持分移轉,04790000
RPPQMLOLOHGGFHF68CB,仁愛段,.07,都市：住,100000,1236,持分移轉,04790001
RPPQMLOLOHGGFHF68CB,仁愛段,.80,都市：住,100000,1236,持分移轉,04690000
RPPQMLOLOHGGFHF68CB,仁愛段,5.74,都市：住,100000,1236,持分移轉,05170000
RPPQMLOLOHGGFHF68CB,仁愛段,.01,都市：住,100000,1236,持分移轉,05490003
RPPQMLOLOHGGFHF68CB,仁愛段,.52,都市：住,100000,1236,持分移轉,05490004
RPRQMLOLOHGGFHF88CB,仁愛段,.25,都市：住,100000,1233,持分移轉,04800000
RPRQMLOLOHGGFHF88CB,仁愛段,1.45,都市：住,100000,1233,持分移轉,04810000
RPRQMLOLOHGGFHF88CB,仁愛段,1.52,都市：住,100000,1233,持分移轉,04820000
RPRQMLOLOHGGFHF88CB,仁愛段,.58,都市：住,100000,1233,持分移轉,04760000
RPRQMLOLOHGGFHF88CB,仁愛段,.05,都市：住,100000,1233,持分移轉,04760001
RPRQMLOLOHGGFHF88CB,仁愛段,.58,都市：住,100000,1233,持分移轉,04770000
RPRQMLOLOHGGFHF88CB,仁愛段,.05,都市：住,100000,1233,持分移轉,04770001
RPRQMLOLOHGGFHF88CB,仁愛段,.58,都市：住,100000,1233,持分移轉,04780000
RPRQMLOLOHGGFHF88CB,仁愛段,.05,都市：住,100000,1233,持分移轉,04780001
RPRQMLOLOHGGFHF88CB,仁愛段,.96,都市：住,100000,1233,持分移轉,04790000
RPRQMLOLOHGGFHF88CB,仁愛段,.07,都市：住,100000,1233,持分移轉,04790001
RPRQMLOLOHGGFHF88CB,仁愛段,.80,都市：住,100000,1233,持分移轉,04690000
RPRQMLOLOHGGFHF88CB,仁愛段,5.73,都市：住,100000,1233,持分移轉,05170000
RPRQMLOLOHGGFHF88CB,仁愛段,.01,都市：住,100000,1233,持分移轉,05490003
RPRQMLOLOHGGFHF88CB,仁愛段,.52,都市：住,100000,1233,持分移轉,05490004
RPXPMLOLOHGGFHF76CB,仁愛段,.25,都市：住,100000,1226,持分移轉,04800000
RPXPMLOLOHGGFHF76CB,仁愛段,1.45,都市：住,100000,1226,持分移轉,04810000
RPXPMLOLOHGGFHF76CB,仁愛段,1.51,都市：住,100000,1226,持分移轉,04820000
RPXPMLOLOHGGFHF76CB,仁愛段,.58,都市：住,100000,1226,持分移轉,04760000
RPXPMLOLOHGGFHF76CB,仁愛段,.05,都市：住,100000,1226,持分移轉,04760001
RPXPMLOLOHGGFHF76CB,仁愛段,.58,都市：住,100000,1226,持分移轉,04770000
RPXPMLOLOHGGFHF76CB,仁愛段,.05,都市：住,100000,1226,持分移轉,04770001
RPXPMLOLOHGGFHF76CB,仁愛段,.58,都市：住,100000,1226,持分移轉,04780000
RPXPMLOLOHGGFHF76CB,仁愛段,.05,都市：住,100000,1226,持分移轉,04780001
RPXPMLOLOHGGFHF76CB,仁愛段,.96,都市：住,100000,1226,持分移轉,04790000
RPXPMLOLOHGGFHF76CB,仁愛段,.07,都市：住,100000,1226,持分移轉,04790001
RPXPMLOLOHGGFHF76CB,仁愛段,.80,都市：住,100000,1226,持分移轉,04690000
RPXPMLOLOHGGFHF76CB,仁愛段,5.70,都市：住,100000,1226,持分移轉,05170000
RPXPMLOLOHGGFHF76CB,仁愛段,.01,都市：住,100000,1226,持分移轉,05490003
RPXPMLOLOHGGFHF76CB,仁愛段,.51,都市：住,100000,1226,持分移轉,05490004
RPUQMLOLOHGGFHF56CB,仁愛段,.25,都市：住,100000,1233,持分移轉,04800000
RPUQMLOLOHGGFHF56CB,仁愛段,1.45,都市：住,100000,1233,持分移轉,04810000
RPTQMLOLOHGGFHF09CB,仁愛段,.25,都市：住,100000,1233,持分移轉,04800000
RPUQMLOLOHGGFHF56CB,仁愛段,1.52,都市：住,100000,1233,持分移轉,04820000
RPTQMLOLOHGGFHF09CB,仁愛段,1.45,都市：住,100000,1233,持分移轉,04810000
RPUQMLOLOHGGFHF56CB,仁愛段,.58,都市：住,100000,1233,持分移轉,04760000
RPUQMLOLOHGGFHF56CB,仁愛段,.05,都市：住,100000,1233,持分移轉,04760001
RPTQMLOLOHGGFHF09CB,仁愛段,1.52,都市：住,100000,1233,持分移轉,04820000
RPUQMLOLOHGGFHF56CB,仁愛段,.58,都市：住,100000,1233,持分移轉,04770000
RPUQMLOLOHGGFHF56CB,仁愛段,.05,都市：住,100000,1233,持分移轉,04770001
RPTQMLOLOHGGFHF09CB,仁愛段,.58,都市：住,100000,1233,持分移轉,04760000
RPUQMLOLOHGGFHF56CB,仁愛段,.58,都市：住,100000,1233,持分移轉,04780000
RPUQMLOLOHGGFHF56CB,仁愛段,.05,都市：住,100000,1233,持分移轉,04780001
RPTQMLOLOHGGFHF09CB,仁愛段,.05,都市：住,100000,1233,持分移轉,04760001
RPUQMLOLOHGGFHF56CB,仁愛段,.96,都市：住,100000,1233,持分移轉,04790000
RPUQMLOLOHGGFHF56CB,仁愛段,.07,都市：住,100000,1233,持分移轉,04790001
RPTQMLOLOHGGFHF09CB,仁愛段,.58,都市：住,100000,1233,持分移轉,04770000
RPUQMLOLOHGGFHF56CB,仁愛段,.80,都市：住,100000,1233,持分移轉,04690000
RPUQMLOLOHGGFHF56CB,仁愛段,5.73,都市：住,100000,1233,持分移轉,05170000
RPTQMLOLOHGGFHF09CB,仁愛段,.05,都市：住,100000,1233,持分移轉,04770001
RPUQMLOLOHGGFHF56CB,仁愛段,.01,都市：住,100000,1233,持分移轉,05490003
RPTQMLOLOHGGFHF09CB,仁愛段,.58,都市：住,100000,1233,持分移轉,04780000
RPUQMLOLOHGGFHF56CB,仁愛段,.52,都市：住,100000,1233,持分移轉,05490004
RPTQMLOLOHGGFHF09CB,仁愛段,.05,都市：住,100000,1233,持分移轉,04780001
RPTQMLOLOHGGFHF09CB,仁愛段,.96,都市：住,100000,1233,持分移轉,04790000
RPTQMLOLOHGGFHF09CB,仁愛段,.07,都市：住,100000,1233,持分移轉,04790001
RPTQMLOLOHGGFHF09CB,仁愛段,.80,都市：住,100000,1233,持分移轉,04690000
RPTQMLOLOHGGFHF09CB,仁愛段,5.73,都市：住,100000,1233,持分移轉,05170000
RPTQMLOLOHGGFHF09CB,仁愛段,.01,都市：住,100000,1233,持分移轉,05490003
RPTQMLOLOHGGFHF09CB,仁愛段,.52,都市：住,100000,1233,持分移轉,05490004
RPVQMLOLOHGGFHF66CB,仁愛段,.25,都市：住,100000,1243,持分移轉,04800000
RPVQMLOLOHGGFHF66CB,仁愛段,1.47,都市：住,100000,1243,持分移轉,04810000
RPVQMLOLOHGGFHF66CB,仁愛段,1.53,都市：住,100000,1243,持分移轉,04820000
RPVQMLOLOHGGFHF66CB,仁愛段,.58,都市：住,100000,1243,持分移轉,04760000
RPVQMLOLOHGGFHF66CB,仁愛段,.05,都市：住,100000,1243,持分移轉,04760001
RPVQMLOLOHGGFHF66CB,仁愛段,.58,都市：住,100000,1243,持分移轉,04770000
RPVQMLOLOHGGFHF66CB,仁愛段,.05,都市：住,100000,1243,持分移轉,04770001
RPVQMLOLOHGGFHF66CB,仁愛段,.58,都市：住,100000,1243,持分移轉,04780000
RPVQMLOLOHGGFHF66CB,仁愛段,.05,都市：住,100000,1243,持分移轉,04780001
RPVQMLOLOHGGFHF66CB,仁愛段,.97,都市：住,100000,1243,持分移轉,04790000
RPVQMLOLOHGGFHF66CB,仁愛段,.07,都市：住,100000,1243,持分移轉,04790001
RPVQMLOLOHGGFHF66CB,仁愛段,.81,都市：住,100000,1243,持分移轉,04690000
RPVQMLOLOHGGFHF66CB,仁愛段,5.77,都市：住,100000,1243,持分移轉,05170000
RPVQMLOLOHGGFHF66CB,仁愛段,.01,都市：住,100000,1243,持分移轉,05490003
RPVQMLOLOHGGFHF66CB,仁愛段,.52,都市：住,100000,1243,持分移轉,05490004
RPWQMLOLOHGGFHF76CB,仁愛段,.34,都市：住,100000,1683,持分移轉,04800000
RPWQMLOLOHGGFHF76CB,仁愛段,1.99,都市：住,100000,1683,持分移轉,04810000
RPWQMLOLOHGGFHF76CB,仁愛段,2.07,都市：住,100000,1683,持分移轉,04820000
RPWQMLOLOHGGFHF76CB,仁愛段,.79,都市：住,100000,1683,持分移轉,04760000
RPWQMLOLOHGGFHF76CB,仁愛段,.07,都市：住,100000,1683,持分移轉,04760001
RPWQMLOLOHGGFHF76CB,仁愛段,.79,都市：住,100000,1683,持分移轉,04770000
RPWQMLOLOHGGFHF76CB,仁愛段,.07,都市：住,100000,1683,持分移轉,04770001
RPWQMLOLOHGGFHF76CB,仁愛段,.79,都市：住,100000,1683,持分移轉,04780000
RPWQMLOLOHGGFHF76CB,仁愛段,.07,都市：住,100000,1683,持分移轉,04780001
RPWQMLOLOHGGFHF76CB,仁愛段,1.31,都市：住,100000,1683,持分移轉,04790000
RPWQMLOLOHGGFHF76CB,仁愛段,.10,都市：住,100000,1683,持分移轉,04790001
RPWQMLOLOHGGFHF76CB,仁愛段,1.09,都市：住,100000,1683,持分移轉,04690000
RPWQMLOLOHGGFHF76CB,仁愛段,7.82,都市：住,100000,1683,持分移轉,05170000
RPWQMLOLOHGGFHF76CB,仁愛段,.01,都市：住,100000,1683,持分移轉,05490003
RPWQMLOLOHGGFHF76CB,仁愛段,.71,都市：住,100000,1683,持分移轉,05490004
RPORMLOLOHGGFHF68CB,仁愛段,.34,都市：住,100000,1683,持分移轉,04800000
RPORMLOLOHGGFHF68CB,仁愛段,1.99,都市：住,100000,1683,持分移轉,04810000
RPORMLOLOHGGFHF68CB,仁愛段,2.07,都市：住,100000,1683,持分移轉,04820000
RPORMLOLOHGGFHF68CB,仁愛段,.79,都市：住,100000,1683,持分移轉,04760000
RPORMLOLOHGGFHF68CB,仁愛段,.07,都市：住,100000,1683,持分移轉,04760001
RPORMLOLOHGGFHF68CB,仁愛段,.79,都市：住,100000,1683,持分移轉,04770000
RPORMLOLOHGGFHF68CB,仁愛段,.07,都市：住,100000,1683,持分移轉,04770001
RPORMLOLOHGGFHF68CB,仁愛段,.79,都市：住,100000,1683,持分移轉,04780000
RPORMLOLOHGGFHF68CB,仁愛段,.07,都市：住,100000,1683,持分移轉,04780001
RPORMLOLOHGGFHF68CB,仁愛段,1.31,都市：住,100000,1683,持分移轉,04790000
RPORMLOLOHGGFHF68CB,仁愛段,.10,都市：住,100000,1683,持分移轉,04790001
RPORMLOLOHGGFHF68CB,仁愛段,1.09,都市：住,100000,1683,持分移轉,04690000
RPORMLOLOHGGFHF68CB,仁愛段,7.82,都市：住,100000,1683,持分移轉,05170000
RPORMLOLOHGGFHF68CB,仁愛段,.01,都市：住,100000,1683,持分移轉,05490003
RPORMLOLOHGGFHF68CB,仁愛段,.71,都市：住,100000,1683,持分移轉,05490004
RPPRMLOLOHGGFHF78CB,仁愛段,.34,都市：住,100000,1686,持分移轉,04800000
RPWRMLOLOHGGFHF86CB,水源段,.83,都市：商,100000,186,持分移轉,02180000
RPPRMLOLOHGGFHF78CB,仁愛段,1.99,都市：住,100000,1686,持分移轉,04810000
RPWRMLOLOHGGFHF86CB,水源段,.44,都市：商,100000,186,持分移轉,02190000
RPQOMLOLOHGGFIF68CB,鳳鳴段,15.99,都市：住,10000,30,持分移轉,00020000
RPPRMLOLOHGGFHF78CB,仁愛段,2.07,都市：住,100000,1686,持分移轉,04820000
RPWRMLOLOHGGFHF86CB,水源段,.39,都市：商,100000,186,持分移轉,02200000
RPPRMLOLOHGGFHF78CB,仁愛段,.79,都市：住,100000,1686,持分移轉,04760000
RPWRMLOLOHGGFHF86CB,水源段,.44,都市：商,100000,186,持分移轉,02210000
RPPRMLOLOHGGFHF78CB,仁愛段,.07,都市：住,100000,1686,持分移轉,04760001
RPWRMLOLOHGGFHF86CB,水源段,.41,都市：商,100000,186,持分移轉,02220000
RPWRMLOLOHGGFHF86CB,水源段,.37,都市：商,100000,186,持分移轉,02230000
RPPRMLOLOHGGFHF78CB,仁愛段,.79,都市：住,100000,1686,持分移轉,04770000
RPWRMLOLOHGGFHF86CB,水源段,.16,都市：商,100000,186,持分移轉,02250000
RPWRMLOLOHGGFHF86CB,水源段,.02,都市：商,100000,186,持分移轉,02270005
RPPRMLOLOHGGFHF78CB,仁愛段,.07,都市：住,100000,1686,持分移轉,04770001
RPWRMLOLOHGGFHF86CB,水源段,.52,都市：商,100000,186,持分移轉,02310000
RPPRMLOLOHGGFHF78CB,仁愛段,.79,都市：住,100000,1686,持分移轉,04780000
RPWRMLOLOHGGFHF86CB,水源段,.11,都市：商,100000,186,持分移轉,02310005
RPPRMLOLOHGGFHF78CB,仁愛段,.07,都市：住,100000,1686,持分移轉,04780001
RPWRMLOLOHGGFHF86CB,水源段,2.73,都市：商,100000,186,持分移轉,02320000
RPPRMLOLOHGGFHF78CB,仁愛段,1.32,都市：住,100000,1686,持分移轉,04790000
RPWRMLOLOHGGFHF86CB,水源段,.17,都市：商,100000,186,持分移轉,02320001
RPPRMLOLOHGGFHF78CB,仁愛段,.10,都市：住,100000,1686,持分移轉,04790001
RPWRMLOLOHGGFHF86CB,水源段,.36,都市：商,100000,186,持分移轉,02380000
RPPRMLOLOHGGFHF78CB,仁愛段,1.10,都市：住,100000,1686,持分移轉,04690000
RPPRMLOLOHGGFHF78CB,仁愛段,7.83,都市：住,100000,1686,持分移轉,05170000
RPPRMLOLOHGGFHF78CB,仁愛段,.01,都市：住,100000,1686,持分移轉,05490003
RPPRMLOLOHGGFHF78CB,仁愛段,.71,都市：住,100000,1686,持分移轉,05490004
RPROMLOLOHGGFIF78CB,鳳鳴段,15.99,都市：住,10000,30,持分移轉,00020000
RPUOMLOLOHGGFIF09CB,鳳鳴段,15.99,都市：住,10000,30,持分移轉,00020000
RPVOMLOLOHGGFIF56CB,鳳鳴段,16.53,都市：住,10000,31,持分移轉,00020000
RPXOMLOLOHGGFIF76CB,鳳鳴段,16.53,都市：住,10000,31,持分移轉,00020000
RPTPMLOLOHGGFIF09CB,鳳鳴段,16.53,都市：住,10000,31,持分移轉,00020000
RPPPMLOLOHGGFIF68CB,鳳鳴段,16.53,都市：住,10000,31,持分移轉,00020000
RPUPMLOLOHGGFIF56CB,鳳鳴段,16.53,都市：住,10000,31,持分移轉,00020000
RPWPMLOLOHGGFIF76CB,鳳鳴段,24.52,都市：住,10000,46,持分移轉,00020000
RPXPMLOLOHGGFIF86CB,鳳鳴段,24.52,都市：住,10000,46,持分移轉,00020000
RPOQMLOLOHGGFIF68CB,鳳鳴段,24.52,都市：住,10000,46,持分移轉,00020000
RPPQMLOLOHGGFIF78CB,鳳鳴段,24.52,都市：住,10000,46,持分移轉,00020000
RPQQMLOLOHGGFIF88CB,鳳鳴段,23.99,都市：住,10000,45,持分移轉,00020000
RPUQMLOLOHGGFIF66CB,鳳鳴段,24.52,都市：住,10000,46,持分移轉,00020000
RPVQMLOLOHGGFIF76CB,鳳鳴段,24.52,都市：住,10000,46,持分移轉,00020000
RPXQMLOLOHGGFIF96CB,鳳鳴段,24.52,都市：住,10000,46,持分移轉,00020000
RPORMLOLOHGGFIF78CB,鳳鳴段,24.52,都市：住,10000,46,持分移轉,00020000
RPQRMLOLOHGGFIF98CB,鳳鳴段,28.79,都市：住,10000,54,持分移轉,00020000
RPRRMLOLOHGGFIF09CB,鳳鳴段,27.72,都市：住,10000,52,持分移轉,00020000
RPSRMLOLOHGGFIF56CB,鳳鳴段,27.72,都市：住,10000,52,持分移轉,00020000
RPTRMLOLOHGGFIF66CB,鳳鳴段,27.72,都市：住,10000,52,持分移轉,00020000
RPURMLOLOHGGFIF76CB,鳳鳴段,27.72,都市：住,10000,52,持分移轉,00020000
RPWRMLOLOHGGFIF96CB,鳳鳴段,27.72,都市：住,10000,52,持分移轉,00020000
RPXRMLOLOHGGFIF07CB,鳳鳴段,27.72,都市：住,10000,52,持分移轉,00020000
RPPSMLOLOHGGFIF98CB,鳳鳴段,27.72,都市：住,10000,52,持分移轉,00020000
RPOSMLOLOHGGFIF88CB,鳳鳴段,27.72,都市：住,10000,52,持分移轉,00020000
RPQSMLOLOHGGFIF09CB,鳳鳴段,27.72,都市：住,10000,52,持分移轉,00020000
RPSSMLOLOHGGFIF66CB,鳳鳴段,28.25,都市：住,10000,53,持分移轉,00020000
RPWOMLOLOHGGFIF66CB,鳳鳴段,16.53,都市：住,10000,31,持分移轉,00020000
RPTSMLOLOHGGFIF76CB,鳳鳴段,27.72,都市：住,10000,52,持分移轉,00020000
RPUSMLOLOHGGFIF86CB,鳳鳴段,17.06,都市：住,10000,32,持分移轉,00020000
RPOPMLOLOHGGFIF58CB,鳳鳴段,15.99,都市：住,10000,30,持分移轉,00020000
RPRPMLOLOHGGFIF88CB,鳳鳴段,15.99,都市：住,10000,30,持分移轉,00020000
RPSPMLOLOHGGFIF98CB,鳳鳴段,16.53,都市：住,10000,31,持分移轉,00020000
RPWQMLOLOHGGFIF86CB,鳳鳴段,24.52,都市：住,10000,46,持分移轉,00020000
RPTQMLOLOHGGFIF56CB,鳳鳴段,23.99,都市：住,10000,45,持分移轉,00020000
RPVPMLOLOHGGFIF66CB,鳳鳴段,16.53,都市：住,10000,31,持分移轉,00020000
RPVSMLOLOHGGFIF96CB,鳳鳴段,15.99,都市：住,10000,30,持分移轉,00020000
RPXSMLOLOHGGFIF17CB,鳳鳴段,15.46,都市：住,10000,29,持分移轉,00020000
RPOTMLOLOHGGFIF98CB,鳳鳴段,15.46,都市：住,10000,29,持分移轉,00020000
RPPTMLOLOHGGFIF09CB,鳳鳴段,15.99,都市：住,10000,30,持分移轉,00020000
RPRTMLOLOHGGFIF66CB,鳳鳴段,15.46,都市：住,10000,29,持分移轉,00020000
RPSTMLOLOHGGFIF76CB,鳳鳴段,15.99,都市：住,10000,30,持分移轉,00020000
RPTTMLOLOHGGFIF86CB,鳳鳴段,15.99,都市：住,10000,30,持分移轉,00020000
RPXTMLOLOHGGFIF27CB,鳳鳴段,15.99,都市：住,10000,30,持分移轉,00020000
RPUTMLOLOHGGFIF96CB,鳳鳴段,15.99,都市：住,10000,30,持分移轉,00020000
RPVTMLOLOHGGFIF07CB,鳳鳴段,15.99,都市：住,10000,30,持分移轉,00020000
RPOUMLOLOHGGFIF09CB,鳳鳴段,15.46,都市：住,10000,29,持分移轉,00020000
RPPUMLOLOHGGFIF56CB,鳳鳴段,15.46,都市：住,10000,29,持分移轉,00020000
RPRUMLOLOHGGFIF76CB,鳳鳴段,18.66,都市：住,10000,35,持分移轉,00020000
RPQUMLOLOHGGFIF66CB,鳳鳴段,15.99,都市：住,10000,30,持分移轉,00020000
RPSUMLOLOHGGFIF86CB,鳳鳴段,18.66,都市：住,10000,35,持分移轉,00020000
RPTUMLOLOHGGFIF96CB,鳳鳴段,18.66,都市：住,10000,35,持分移轉,00020000
RPUUMLOLOHGGFIF07CB,鳳鳴段,18.66,都市：住,10000,35,持分移轉,00020000
RPWUMLOLOHGGFIF27CB,鳳鳴段,18.12,都市：住,10000,34,持分移轉,00020000
RPVUMLOLOHGGFIF17CB,鳳鳴段,18.66,都市：住,10000,35,持分移轉,00020000
RPXUMLOLOHGGFIF37CB,鳳鳴段,18.66,都市：住,10000,35,持分移轉,00020000
RPPVMLOLOHGGFIF66CB,鳳鳴段,18.66,都市：住,10000,35,持分移轉,00020000
RPOVMLOLOHGGFIF56CB,鳳鳴段,18.66,都市：住,10000,35,持分移轉,00020000
RPQVMLOLOHGGFIF76CB,鳳鳴段,18.12,都市：住,10000,34,持分移轉,00020000
RPSVMLOLOHGGFIF96CB,鳳鳴段,18.12,都市：住,10000,34,持分移轉,00020000
RPRVMLOLOHGGFIF86CB,鳳鳴段,18.66,都市：住,10000,35,持分移轉,00020000
RPVVMLOLOHGGFIF27CB,鳳鳴段,17.59,都市：住,10000,33,持分移轉,00020000
RPTVMLOLOHGGFIF07CB,鳳鳴段,18.66,都市：住,10000,35,持分移轉,00020000
RPUVMLOLOHGGFIF17CB,鳳鳴段,18.66,都市：住,10000,35,持分移轉,00020000
RPXVMLOLOHGGFIF47CB,鳳鳴段,15.99,都市：住,10000,30,持分移轉,00020000
RPWVMLOLOHGGFIF37CB,鳳鳴段,15.99,都市：住,10000,30,持分移轉,00020000
RPOWMLOLOHGGFIF66CB,鳳鳴段,20.71,都市：住,100000,732,持分移轉,00050000
RPPWMLOLOHGGFIF76CB,鳳鳴段,15.46,都市：住,10000,29,持分移轉,00020000
RPQWMLOLOHGGFIF86CB,鳳鳴段,15.46,都市：住,10000,29,持分移轉,00020000
RPSWMLOLOHGGFIF07CB,鳳鳴段,15.99,都市：住,10000,30,持分移轉,00020000
RPTWMLOLOHGGFIF17CB,鳳鳴段,15.99,都市：住,10000,30,持分移轉,00020000
RPUWMLOLOHGGFIF27CB,鳳鳴段,15.99,都市：住,10000,30,持分移轉,00020000
RPVWMLOLOHGGFIF37CB,鳳鳴段,15.99,都市：住,10000,30,持分移轉,00020000
RPXWMLOLOHGGFIF57CB,鳳鳴段,15.46,都市：住,10000,29,持分移轉,00020000
RPPNNLOLOHGGFIF58CB,鳳鳴段,15.46,都市：住,10000,29,持分移轉,00020000
RPRNNLOLOHGGFIF78CB,鳳鳴段,15.99,都市：住,10000,30,持分移轉,00020000
RPSNNLOLOHGGFIF88CB,鳳鳴段,28.79,都市：住,10000,54,持分移轉,00020000
RPWWMLOLOHGGFIF47CB,鳳鳴段,15.99,都市：住,10000,30,持分移轉,00020000
RPUNNLOLOHGGFIF09CB,鳳鳴段,20.71,都市：住,100000,732,持分移轉,00050000
RPTNNLOLOHGGFIF98CB,鳳鳴段,27.72,都市：住,10000,52,持分移轉,00020000
RPWNNLOLOHGGFIF66CB,鳳鳴段,27.72,都市：住,10000,52,持分移轉,00020000
RPVNNLOLOHGGFIF56CB,鳳鳴段,27.72,都市：住,10000,52,持分移轉,00020000
RPXNNLOLOHGGFIF76CB,鳳鳴段,20.71,都市：住,100000,732,持分移轉,00050000
RPOONLOLOHGGFIF58CB,鳳鳴段,27.72,都市：住,10000,52,持分移轉,00020000
RPPONLOLOHGGFIF68CB,鳳鳴段,27.72,都市：住,10000,52,持分移轉,00020000
RPQONLOLOHGGFIF78CB,鳳鳴段,27.72,都市：住,10000,52,持分移轉,00020000
RPRONLOLOHGGFIF88CB,鳳鳴段,20.71,都市：住,100000,732,持分移轉,00050000
RPUONLOLOHGGFIF56CB,鳳鳴段,27.72,都市：住,10000,52,持分移轉,00020000
RPTONLOLOHGGFIF09CB,鳳鳴段,27.72,都市：住,10000,52,持分移轉,00020000
RPOPNLOLOHGGFIF68CB,鳳鳴段,27.72,都市：住,10000,52,持分移轉,00020000
RPWONLOLOHGGFIF76CB,鳳鳴段,27.72,都市：住,10000,52,持分移轉,00020000
RPSONLOLOHGGFIF98CB,鳳鳴段,27.72,都市：住,10000,52,持分移轉,00020000
RPQPNLOLOHGGFIF88CB,鳳鳴段,20.71,都市：住,100000,732,持分移轉,00050000
RPPPNLOLOHGGFIF78CB,鳳鳴段,27.72,都市：住,10000,52,持分移轉,00020000
RPRPNLOLOHGGFIF98CB,鳳鳴段,27.72,都市：住,10000,52,持分移轉,00020000
RPSPNLOLOHGGFIF09CB,鳳鳴段,24.52,都市：住,10000,46,持分移轉,00020000
RPTPNLOLOHGGFIF56CB,鳳鳴段,24.52,都市：住,10000,46,持分移轉,00020000
RPUPNLOLOHGGFIF66CB,鳳鳴段,24.52,都市：住,10000,46,持分移轉,00020000
RPVPNLOLOHGGFIF76CB,鳳鳴段,24.52,都市：住,10000,46,持分移轉,00020000
RPWPNLOLOHGGFIF86CB,鳳鳴段,24.52,都市：住,10000,46,持分移轉,00020000
RPXPNLOLOHGGFIF96CB,鳳鳴段,24.52,都市：住,10000,46,持分移轉,00020000
RPSQNLOLOHGGFIF56CB,鳳鳴段,24.52,都市：住,10000,46,持分移轉,00020000
RPRQNLOLOHGGFIF09CB,鳳鳴段,20.71,都市：住,100000,732,持分移轉,00050000
RPQQNLOLOHGGFIF98CB,鳳鳴段,24.52,都市：住,10000,46,持分移轉,00020000
RPPQNLOLOHGGFIF88CB,鳳鳴段,24.52,都市：住,10000,46,持分移轉,00020000
RPOQNLOLOHGGFIF78CB,鳳鳴段,20.71,都市：住,100000,732,持分移轉,00050000
RPTQNLOLOHGGFIF66CB,鳳鳴段,24.52,都市：住,10000,46,持分移轉,00020000
RPUQNLOLOHGGFIF76CB,鳳鳴段,20.71,都市：住,100000,732,持分移轉,00050000
RPVQNLOLOHGGFIF86CB,鳳鳴段,24.52,都市：住,10000,46,持分移轉,00020000
RPWQNLOLOHGGFIF96CB,鳳鳴段,20.71,都市：住,100000,732,持分移轉,00050000
RPXQNLOLOHGGFIF07CB,鳳鳴段,15.99,都市：住,10000,30,持分移轉,00020000
RPPRNLOLOHGGFIF98CB,鳳鳴段,20.71,都市：住,100000,732,持分移轉,00050000
RPQRNLOLOHGGFIF09CB,鳳鳴段,15.99,都市：住,10000,30,持分移轉,00020000
RPORNLOLOHGGFIF88CB,鳳鳴段,15.99,都市：住,10000,30,持分移轉,00020000
RPRRNLOLOHGGFIF56CB,鳳鳴段,15.99,都市：住,10000,30,持分移轉,00020000
RPTRNLOLOHGGFIF76CB,鳳鳴段,20.71,都市：住,100000,732,持分移轉,00050000
RPURNLOLOHGGFIF86CB,鳳鳴段,15.99,都市：住,10000,30,持分移轉,00020000
RPVRNLOLOHGGFIF96CB,鳳鳴段,15.99,都市：住,10000,30,持分移轉,00020000
RPSRNLOLOHGGFIF66CB,鳳鳴段,16.53,都市：住,10000,31,持分移轉,00020000
RPWRNLOLOHGGFIF07CB,鳳鳴段,15.99,都市：住,10000,30,持分移轉,00020000
RPXRNLOLOHGGFIF17CB,鳳鳴段,16.53,都市：住,10000,31,持分移轉,00020000
RPPSNLOLOHGGFIF09CB,鳳鳴段,16.53,都市：住,10000,31,持分移轉,00020000
RPOSNLOLOHGGFIF98CB,鳳鳴段,16.53,都市：住,10000,31,持分移轉,00020000
RPQSNLOLOHGGFIF56CB,鳳鳴段,16.53,都市：住,10000,31,持分移轉,00020000
RPRSNLOLOHGGFIF66CB,鳳鳴段,16.53,都市：住,10000,31,持分移轉,00020000
RPSSNLOLOHGGFIF76CB,鳳鳴段,16.53,都市：住,10000,31,持分移轉,00020000
RPUSNLOLOHGGFIF96CB,鳳鳴段,15.99,都市：住,10000,30,持分移轉,00020000
RPTSNLOLOHGGFIF86CB,鳳鳴段,15.99,都市：住,10000,30,持分移轉,00020000
RPWSNLOLOHGGFIF17CB,鳳鳴段,16.53,都市：住,10000,31,持分移轉,00020000
RPXSNLOLOHGGFIF27CB,鳳鳴段,16.53,都市：住,10000,31,持分移轉,00020000
RPVSNLOLOHGGFIF07CB,鳳鳴段,20.57,都市：住,100000,727,持分移轉,00050000
RPOTNLOLOHGGFIF09CB,鳳鳴段,15.99,都市：住,10000,30,持分移轉,00020000
RPPTNLOLOHGGFIF56CB,鳳鳴段,20.57,都市：住,100000,727,持分移轉,00050000
RPQTNLOLOHGGFIF66CB,鳳鳴段,15.99,都市：住,10000,30,持分移轉,00020000
RPRTNLOLOHGGFIF76CB,鳳鳴段,16.53,都市：住,10000,31,持分移轉,00020000
RPSTNLOLOHGGFIF86CB,鳳鳴段,16.53,都市：住,10000,31,持分移轉,00020000
RPTTNLOLOHGGFIF96CB,鳳鳴段,16.53,都市：住,10000,31,持分移轉,00020000
RPUTNLOLOHGGFIF07CB,鳳鳴段,20.57,都市：住,100000,727,持分移轉,00050000
RPVTNLOLOHGGFIF17CB,鳳鳴段,16.53,都市：住,10000,31,持分移轉,00020000
RPWTNLOLOHGGFIF27CB,鳳鳴段,15.99,都市：住,10000,30,持分移轉,00020000
RPQUNLOLOHGGFIF76CB,鳳鳴段,16.53,都市：住,10000,31,持分移轉,00020000
RPPUNLOLOHGGFIF66CB,鳳鳴段,16.53,都市：住,10000,31,持分移轉,00020000
RPOUNLOLOHGGFIF56CB,鳳鳴段,16.53,都市：住,10000,31,持分移轉,00020000
RPTUNLOLOHGGFIF07CB,鳳鳴段,24.52,都市：住,10000,46,持分移轉,00020000
RPRUNLOLOHGGFIF86CB,鳳鳴段,24.52,都市：住,10000,46,持分移轉,00020000
RPSUNLOLOHGGFIF96CB,鳳鳴段,20.57,都市：住,100000,727,持分移轉,00050000
RPUUNLOLOHGGFIF17CB,鳳鳴段,24.52,都市：住,10000,46,持分移轉,00020000
RPVUNLOLOHGGFIF27CB,鳳鳴段,20.57,都市：住,100000,727,持分移轉,00050000
RPXUNLOLOHGGFIF47CB,鳳鳴段,23.99,都市：住,10000,45,持分移轉,00020000
RPWUNLOLOHGGFIF37CB,鳳鳴段,23.99,都市：住,10000,45,持分移轉,00020000
RPOVNLOLOHGGFIF66CB,鳳鳴段,20.57,都市：住,100000,727,持分移轉,00050000
RPPVNLOLOHGGFIF76CB,鳳鳴段,24.52,都市：住,10000,46,持分移轉,00020000
RPRVNLOLOHGGFIF96CB,鳳鳴段,20.57,都市：住,100000,727,持分移轉,00050000
RPSVNLOLOHGGFIF07CB,鳳鳴段,24.52,都市：住,10000,46,持分移轉,00020000
RPQVNLOLOHGGFIF86CB,鳳鳴段,24.52,都市：住,10000,46,持分移轉,00020000
RPUVNLOLOHGGFIF27CB,鳳鳴段,23.99,都市：住,10000,45,持分移轉,00020000
RPTVNLOLOHGGFIF17CB,鳳鳴段,20.57,都市：住,100000,727,持分移轉,00050000
RPVVNLOLOHGGFIF37CB,鳳鳴段,20.57,都市：住,100000,727,持分移轉,00050000
RPWVNLOLOHGGFIF47CB,鳳鳴段,23.99,都市：住,10000,45,持分移轉,00020000
RPXVNLOLOHGGFIF57CB,鳳鳴段,24.52,都市：住,10000,46,持分移轉,00020000
RPOWNLOLOHGGFIF76CB,鳳鳴段,20.71,都市：住,100000,732,持分移轉,00050000
RPPWNLOLOHGGFIF86CB,鳳鳴段,24.52,都市：住,10000,46,持分移轉,00020000
RPQWNLOLOHGGFIF96CB,鳳鳴段,27.72,都市：住,10000,52,持分移轉,00020000
RPTWNLOLOHGGFIF27CB,鳳鳴段,27.72,都市：住,10000,52,持分移轉,00020000
RPUWNLOLOHGGFIF37CB,鳳鳴段,27.72,都市：住,10000,52,持分移轉,00020000
RPSWNLOLOHGGFIF17CB,鳳鳴段,27.72,都市：住,10000,52,持分移轉,00020000
RPVWNLOLOHGGFIF47CB,鳳鳴段,27.72,都市：住,10000,52,持分移轉,00020000
RPXWNLOLOHGGFIF67CB,鳳鳴段,27.72,都市：住,10000,52,持分移轉,00020000
RPPNOLOLOHGGFIF68CB,鳳鳴段,27.72,都市：住,10000,52,持分移轉,00020000
RPONOLOLOHGGFIF58CB,鳳鳴段,27.72,都市：住,10000,52,持分移轉,00020000
RPQNOLOLOHGGFIF78CB,鳳鳴段,27.72,都市：住,10000,52,持分移轉,00020000
RPRNOLOLOHGGFIF88CB,鳳鳴段,27.72,都市：住,10000,52,持分移轉,00020000
RPSNOLOLOHGGFIF98CB,鳳鳴段,20.71,都市：住,100000,732,持分移轉,00050000
RPTNOLOLOHGGFIF09CB,鳳鳴段,27.72,都市：住,10000,52,持分移轉,00020000
RPVNOLOLOHGGFIF66CB,鳳鳴段,27.72,都市：住,10000,52,持分移轉,00020000
RPUNOLOLOHGGFIF56CB,鳳鳴段,27.72,都市：住,10000,52,持分移轉,00020000
RPXNOLOLOHGGFIF86CB,鳳鳴段,15.46,都市：住,10000,29,持分移轉,00020000
RPWNOLOLOHGGFIF76CB,鳳鳴段,17.59,都市：住,10000,33,持分移轉,00020000
RPOOOLOLOHGGFIF68CB,鳳鳴段,15.46,都市：住,10000,29,持分移轉,00020000
RPPOOLOLOHGGFIF78CB,鳳鳴段,15.46,都市：住,10000,29,持分移轉,00020000
RPROOLOLOHGGFIF98CB,鳳鳴段,15.99,都市：住,10000,30,持分移轉,00020000
RPSOOLOLOHGGFIF09CB,鳳鳴段,15.99,都市：住,10000,30,持分移轉,00020000
RPQOOLOLOHGGFIF88CB,鳳鳴段,15.46,都市：住,10000,29,持分移轉,00020000
RPTOOLOLOHGGFIF56CB,鳳鳴段,15.99,都市：住,10000,30,持分移轉,00020000
RPWOOLOLOHGGFIF86CB,鳳鳴段,15.99,都市：住,10000,30,持分移轉,00020000
RPOPOLOLOHGGFIF78CB,鳳鳴段,15.99,都市：住,10000,30,持分移轉,00020000
RPUOOLOLOHGGFIF66CB,鳳鳴段,20.69,都市：住,100000,731,持分移轉,00050000
RPXOOLOLOHGGFIF96CB,鳳鳴段,20.69,都市：住,100000,731,持分移轉,00050000
RPVOOLOLOHGGFIF76CB,鳳鳴段,15.99,都市：住,10000,30,持分移轉,00020000
RPPPOLOLOHGGFIF88CB,鳳鳴段,15.99,都市：住,10000,30,持分移轉,00020000
RPQPOLOLOHGGFIF98CB,鳳鳴段,15.46,都市：住,10000,29,持分移轉,00020000
RPRPOLOLOHGGFIF09CB,鳳鳴段,15.99,都市：住,10000,30,持分移轉,00020000
RPSPOLOLOHGGFIF56CB,鳳鳴段,18.12,都市：住,10000,34,持分移轉,00020000
RPUPOLOLOHGGFIF76CB,鳳鳴段,18.66,都市：住,10000,35,持分移轉,00020000
RPVPOLOLOHGGFIF86CB,鳳鳴段,18.66,都市：住,10000,35,持分移轉,00020000
RPWPOLOLOHGGFIF96CB,鳳鳴段,18.12,都市：住,10000,34,持分移轉,00020000
RPTPOLOLOHGGFIF66CB,鳳鳴段,20.69,都市：住,100000,731,持分移轉,00050000
RPXPOLOLOHGGFIF07CB,鳳鳴段,20.69,都市：住,100000,731,持分移轉,00050000
RPQQOLOLOHGGFIF09CB,鳳鳴段,18.66,都市：住,10000,35,持分移轉,00020000
RPOQOLOLOHGGFIF88CB,鳳鳴段,18.66,都市：住,10000,35,持分移轉,00020000
RPSQOLOLOHGGFIF66CB,鳳鳴段,18.66,都市：住,10000,35,持分移轉,00020000
RPTQOLOLOHGGFIF76CB,鳳鳴段,20.69,都市：住,100000,731,持分移轉,00050000
RPUQOLOLOHGGFIF86CB,鳳鳴段,18.12,都市：住,10000,34,持分移轉,00020000
RPVQOLOLOHGGFIF96CB,鳳鳴段,18.66,都市：住,10000,35,持分移轉,00020000
RPWQOLOLOHGGFIF07CB,鳳鳴段,18.12,都市：住,10000,34,持分移轉,00020000
RPQROLOLOHGGFIF56CB,鳳鳴段,18.66,都市：住,10000,35,持分移轉,00020000
RPPROLOLOHGGFIF09CB,鳳鳴段,18.66,都市：住,10000,35,持分移轉,00020000
RPXQOLOLOHGGFIF17CB,鳳鳴段,20.69,都市：住,100000,731,持分移轉,00050000
RPRROLOLOHGGFIF66CB,鳳鳴段,18.66,都市：住,10000,35,持分移轉,00020000
RPUROLOLOHGGFIF96CB,鳳鳴段,17.06,都市：住,10000,32,持分移轉,00020000
RPVROLOLOHGGFIF07CB,鳳鳴段,20.69,都市：住,100000,731,持分移轉,00050000
RPSROLOLOHGGFIF76CB,鳳鳴段,18.66,都市：住,10000,35,持分移轉,00020000
RPXROLOLOHGGFIF27CB,鳳鳴段,15.46,都市：住,10000,29,持分移轉,00020000
RPOSOLOLOHGGFIF09CB,鳳鳴段,20.69,都市：住,100000,731,持分移轉,00050000
RPWROLOLOHGGFIF17CB,鳳鳴段,15.46,都市：住,10000,29,持分移轉,00020000
RPPSOLOLOHGGFIF56CB,鳳鳴段,15.46,都市：住,10000,29,持分移轉,00020000
RPSSOLOLOHGGFIF86CB,鳳鳴段,20.69,都市：住,100000,731,持分移轉,00050000
RPTSOLOLOHGGFIF96CB,鳳鳴段,15.46,都市：住,10000,29,持分移轉,00020000
RPQSOLOLOHGGFIF66CB,鳳鳴段,15.46,都市：住,10000,29,持分移轉,00020000
RPRSOLOLOHGGFIF76CB,鳳鳴段,15.99,都市：住,10000,30,持分移轉,00020000
RPUSOLOLOHGGFIF07CB,鳳鳴段,15.99,都市：住,10000,30,持分移轉,00020000
RPWSOLOLOHGGFIF27CB,鳳鳴段,15.46,都市：住,10000,29,持分移轉,00020000
RPXSOLOLOHGGFIF37CB,鳳鳴段,15.99,都市：住,10000,30,持分移轉,00020000
RPVSOLOLOHGGFIF17CB,鳳鳴段,20.69,都市：住,100000,731,持分移轉,00050000
RPOTOLOLOHGGFIF56CB,鳳鳴段,15.46,都市：住,10000,29,持分移轉,00020000
RPPTOLOLOHGGFIF66CB,鳳鳴段,15.99,都市：住,10000,30,持分移轉,00020000
RPRTOLOLOHGGFIF86CB,鳳鳴段,15.46,都市：住,10000,29,持分移轉,00020000
RPQTOLOLOHGGFIF76CB,鳳鳴段,15.46,都市：住,10000,29,持分移轉,00020000
RPSTOLOLOHGGFIF96CB,鳳鳴段,15.99,都市：住,10000,30,持分移轉,00020000
RPTTOLOLOHGGFIF07CB,鳳鳴段,27.72,都市：住,10000,52,持分移轉,00020000
RPUTOLOLOHGGFIF17CB,鳳鳴段,27.72,都市：住,10000,52,持分移轉,00020000
RPVTOLOLOHGGFIF27CB,鳳鳴段,27.72,都市：住,10000,52,持分移轉,00020000
RPWTOLOLOHGGFIF37CB,鳳鳴段,27.72,都市：住,10000,52,持分移轉,00020000
RPPUOLOLOHGGFIF76CB,鳳鳴段,27.72,都市：住,10000,52,持分移轉,00020000
RPOUOLOLOHGGFIF66CB,鳳鳴段,27.72,都市：住,10000,52,持分移轉,00020000
RPQUOLOLOHGGFIF86CB,鳳鳴段,27.72,都市：住,10000,52,持分移轉,00020000
RPSUOLOLOHGGFIF07CB,鳳鳴段,27.72,都市：住,10000,52,持分移轉,00020000
RPRUOLOLOHGGFIF96CB,鳳鳴段,20.69,都市：住,100000,731,持分移轉,00050000
RPXTOLOLOHGGFIF47CB,鳳鳴段,27.19,都市：住,10000,51,持分移轉,00020000
RPTUOLOLOHGGFIF17CB,鳳鳴段,27.72,都市：住,10000,52,持分移轉,00020000
RPUUOLOLOHGGFIF27CB,鳳鳴段,27.72,都市：住,10000,52,持分移轉,00020000
RPVUOLOLOHGGFIF37CB,鳳鳴段,27.72,都市：住,10000,52,持分移轉,00020000
RPWUOLOLOHGGFIF47CB,鳳鳴段,27.72,都市：住,10000,52,持分移轉,00020000
RPPVOLOLOHGGFIF86CB,鳳鳴段,23.99,都市：住,10000,45,持分移轉,00020000
RPXUOLOLOHGGFIF57CB,鳳鳴段,31.78,都市：住,100000,1123,持分移轉,00050000
RPQVOLOLOHGGFIF96CB,鳳鳴段,31.78,都市：住,100000,1123,持分移轉,00050000
RPOVOLOLOHGGFIF76CB,鳳鳴段,24.52,都市：住,10000,46,持分移轉,00020000
RPRVOLOLOHGGFIF07CB,鳳鳴段,24.52,都市：住,10000,46,持分移轉,00020000
RPSVOLOLOHGGFIF17CB,鳳鳴段,24.52,都市：住,10000,46,持分移轉,00020000
RPVVOLOLOHGGFIF47CB,鳳鳴段,24.52,都市：住,10000,46,持分移轉,00020000
RPTVOLOLOHGGFIF27CB,鳳鳴段,24.52,都市：住,10000,46,持分移轉,00020000
RPWVOLOLOHGGFIF57CB,鳳鳴段,23.99,都市：住,10000,45,持分移轉,00020000
RPPWOLOLOHGGFIF96CB,鳳鳴段,24.52,都市：住,10000,46,持分移轉,00020000
RPXVOLOLOHGGFIF67CB,鳳鳴段,31.78,都市：住,100000,1123,持分移轉,00050000
RPUWOLOLOHGGFIF47CB,鳳鳴段,23.99,都市：住,10000,45,持分移轉,00020000
RPQWOLOLOHGGFIF07CB,鳳鳴段,24.52,都市：住,10000,46,持分移轉,00020000
RPVWOLOLOHGGFIF57CB,鳳鳴段,24.52,都市：住,10000,46,持分移轉,00020000
RPWWOLOLOHGGFIF67CB,鳳鳴段,31.78,都市：住,100000,1123,持分移轉,00050000
RPTWOLOLOHGGFIF37CB,鳳鳴段,31.78,都市：住,100000,1123,持分移轉,00050000
RPXWOLOLOHGGFIF77CB,鳳鳴段,16.53,都市：住,10000,31,持分移轉,00020000
RPONPLOLOHGGFIF68CB,鳳鳴段,15.99,都市：住,10000,30,持分移轉,00020000
RPSWOLOLOHGGFIF27CB,鳳鳴段,24.52,都市：住,10000,46,持分移轉,00020000
RPTNPLOLOHGGFIF56CB,鳳鳴段,15.99,都市：住,10000,30,持分移轉,00020000
RPXNPLOLOHGGFIF96CB,鳳鳴段,16.53,都市：住,10000,31,持分移轉,00020000
RPQNPLOLOHGGFIF88CB,鳳鳴段,15.99,都市：住,10000,30,持分移轉,00020000
RPSNPLOLOHGGFIF09CB,鳳鳴段,16.53,都市：住,10000,31,持分移轉,00020000
RPRNPLOLOHGGFIF98CB,鳳鳴段,16.53,都市：住,10000,31,持分移轉,00020000
RPUNPLOLOHGGFIF66CB,鳳鳴段,16.53,都市：住,10000,31,持分移轉,00020000
RPVNPLOLOHGGFIF76CB,鳳鳴段,16.53,都市：住,10000,31,持分移轉,00020000
RPWNPLOLOHGGFIF86CB,鳳鳴段,16.53,都市：住,10000,31,持分移轉,00020000
RPOOPLOLOHGGFIF78CB,鳳鳴段,16.53,都市：住,10000,31,持分移轉,00020000
RPPOPLOLOHGGFIF88CB,鳳鳴段,16.53,都市：住,10000,31,持分移轉,00020000
RPQOPLOLOHGGFIF98CB,鳳鳴段,15.99,都市：住,10000,30,持分移轉,00020000
RPRQPLOLOHGGFIF66CB,鳳鳴段,31.78,都市：住,100000,1123,持分移轉,00050000
RPROPLOLOHGGFIF09CB,鳳鳴段,27.72,都市：住,10000,52,持分移轉,00020000
RPTQPLOLOHGGFIF86CB,鳳鳴段,16.53,都市：住,10000,31,持分移轉,00020000
RPUQPLOLOHGGFIF96CB,鳳鳴段,31.78,都市：住,100000,1123,持分移轉,00050000
RPROMLOLOHGGFAF97CB,介壽段,.88,都市：商,100000,1055,持分移轉,05430000
RPROMLOLOHGGFAF97CB,介壽段,.84,都市：商,100000,1055,持分移轉,05440000
RPROMLOLOHGGFAF97CB,介壽段,1.11,都市：商,100000,1055,持分移轉,05480000
RPROMLOLOHGGFAF97CB,介壽段,.79,都市：商,100000,1055,持分移轉,05490000
RPROMLOLOHGGFAF97CB,介壽段,.18,都市：商,100000,1055,持分移轉,05500000
RPROMLOLOHGGFAF97CB,介壽段,.08,都市：商,100000,1055,持分移轉,05510001
RPROMLOLOHGGFAF97CB,介壽段,.18,都市：商,100000,1055,持分移轉,05510000
RPROMLOLOHGGFAF97CB,介壽段,.60,都市：商,100000,1055,持分移轉,05520000
RPROMLOLOHGGFAF97CB,介壽段,1.21,都市：商,100000,1055,持分移轉,05530000
RPROMLOLOHGGFAF97CB,介壽段,.39,都市：商,100000,1055,持分移轉,05620002
RPTOMLOLOHGGFAF18CB,介壽段,1.02,都市：商,100000,1230,持分移轉,05430000
RPTOMLOLOHGGFAF18CB,介壽段,.98,都市：商,100000,1230,持分移轉,05440000
RPTOMLOLOHGGFAF18CB,介壽段,1.30,都市：商,100000,1230,持分移轉,05480000
RPTOMLOLOHGGFAF18CB,介壽段,.92,都市：商,100000,1230,持分移轉,05490000
RPTOMLOLOHGGFAF18CB,介壽段,.21,都市：商,100000,1230,持分移轉,05500000
RPTOMLOLOHGGFAF18CB,介壽段,.10,都市：商,100000,1230,持分移轉,05510001
RPTOMLOLOHGGFAF18CB,介壽段,.21,都市：商,100000,1230,持分移轉,05510000
RPTOMLOLOHGGFAF18CB,介壽段,.70,都市：商,100000,1230,持分移轉,05520000
RPTOMLOLOHGGFAF18CB,介壽段,1.41,都市：商,100000,1230,持分移轉,05530000
RPTOMLOLOHGGFAF18CB,介壽段,.46,都市：商,100000,1230,持分移轉,05620002
RPSQPLOLOHGGFIF76CB,鳳鳴段,31.78,都市：住,100000,1123,持分移轉,00050000
RPSOMLOLOHGGFAF08CB,介壽段,.87,都市：商,100000,1053,持分移轉,05430000
RPSOMLOLOHGGFAF08CB,介壽段,.84,都市：商,100000,1053,持分移轉,05440000
RPSOMLOLOHGGFAF08CB,介壽段,1.11,都市：商,100000,1053,持分移轉,05480000
RPSOMLOLOHGGFAF08CB,介壽段,.79,都市：商,100000,1053,持分移轉,05490000
RPSOMLOLOHGGFAF08CB,介壽段,.18,都市：商,100000,1053,持分移轉,05500000
RPSOMLOLOHGGFAF08CB,介壽段,.08,都市：商,100000,1053,持分移轉,05510001
RPSOMLOLOHGGFAF08CB,介壽段,.18,都市：商,100000,1053,持分移轉,05510000
RPSOMLOLOHGGFAF08CB,介壽段,.60,都市：商,100000,1053,持分移轉,05520000
RPSOMLOLOHGGFAF08CB,介壽段,1.21,都市：商,100000,1053,持分移轉,05530000
RPSOMLOLOHGGFAF08CB,介壽段,.39,都市：商,100000,1053,持分移轉,05620002
RPWOMLOLOHGGFAF48CB,介壽段,1.02,都市：商,100000,1230,持分移轉,05430000
RPWOMLOLOHGGFAF48CB,介壽段,.98,都市：商,100000,1230,持分移轉,05440000
RPWOMLOLOHGGFAF48CB,介壽段,1.30,都市：商,100000,1230,持分移轉,05480000
RPWOMLOLOHGGFAF48CB,介壽段,.92,都市：商,100000,1230,持分移轉,05490000
RPWOMLOLOHGGFAF48CB,介壽段,.21,都市：商,100000,1230,持分移轉,05500000
RPWOMLOLOHGGFAF48CB,介壽段,.10,都市：商,100000,1230,持分移轉,05510001
RPWOMLOLOHGGFAF48CB,介壽段,.21,都市：商,100000,1230,持分移轉,05510000
RPWOMLOLOHGGFAF48CB,介壽段,.70,都市：商,100000,1230,持分移轉,05520000
RPWOMLOLOHGGFAF48CB,介壽段,1.41,都市：商,100000,1230,持分移轉,05530000
RPWOMLOLOHGGFAF48CB,介壽段,.46,都市：商,100000,1230,持分移轉,05620002
RPVOMLOLOHGGFAF38CB,介壽段,1.02,都市：商,100000,1230,持分移轉,05430000
RPVOMLOLOHGGFAF38CB,介壽段,.98,都市：商,100000,1230,持分移轉,05440000
RPVOMLOLOHGGFAF38CB,介壽段,1.30,都市：商,100000,1230,持分移轉,05480000
RPVOMLOLOHGGFAF38CB,介壽段,.92,都市：商,100000,1230,持分移轉,05490000
RPVOMLOLOHGGFAF38CB,介壽段,.21,都市：商,100000,1230,持分移轉,05500000
RPVOMLOLOHGGFAF38CB,介壽段,.10,都市：商,100000,1230,持分移轉,05510001
RPVOMLOLOHGGFAF38CB,介壽段,.21,都市：商,100000,1230,持分移轉,05510000
RPVOMLOLOHGGFAF38CB,介壽段,.70,都市：商,100000,1230,持分移轉,05520000
RPVOMLOLOHGGFAF38CB,介壽段,1.41,都市：商,100000,1230,持分移轉,05530000
RPVOMLOLOHGGFAF38CB,介壽段,.46,都市：商,100000,1230,持分移轉,05620002
RPXOMLOLOHGGFAF58CB,介壽段,1.02,都市：商,100000,1230,持分移轉,05430000
RPXOMLOLOHGGFAF58CB,介壽段,.98,都市：商,100000,1230,持分移轉,05440000
RPXOMLOLOHGGFAF58CB,介壽段,1.30,都市：商,100000,1230,持分移轉,05480000
RPXOMLOLOHGGFAF58CB,介壽段,.92,都市：商,100000,1230,持分移轉,05490000
RPXOMLOLOHGGFAF58CB,介壽段,.21,都市：商,100000,1230,持分移轉,05500000
RPXOMLOLOHGGFAF58CB,介壽段,.10,都市：商,100000,1230,持分移轉,05510001
RPXOMLOLOHGGFAF58CB,介壽段,.21,都市：商,100000,1230,持分移轉,05510000
RPXOMLOLOHGGFAF58CB,介壽段,.70,都市：商,100000,1230,持分移轉,05520000
RPXOMLOLOHGGFAF58CB,介壽段,1.41,都市：商,100000,1230,持分移轉,05530000
RPOPMLOLOHGGFAF77CB,介壽段,1.34,都市：商,100000,1615,持分移轉,05430000
RPOPMLOLOHGGFAF77CB,介壽段,1.29,都市：商,100000,1615,持分移轉,05440000
RPXOMLOLOHGGFAF58CB,介壽段,.46,都市：商,100000,1230,持分移轉,05620002
RPOPMLOLOHGGFAF77CB,介壽段,1.70,都市：商,100000,1615,持分移轉,05480000
RPOPMLOLOHGGFAF77CB,介壽段,1.21,都市：商,100000,1615,持分移轉,05490000
RPOPMLOLOHGGFAF77CB,介壽段,.27,都市：商,100000,1615,持分移轉,05500000
RPOPMLOLOHGGFAF77CB,介壽段,.13,都市：商,100000,1615,持分移轉,05510001
RPOPMLOLOHGGFAF77CB,介壽段,.27,都市：商,100000,1615,持分移轉,05510000
RPOPMLOLOHGGFAF77CB,介壽段,.92,都市：商,100000,1615,持分移轉,05520000
RPOPMLOLOHGGFAF77CB,介壽段,1.86,都市：商,100000,1615,持分移轉,05530000
RPOPMLOLOHGGFAF77CB,介壽段,.60,都市：商,100000,1615,持分移轉,05620002
RPRPMLOLOHGGFAF08CB,介壽段,.88,都市：商,100000,1055,持分移轉,05430000
RPRPMLOLOHGGFAF08CB,介壽段,.84,都市：商,100000,1055,持分移轉,05440000
RPRPMLOLOHGGFAF08CB,介壽段,1.11,都市：商,100000,1055,持分移轉,05480000
RPRPMLOLOHGGFAF08CB,介壽段,.79,都市：商,100000,1055,持分移轉,05490000
RPRPMLOLOHGGFAF08CB,介壽段,.18,都市：商,100000,1055,持分移轉,05500000
RPRPMLOLOHGGFAF08CB,介壽段,.08,都市：商,100000,1055,持分移轉,05510001
RPRPMLOLOHGGFAF08CB,介壽段,.18,都市：商,100000,1055,持分移轉,05510000
RPRPMLOLOHGGFAF08CB,介壽段,.60,都市：商,100000,1055,持分移轉,05520000
RPRPMLOLOHGGFAF08CB,介壽段,1.21,都市：商,100000,1055,持分移轉,05530000
RPRPMLOLOHGGFAF08CB,介壽段,.39,都市：商,100000,1055,持分移轉,05620002
RPPPMLOLOHGGFAF87CB,介壽段,1.30,都市：商,100000,1562,持分移轉,05430000
RPPPMLOLOHGGFAF87CB,介壽段,1.25,都市：商,100000,1562,持分移轉,05440000
RPPPMLOLOHGGFAF87CB,介壽段,1.64,都市：商,100000,1562,持分移轉,05480000
RPPPMLOLOHGGFAF87CB,介壽段,1.17,都市：商,100000,1562,持分移轉,05490000
RPPPMLOLOHGGFAF87CB,介壽段,.27,都市：商,100000,1562,持分移轉,05500000
RPPPMLOLOHGGFAF87CB,介壽段,.12,都市：商,100000,1562,持分移轉,05510001
RPPPMLOLOHGGFAF87CB,介壽段,.27,都市：商,100000,1562,持分移轉,05510000
RPPPMLOLOHGGFAF87CB,介壽段,.89,都市：商,100000,1562,持分移轉,05520000
RPPPMLOLOHGGFAF87CB,介壽段,1.80,都市：商,100000,1562,持分移轉,05530000
RPPPMLOLOHGGFAF87CB,介壽段,.58,都市：商,100000,1562,持分移轉,05620002
RPQPMLOLOHGGFAF97CB,介壽段,1.31,都市：商,100000,1575,持分移轉,05430000
RPQPMLOLOHGGFAF97CB,介壽段,1.26,都市：商,100000,1575,持分移轉,05440000
RPQPMLOLOHGGFAF97CB,介壽段,1.66,都市：商,100000,1575,持分移轉,05480000
RPQPMLOLOHGGFAF97CB,介壽段,1.18,都市：商,100000,1575,持分移轉,05490000
RPQPMLOLOHGGFAF97CB,介壽段,.27,都市：商,100000,1575,持分移轉,05500000
RPQPMLOLOHGGFAF97CB,介壽段,.13,都市：商,100000,1575,持分移轉,05510001
RPQPMLOLOHGGFAF97CB,介壽段,.27,都市：商,100000,1575,持分移轉,05510000
RPQPMLOLOHGGFAF97CB,介壽段,.90,都市：商,100000,1575,持分移轉,05520000
RPQPMLOLOHGGFAF97CB,介壽段,1.81,都市：商,100000,1575,持分移轉,05530000
RPQPMLOLOHGGFAF97CB,介壽段,.58,都市：商,100000,1575,持分移轉,05620002
RPSPMLOLOHGGFAF18CB,介壽段,.81,都市：商,100000,981,持分移轉,05430000
RPSPMLOLOHGGFAF18CB,介壽段,.78,都市：商,100000,981,持分移轉,05440000
RPSPMLOLOHGGFAF18CB,介壽段,1.03,都市：商,100000,981,持分移轉,05480000
RPSPMLOLOHGGFAF18CB,介壽段,.74,都市：商,100000,981,持分移轉,05490000
RPSPMLOLOHGGFAF18CB,介壽段,.17,都市：商,100000,981,持分移轉,05500000
RPSPMLOLOHGGFAF18CB,介壽段,.08,都市：商,100000,981,持分移轉,05510001
RPSPMLOLOHGGFAF18CB,介壽段,.17,都市：商,100000,981,持分移轉,05510000
RPSPMLOLOHGGFAF18CB,介壽段,.56,都市：商,100000,981,持分移轉,05520000
RPSPMLOLOHGGFAF18CB,介壽段,1.13,都市：商,100000,981,持分移轉,05530000
RPSPMLOLOHGGFAF18CB,介壽段,.36,都市：商,100000,981,持分移轉,05620002
RPVQMLOLOHGGFAF58CB,民族段,12.67,都市：住,100000,294,持分移轉,13720000
RPWQMLOLOHGGFAF68CB,民族段,12.67,都市：住,100000,294,持分移轉,13720000
RPRRMLOLOHGGFHF09DB,中和段,1.68,都市：住,100000,928,持分移轉,00320000
RPRRMLOLOHGGFHF09DB,中和段,5.67,都市：商,100000,928,持分移轉,00360000
RPORMLOLOHGGFAF97CB,民族段,12.67,都市：住,100000,294,持分移轉,13720000
RPSRMLOLOHGGFHF56DB,中和段,1.35,都市：住,100000,742,持分移轉,00320000
RPSRMLOLOHGGFHF56DB,中和段,4.53,都市：商,100000,742,持分移轉,00360000
RPURMLOLOHGGFHF76DB,中和段,2.23,都市：住,100000,1229,持分移轉,00320000
RPURMLOLOHGGFHF76DB,中和段,7.50,都市：商,100000,1229,持分移轉,00360000
RPTRMLOLOHGGFHF66DB,中和段,2.01,都市：住,100000,1109,持分移轉,00320000
RPTRMLOLOHGGFHF66DB,中和段,6.77,都市：商,100000,1109,持分移轉,00360000
RPRSMLPLOHGGFAF48CB,民族段,12.84,都市：住,100000,298,持分移轉,13720000
RPUSMLPLOHGGFAF78CB,民族段,14.73,都市：住,100000,342,持分移轉,13720000
RPWSMLPLOHGGFAF98CB,民族段,14.73,都市：住,100000,342,持分移轉,13720000
RPTSMLPLOHGGFAF68CB,民族段,12.84,都市：住,100000,298,持分移轉,13720000
RPRTMLPLOHGGFAF58CB,江翠段,.64,都市：住,100000,333,持分移轉,00820000
RPRTMLPLOHGGFAF58CB,江翠段,1.21,都市：住,100000,333,持分移轉,00730000
RPRTMLPLOHGGFAF58CB,江翠段,1.83,都市：住,100000,333,持分移轉,00780000
RPRTMLPLOHGGFAF58CB,江翠段,1.82,都市：住,100000,333,持分移轉,00790000
RPXTMLPLOHGGFAF56CB,江翠段,.76,都市：住,100000,394,持分移轉,00820000
RPRTMLPLOHGGFAF58CB,江翠段,2.44,都市：住,100000,333,持分移轉,00800000
RPXTMLPLOHGGFAF56CB,江翠段,1.43,都市：住,100000,394,持分移轉,00730000
RPRTMLPLOHGGFAF58CB,江翠段,1.70,都市：住,100000,333,持分移轉,00830000
RPXTMLPLOHGGFAF56CB,江翠段,2.17,都市：住,100000,394,持分移轉,00780000
RPRTMLPLOHGGFAF58CB,江翠段,3.99,都市：住,100000,333,持分移轉,00750000
RPXTMLPLOHGGFAF56CB,江翠段,2.15,都市：住,100000,394,持分移轉,00790000
RPRTMLPLOHGGFAF58CB,江翠段,.04,都市：住,100000,333,持分移轉,00760001
RPXTMLPLOHGGFAF56CB,江翠段,2.88,都市：住,100000,394,持分移轉,00800000
RPRTMLPLOHGGFAF58CB,江翠段,1.21,都市：住,100000,333,持分移轉,00810000
RPXTMLPLOHGGFAF56CB,江翠段,2.01,都市：住,100000,394,持分移轉,00830000
RPUTMLPLOHGGFAF88CB,民族段,19.90,都市：住,100000,462,持分移轉,13720000
RPRTMLPLOHGGFAF58CB,江翠段,1.64,都市：住,100000,333,持分移轉,00720000
RPXTMLPLOHGGFAF56CB,江翠段,4.72,都市：住,100000,394,持分移轉,00750000
RPXTMLPLOHGGFAF56CB,江翠段,.05,都市：住,100000,394,持分移轉,00760001
RPXTMLPLOHGGFAF56CB,江翠段,1.43,都市：住,100000,394,持分移轉,00810000
RPOTMLPLOHGGFAF28CB,民族段,14.47,都市：住,100000,336,持分移轉,13720000
RPXTMLPLOHGGFAF56CB,江翠段,1.94,都市：住,100000,394,持分移轉,00720000
RPTTMLPLOHGGFAF78CB,江翠段,.64,都市：住,100000,333,持分移轉,00820000
RPTTMLPLOHGGFAF78CB,江翠段,1.21,都市：住,100000,333,持分移轉,00730000
RPTTMLPLOHGGFAF78CB,江翠段,1.83,都市：住,100000,333,持分移轉,00780000
RPTTMLPLOHGGFAF78CB,江翠段,1.82,都市：住,100000,333,持分移轉,00790000
RPTTMLPLOHGGFAF78CB,江翠段,2.44,都市：住,100000,333,持分移轉,00800000
RPTTMLPLOHGGFAF78CB,江翠段,1.70,都市：住,100000,333,持分移轉,00830000
RPTTMLPLOHGGFAF78CB,江翠段,3.99,都市：住,100000,333,持分移轉,00750000
RPTTMLPLOHGGFAF78CB,江翠段,.04,都市：住,100000,333,持分移轉,00760001
RPTTMLPLOHGGFAF78CB,江翠段,1.21,都市：住,100000,333,持分移轉,00810000
RPTTMLPLOHGGFAF78CB,江翠段,1.64,都市：住,100000,333,持分移轉,00720000
RPVTMLPLOHGGFAF98CB,江翠段,.77,都市：住,100000,399,持分移轉,00820000
RPVTMLPLOHGGFAF98CB,江翠段,1.45,都市：住,100000,399,持分移轉,00730000
RPVTMLPLOHGGFAF98CB,江翠段,2.20,都市：住,100000,399,持分移轉,00780000
RPVTMLPLOHGGFAF98CB,江翠段,2.18,都市：住,100000,399,持分移轉,00790000
RPVTMLPLOHGGFAF98CB,江翠段,2.92,都市：住,100000,399,持分移轉,00800000
RPVTMLPLOHGGFAF98CB,江翠段,2.04,都市：住,100000,399,持分移轉,00830000
RPVTMLPLOHGGFAF98CB,江翠段,4.78,都市：住,100000,399,持分移轉,00750000
RPVTMLPLOHGGFAF98CB,江翠段,.05,都市：住,100000,399,持分移轉,00760001
RPVTMLPLOHGGFAF98CB,江翠段,1.45,都市：住,100000,399,持分移轉,00810000
RPVTMLPLOHGGFAF98CB,江翠段,1.96,都市：住,100000,399,持分移轉,00720000
RPSUMLPLOHGGFAF78CB,江翠段,.77,都市：住,100000,399,持分移轉,00820000
RPSUMLPLOHGGFAF78CB,江翠段,1.45,都市：住,100000,399,持分移轉,00730000
RPSUMLPLOHGGFAF78CB,江翠段,2.20,都市：住,100000,399,持分移轉,00780000
RPSUMLPLOHGGFAF78CB,江翠段,2.18,都市：住,100000,399,持分移轉,00790000
RPSUMLPLOHGGFAF78CB,江翠段,2.92,都市：住,100000,399,持分移轉,00800000
RPSUMLPLOHGGFAF78CB,江翠段,2.04,都市：住,100000,399,持分移轉,00830000
RPSUMLPLOHGGFAF78CB,江翠段,4.78,都市：住,100000,399,持分移轉,00750000
RPSUMLPLOHGGFAF78CB,江翠段,.05,都市：住,100000,399,持分移轉,00760001
RPSUMLPLOHGGFAF78CB,江翠段,1.45,都市：住,100000,399,持分移轉,00810000
RPSUMLPLOHGGFAF78CB,江翠段,1.96,都市：住,100000,399,持分移轉,00720000
RPRUMLPLOHGGFAF68CB,江翠段,.76,都市：住,100000,394,持分移轉,00820000
RPRUMLPLOHGGFAF68CB,江翠段,1.43,都市：住,100000,394,持分移轉,00730000
RPRUMLPLOHGGFAF68CB,江翠段,2.17,都市：住,100000,394,持分移轉,00780000
RPRUMLPLOHGGFAF68CB,江翠段,2.15,都市：住,100000,394,持分移轉,00790000
RPRUMLPLOHGGFAF68CB,江翠段,2.88,都市：住,100000,394,持分移轉,00800000
RPRUMLPLOHGGFAF68CB,江翠段,2.01,都市：住,100000,394,持分移轉,00830000
RPRUMLPLOHGGFAF68CB,江翠段,4.72,都市：住,100000,394,持分移轉,00750000
RPRUMLPLOHGGFAF68CB,江翠段,.05,都市：住,100000,394,持分移轉,00760001
RPRUMLPLOHGGFAF68CB,江翠段,1.43,都市：住,100000,394,持分移轉,00810000
RPRUMLPLOHGGFAF68CB,江翠段,1.94,都市：住,100000,394,持分移轉,00720000
RPPUMLPLOHGGFAF48CB,江翠段,.77,都市：住,100000,399,持分移轉,00820000
RPPUMLPLOHGGFAF48CB,江翠段,1.45,都市：住,100000,399,持分移轉,00730000
RPPUMLPLOHGGFAF48CB,江翠段,2.20,都市：住,100000,399,持分移轉,00780000
RPPUMLPLOHGGFAF48CB,江翠段,2.18,都市：住,100000,399,持分移轉,00790000
RPPUMLPLOHGGFAF48CB,江翠段,2.92,都市：住,100000,399,持分移轉,00800000
RPPUMLPLOHGGFAF48CB,江翠段,2.04,都市：住,100000,399,持分移轉,00830000
RPPUMLPLOHGGFAF48CB,江翠段,4.78,都市：住,100000,399,持分移轉,00750000
RPPUMLPLOHGGFAF48CB,江翠段,.05,都市：住,100000,399,持分移轉,00760001
RPPUMLPLOHGGFAF48CB,江翠段,1.45,都市：住,100000,399,持分移轉,00810000
RPPUMLPLOHGGFAF48CB,江翠段,1.96,都市：住,100000,399,持分移轉,00720000
RPOOMLPLOHGGFBF87CB,國宅段,19.72,都市：住,100000,1968,持分移轉,00950008
RPUVMLPLOHGGFAF09CB,江翠段,.77,都市：住,100000,404,持分移轉,00820000
RPUVMLPLOHGGFAF09CB,江翠段,1.47,都市：住,100000,404,持分移轉,00730000
RPUVMLPLOHGGFAF09CB,江翠段,2.23,都市：住,100000,404,持分移轉,00780000
RPUVMLPLOHGGFAF09CB,江翠段,2.21,都市：住,100000,404,持分移轉,00790000
RPUVMLPLOHGGFAF09CB,江翠段,2.95,都市：住,100000,404,持分移轉,00800000
RPUVMLPLOHGGFAF09CB,江翠段,2.06,都市：住,100000,404,持分移轉,00830000
RPQVMLPLOHGGFAF68CB,江翠段,.76,都市：住,100000,394,持分移轉,00820000
RPUVMLPLOHGGFAF09CB,江翠段,4.84,都市：住,100000,404,持分移轉,00750000
RPQVMLPLOHGGFAF68CB,江翠段,1.43,都市：住,100000,394,持分移轉,00730000
RPUVMLPLOHGGFAF09CB,江翠段,.05,都市：住,100000,404,持分移轉,00760001
RPQVMLPLOHGGFAF68CB,江翠段,2.17,都市：住,100000,394,持分移轉,00780000
RPUVMLPLOHGGFAF09CB,江翠段,1.46,都市：住,100000,404,持分移轉,00810000
RPQVMLPLOHGGFAF68CB,江翠段,2.15,都市：住,100000,394,持分移轉,00790000
RPUVMLPLOHGGFAF09CB,江翠段,1.99,都市：住,100000,404,持分移轉,00720000
RPQVMLPLOHGGFAF68CB,江翠段,2.88,都市：住,100000,394,持分移轉,00800000
RPSVMLPLOHGGFAF88CB,江翠段,.77,都市：住,100000,404,持分移轉,00820000
RPQVMLPLOHGGFAF68CB,江翠段,2.01,都市：住,100000,394,持分移轉,00830000
RPSVMLPLOHGGFAF88CB,江翠段,1.47,都市：住,100000,404,持分移轉,00730000
RPQVMLPLOHGGFAF68CB,江翠段,4.72,都市：住,100000,394,持分移轉,00750000
RPQVMLPLOHGGFAF68CB,江翠段,.05,都市：住,100000,394,持分移轉,00760001
RPQVMLPLOHGGFAF68CB,江翠段,1.43,都市：住,100000,394,持分移轉,00810000
RPQVMLPLOHGGFAF68CB,江翠段,1.94,都市：住,100000,394,持分移轉,00720000
RPSVMLPLOHGGFAF88CB,江翠段,2.23,都市：住,100000,404,持分移轉,00780000
RPSVMLPLOHGGFAF88CB,江翠段,2.21,都市：住,100000,404,持分移轉,00790000
RPWUMLPLOHGGFAF56CB,江翠段,.76,都市：住,100000,394,持分移轉,00820000
RPSVMLPLOHGGFAF88CB,江翠段,2.95,都市：住,100000,404,持分移轉,00800000
RPROMLPLOHGGFBF18CB,國宅段,19.72,都市：住,100000,1968,持分移轉,00950008
RPQOMLPLOHGGFBF08CB,國宅段,19.72,都市：住,100000,1968,持分移轉,00950008
RPWUMLPLOHGGFAF56CB,江翠段,1.43,都市：住,100000,394,持分移轉,00730000
RPSVMLPLOHGGFAF88CB,江翠段,2.06,都市：住,100000,404,持分移轉,00830000
RPWUMLPLOHGGFAF56CB,江翠段,2.17,都市：住,100000,394,持分移轉,00780000
RPSVMLPLOHGGFAF88CB,江翠段,4.84,都市：住,100000,404,持分移轉,00750000
RPWUMLPLOHGGFAF56CB,江翠段,2.15,都市：住,100000,394,持分移轉,00790000
RPSVMLPLOHGGFAF88CB,江翠段,.05,都市：住,100000,404,持分移轉,00760001
RPWUMLPLOHGGFAF56CB,江翠段,2.88,都市：住,100000,394,持分移轉,00800000
RPSVMLPLOHGGFAF88CB,江翠段,1.46,都市：住,100000,404,持分移轉,00810000
RPWUMLPLOHGGFAF56CB,江翠段,2.01,都市：住,100000,394,持分移轉,00830000
RPUUMLPLOHGGFAF98CB,江翠段,.64,都市：住,100000,333,持分移轉,00820000
RPSVMLPLOHGGFAF88CB,江翠段,1.99,都市：住,100000,404,持分移轉,00720000
RPWUMLPLOHGGFAF56CB,江翠段,4.72,都市：住,100000,394,持分移轉,00750000
RPUUMLPLOHGGFAF98CB,江翠段,1.21,都市：住,100000,333,持分移轉,00730000
RPWUMLPLOHGGFAF56CB,江翠段,.05,都市：住,100000,394,持分移轉,00760001
RPUUMLPLOHGGFAF98CB,江翠段,1.83,都市：住,100000,333,持分移轉,00780000
RPWUMLPLOHGGFAF56CB,江翠段,1.43,都市：住,100000,394,持分移轉,00810000
RPUUMLPLOHGGFAF98CB,江翠段,1.82,都市：住,100000,333,持分移轉,00790000
RPUUMLPLOHGGFAF98CB,江翠段,2.44,都市：住,100000,333,持分移轉,00800000
RPWUMLPLOHGGFAF56CB,江翠段,1.94,都市：住,100000,394,持分移轉,00720000
RPUUMLPLOHGGFAF98CB,江翠段,1.70,都市：住,100000,333,持分移轉,00830000
RPUOMLPLOHGGFBF48CB,國宅段,16.11,都市：住,100000,1608,持分移轉,00950008
RPUUMLPLOHGGFAF98CB,江翠段,3.99,都市：住,100000,333,持分移轉,00750000
RPUUMLPLOHGGFAF98CB,江翠段,.04,都市：住,100000,333,持分移轉,00760001
RPUUMLPLOHGGFAF98CB,江翠段,1.21,都市：住,100000,333,持分移轉,00810000
RPUUMLPLOHGGFAF98CB,江翠段,1.64,都市：住,100000,333,持分移轉,00720000
RPTOMLPLOHGGFBF38CB,建林段,14.37,都市：住,10000,241,持分移轉,05850000
RPTOMLPLOHGGFBF38CB,建林段,4.40,都市：住,10000,241,持分移轉,05890000
RPTOMLPLOHGGFBF38CB,建林段,8.41,都市：住,10000,241,持分移轉,05900000
RPTOMLPLOHGGFBF38CB,建林段,13.50,都市：住,10000,241,持分移轉,05910000
RPVOMLPLOHGGFBF58CB,國宅段,16.11,都市：住,100000,1608,持分移轉,00950008
RPWOMLPLOHGGFBF68CB,國宅段,16.11,都市：住,100000,1608,持分移轉,00950008
RPOPMLPLOHGGFBF97CB,國宅段,16.11,都市：住,100000,1608,持分移轉,00950008
RPXOMLPLOHGGFBF78CB,國宅段,16.11,都市：住,100000,1608,持分移轉,00950008
RPPPMLPLOHGGFBF08CB,國宅段,16.11,都市：住,100000,1608,持分移轉,00950008
RPUPMLPLOHGGFBF58CB,國宅段,16.11,都市：住,100000,1608,持分移轉,00950008
RPSPMLPLOHGGFBF38CB,國宅段,16.11,都市：住,100000,1608,持分移轉,00950008
RPWPMLPLOHGGFBF78CB,國宅段,16.11,都市：住,100000,1608,持分移轉,00950008
RPRPMLPLOHGGFBF28CB,國宅段,16.11,都市：住,100000,1608,持分移轉,00950008
RPVPMLPLOHGGFBF68CB,國宅段,16.11,都市：住,100000,1608,持分移轉,00950008
RPXPMLPLOHGGFBF88CB,國宅段,14.69,都市：住,100000,1466,持分移轉,00950008
RPPQMLPLOHGGFBF18CB,國宅段,14.69,都市：住,100000,1466,持分移轉,00950008
RPTQMLPLOHGGFBF58CB,國宅段,18.85,都市：住,100000,1881,持分移轉,00950008
RPPRMLPLOHGGFBF28CB,國宅段,18.85,都市：住,100000,1881,持分移轉,00950008
RPURMLPLOHGGFBF78CB,國宅段,18.85,都市：住,100000,1881,持分移轉,00950008
RPQQMLPLOHGGFBF28CB,國宅段,14.69,都市：住,100000,1466,持分移轉,00950008
RPUQMLPLOHGGFBF68CB,國宅段,18.85,都市：住,100000,1881,持分移轉,00950008
RPTRMLPLOHGGFBF68CB,國宅段,18.85,都市：住,100000,1881,持分移轉,00950008
RPWRMLPLOHGGFBF98CB,國宅段,18.85,都市：住,100000,1881,持分移轉,00950008
RPXRMLPLOHGGFBF09CB,國宅段,18.85,都市：住,100000,1881,持分移轉,00950008
RPPSMLPLOHGGFBF38CB,國宅段,18.85,都市：住,100000,1881,持分移轉,00950008
RPWNMLPLOHGGFIF66CB,鳳鳴段,31.78,都市：住,100000,1123,持分移轉,00050000
RPTNMLPLOHGGFIF98CB,鳳鳴段,20.69,都市：住,100000,731,持分移轉,00050000
RPPOMLPLOHGGFIF68CB,鳳鳴段,31.78,都市：住,100000,1123,持分移轉,00050000
RPUSMLPLOHGGFBF88CB,國宅段,18.85,都市：住,100000,1881,持分移轉,00950008
RPXOMLPLOHGGFIF86CB,鳳鳴段,31.78,都市：住,100000,1123,持分移轉,00050000
RPRPMLPLOHGGFIF98CB,鳳鳴段,31.78,都市：住,100000,1123,持分移轉,00050000
RPOPMLPLOHGGFIF68CB,鳳鳴段,31.78,都市：住,100000,1123,持分移轉,00050000
RPPPMLPLOHGGFIF78CB,鳳鳴段,31.78,都市：住,100000,1123,持分移轉,00050000
RPSPMLPLOHGGFIF09CB,鳳鳴段,31.78,都市：住,100000,1123,持分移轉,00050000
RPUQMLPLOHGGFIF76CB,鳳鳴段,31.78,都市：住,100000,1123,持分移轉,00050000
RPTQMLPLOHGGFIF66CB,鳳鳴段,31.78,都市：住,100000,1123,持分移轉,00050000
RPVQMLPLOHGGFIF86CB,鳳鳴段,31.78,都市：住,100000,1123,持分移轉,00050000
RPRQMLPLOHGGFIF09CB,鳳鳴段,31.78,都市：住,100000,1123,持分移轉,00050000
RPWQMLPLOHGGFIF96CB,鳳鳴段,31.78,都市：住,100000,1123,持分移轉,00050000
RPWOMLPLOHGGFHF66CB,水源段,.47,都市：商,100000,1079,持分移轉,02270001
RPWOMLPLOHGGFHF66CB,水源段,.18,都市：商,100000,1079,持分移轉,02270002
RPWOMLPLOHGGFHF66CB,水源段,.04,都市：商,100000,1079,持分移轉,02300001
RPWOMLPLOHGGFHF66CB,水源段,.90,都市：商,100000,1079,持分移轉,02290000
RPWOMLPLOHGGFHF66CB,水源段,.58,都市：商,100000,1079,持分移轉,02300000
RPWOMLPLOHGGFHF66CB,水源段,2.05,都市：商,100000,1079,持分移轉,02240000
RPWOMLPLOHGGFHF66CB,水源段,1.46,都市：商,100000,1079,持分移轉,02280000
RPWOMLPLOHGGFHF66CB,水源段,1.22,都市：商,100000,1079,持分移轉,02310002
RPWOMLPLOHGGFHF66CB,水源段,1.22,都市：商,100000,1079,持分移轉,02310003
RPWOMLPLOHGGFHF66CB,水源段,2.47,都市：商,100000,1079,持分移轉,02310001
RPWOMLPLOHGGFHF66CB,水源段,2.87,都市：商,100000,1079,持分移轉,02310006
RPWOMLPLOHGGFHF66CB,水源段,.59,都市：商,100000,1079,持分移轉,02270004
RPWOMLPLOHGGFHF66CB,水源段,.21,都市：商,100000,1079,持分移轉,02270007
RPWOMLPLOHGGFHF66CB,水源段,.70,都市：商,100000,1079,持分移轉,02270000
RPWOMLPLOHGGFHF66CB,水源段,.31,都市：商,100000,1079,持分移轉,02270003
RPWOMLPLOHGGFHF66CB,水源段,.76,都市：商,100000,1079,持分移轉,02310004
RPXOMLPLOHGGFHF76CB,水源段,.47,都市：商,100000,1079,持分移轉,02270001
RPXOMLPLOHGGFHF76CB,水源段,.18,都市：商,100000,1079,持分移轉,02270002
RPXOMLPLOHGGFHF76CB,水源段,.04,都市：商,100000,1079,持分移轉,02300001
RPXOMLPLOHGGFHF76CB,水源段,.90,都市：商,100000,1079,持分移轉,02290000
RPXOMLPLOHGGFHF76CB,水源段,.58,都市：商,100000,1079,持分移轉,02300000
RPXOMLPLOHGGFHF76CB,水源段,2.05,都市：商,100000,1079,持分移轉,02240000
RPXOMLPLOHGGFHF76CB,水源段,1.46,都市：商,100000,1079,持分移轉,02280000
RPXOMLPLOHGGFHF76CB,水源段,1.22,都市：商,100000,1079,持分移轉,02310002
RPXOMLPLOHGGFHF76CB,水源段,1.22,都市：商,100000,1079,持分移轉,02310003
RPXOMLPLOHGGFHF76CB,水源段,2.47,都市：商,100000,1079,持分移轉,02310001
RPXOMLPLOHGGFHF76CB,水源段,2.87,都市：商,100000,1079,持分移轉,02310006
RPXOMLPLOHGGFHF76CB,水源段,.59,都市：商,100000,1079,持分移轉,02270004
RPXOMLPLOHGGFHF76CB,水源段,.21,都市：商,100000,1079,持分移轉,02270007
RPXOMLPLOHGGFHF76CB,水源段,.70,都市：商,100000,1079,持分移轉,02270000
RPXOMLPLOHGGFHF76CB,水源段,.31,都市：商,100000,1079,持分移轉,02270003
RPXOMLPLOHGGFHF76CB,水源段,.76,都市：商,100000,1079,持分移轉,02310004
RPOPMLPLOHGGFHF58CB,水源段,.47,都市：商,100000,1079,持分移轉,02270001
RPOPMLPLOHGGFHF58CB,水源段,.18,都市：商,100000,1079,持分移轉,02270002
RPOPMLPLOHGGFHF58CB,水源段,.04,都市：商,100000,1079,持分移轉,02300001
RPOPMLPLOHGGFHF58CB,水源段,.90,都市：商,100000,1079,持分移轉,02290000
RPOPMLPLOHGGFHF58CB,水源段,.58,都市：商,100000,1079,持分移轉,02300000
RPOPMLPLOHGGFHF58CB,水源段,2.05,都市：商,100000,1079,持分移轉,02240000
RPOPMLPLOHGGFHF58CB,水源段,1.46,都市：商,100000,1079,持分移轉,02280000
RPOPMLPLOHGGFHF58CB,水源段,1.22,都市：商,100000,1079,持分移轉,02310002
RPTPMLPLOHGGFHF09CB,水源段,2.05,都市：商,100000,1079,持分移轉,02240000
RPOPMLPLOHGGFHF58CB,水源段,1.22,都市：商,100000,1079,持分移轉,02310003
RPOPMLPLOHGGFHF58CB,水源段,2.47,都市：商,100000,1079,持分移轉,02310001
RPTPMLPLOHGGFHF09CB,水源段,1.46,都市：商,100000,1079,持分移轉,02280000
RPOPMLPLOHGGFHF58CB,水源段,2.87,都市：商,100000,1079,持分移轉,02310006
RPTPMLPLOHGGFHF09CB,水源段,1.22,都市：商,100000,1079,持分移轉,02310002
RPOPMLPLOHGGFHF58CB,水源段,.59,都市：商,100000,1079,持分移轉,02270004
RPTPMLPLOHGGFHF09CB,水源段,1.22,都市：商,100000,1079,持分移轉,02310003
RPOPMLPLOHGGFHF58CB,水源段,.21,都市：商,100000,1079,持分移轉,02270007
RPTPMLPLOHGGFHF09CB,水源段,2.47,都市：商,100000,1079,持分移轉,02310001
RPOPMLPLOHGGFHF58CB,水源段,.70,都市：商,100000,1079,持分移轉,02270000
RPTPMLPLOHGGFHF09CB,水源段,2.87,都市：商,100000,1079,持分移轉,02310006
RPOPMLPLOHGGFHF58CB,水源段,.31,都市：商,100000,1079,持分移轉,02270003
RPTPMLPLOHGGFHF09CB,水源段,.59,都市：商,100000,1079,持分移轉,02270004
RPOPMLPLOHGGFHF58CB,水源段,.76,都市：商,100000,1079,持分移轉,02310004
RPTPMLPLOHGGFHF09CB,水源段,.21,都市：商,100000,1079,持分移轉,02270007
RPTPMLPLOHGGFHF09CB,水源段,.70,都市：商,100000,1079,持分移轉,02270000
RPTPMLPLOHGGFHF09CB,水源段,.31,都市：商,100000,1079,持分移轉,02270003
RPTPMLPLOHGGFHF09CB,水源段,.76,都市：商,100000,1079,持分移轉,02310004
RPTPMLPLOHGGFHF09CB,水源段,.47,都市：商,100000,1079,持分移轉,02270001
RPTPMLPLOHGGFHF09CB,水源段,.18,都市：商,100000,1079,持分移轉,02270002
RPTPMLPLOHGGFHF09CB,水源段,.04,都市：商,100000,1079,持分移轉,02300001
RPTPMLPLOHGGFHF09CB,水源段,.90,都市：商,100000,1079,持分移轉,02290000
RPTPMLPLOHGGFHF09CB,水源段,.58,都市：商,100000,1079,持分移轉,02300000
RPUPMLPLOHGGFHF56CB,水源段,.47,都市：商,100000,1079,持分移轉,02270001
RPUPMLPLOHGGFHF56CB,水源段,.18,都市：商,100000,1079,持分移轉,02270002
RPUPMLPLOHGGFHF56CB,水源段,.04,都市：商,100000,1079,持分移轉,02300001
RPUPMLPLOHGGFHF56CB,水源段,.90,都市：商,100000,1079,持分移轉,02290000
RPUPMLPLOHGGFHF56CB,水源段,.58,都市：商,100000,1079,持分移轉,02300000
RPUPMLPLOHGGFHF56CB,水源段,2.05,都市：商,100000,1079,持分移轉,02240000
RPUPMLPLOHGGFHF56CB,水源段,1.46,都市：商,100000,1079,持分移轉,02280000
RPUPMLPLOHGGFHF56CB,水源段,1.22,都市：商,100000,1079,持分移轉,02310002
RPUPMLPLOHGGFHF56CB,水源段,1.22,都市：商,100000,1079,持分移轉,02310003
RPUPMLPLOHGGFHF56CB,水源段,2.47,都市：商,100000,1079,持分移轉,02310001
RPUPMLPLOHGGFHF56CB,水源段,2.87,都市：商,100000,1079,持分移轉,02310006
RPUPMLPLOHGGFHF56CB,水源段,.59,都市：商,100000,1079,持分移轉,02270004
RPUPMLPLOHGGFHF56CB,水源段,.21,都市：商,100000,1079,持分移轉,02270007
RPUPMLPLOHGGFHF56CB,水源段,.70,都市：商,100000,1079,持分移轉,02270000
RPUPMLPLOHGGFHF56CB,水源段,.31,都市：商,100000,1079,持分移轉,02270003
RPUPMLPLOHGGFHF56CB,水源段,.76,都市：商,100000,1079,持分移轉,02310004
RPWPMLPLOHGGFHF76CB,水源段,1.61,都市：商,100000,844,持分移轉,02240000
RPWPMLPLOHGGFHF76CB,水源段,1.14,都市：商,100000,844,持分移轉,02280000
RPWPMLPLOHGGFHF76CB,水源段,.96,都市：商,100000,844,持分移轉,02310002
RPWPMLPLOHGGFHF76CB,水源段,.96,都市：商,100000,844,持分移轉,02310003
RPWPMLPLOHGGFHF76CB,水源段,1.94,都市：商,100000,844,持分移轉,02310001
RPOQMLPLOHGGFHF68CB,水源段,1.61,都市：商,100000,844,持分移轉,02240000
RPWPMLPLOHGGFHF76CB,水源段,2.24,都市：商,100000,844,持分移轉,02310006
RPOQMLPLOHGGFHF68CB,水源段,1.14,都市：商,100000,844,持分移轉,02280000
RPWPMLPLOHGGFHF76CB,水源段,.46,都市：商,100000,844,持分移轉,02270004
RPOQMLPLOHGGFHF68CB,水源段,.96,都市：商,100000,844,持分移轉,02310002
RPWPMLPLOHGGFHF76CB,水源段,.17,都市：商,100000,844,持分移轉,02270007
RPOQMLPLOHGGFHF68CB,水源段,.96,都市：商,100000,844,持分移轉,02310003
RPWPMLPLOHGGFHF76CB,水源段,.55,都市：商,100000,844,持分移轉,02270000
RPOQMLPLOHGGFHF68CB,水源段,1.94,都市：商,100000,844,持分移轉,02310001
RPWPMLPLOHGGFHF76CB,水源段,.25,都市：商,100000,844,持分移轉,02270003
RPOQMLPLOHGGFHF68CB,水源段,2.24,都市：商,100000,844,持分移轉,02310006
RPWPMLPLOHGGFHF76CB,水源段,.60,都市：商,100000,844,持分移轉,02310004
RPOQMLPLOHGGFHF68CB,水源段,.46,都市：商,100000,844,持分移轉,02270004
RPWPMLPLOHGGFHF76CB,水源段,.37,都市：商,100000,844,持分移轉,02270001
RPOQMLPLOHGGFHF68CB,水源段,.17,都市：商,100000,844,持分移轉,02270007
RPWPMLPLOHGGFHF76CB,水源段,.14,都市：商,100000,844,持分移轉,02270002
RPOQMLPLOHGGFHF68CB,水源段,.55,都市：商,100000,844,持分移轉,02270000
RPWPMLPLOHGGFHF76CB,水源段,.03,都市：商,100000,844,持分移轉,02300001
RPOQMLPLOHGGFHF68CB,水源段,.25,都市：商,100000,844,持分移轉,02270003
RPWPMLPLOHGGFHF76CB,水源段,.71,都市：商,100000,844,持分移轉,02290000
RPOQMLPLOHGGFHF68CB,水源段,.60,都市：商,100000,844,持分移轉,02310004
RPWPMLPLOHGGFHF76CB,水源段,.46,都市：商,100000,844,持分移轉,02300000
RPOQMLPLOHGGFHF68CB,水源段,.37,都市：商,100000,844,持分移轉,02270001
RPOQMLPLOHGGFHF68CB,水源段,.14,都市：商,100000,844,持分移轉,02270002
RPXPMLPLOHGGFHF86CB,水源段,1.61,都市：商,100000,844,持分移轉,02240000
RPOQMLPLOHGGFHF68CB,水源段,.03,都市：商,100000,844,持分移轉,02300001
RPOQMLPLOHGGFHF68CB,水源段,.71,都市：商,100000,844,持分移轉,02290000
RPXPMLPLOHGGFHF86CB,水源段,1.14,都市：商,100000,844,持分移轉,02280000
RPOQMLPLOHGGFHF68CB,水源段,.46,都市：商,100000,844,持分移轉,02300000
RPXPMLPLOHGGFHF86CB,水源段,.96,都市：商,100000,844,持分移轉,02310002
RPXPMLPLOHGGFHF86CB,水源段,.96,都市：商,100000,844,持分移轉,02310003
RPXPMLPLOHGGFHF86CB,水源段,1.94,都市：商,100000,844,持分移轉,02310001
RPXPMLPLOHGGFHF86CB,水源段,2.24,都市：商,100000,844,持分移轉,02310006
RPXPMLPLOHGGFHF86CB,水源段,.46,都市：商,100000,844,持分移轉,02270004
RPXPMLPLOHGGFHF86CB,水源段,.17,都市：商,100000,844,持分移轉,02270007
RPXPMLPLOHGGFHF86CB,水源段,.55,都市：商,100000,844,持分移轉,02270000
RPXPMLPLOHGGFHF86CB,水源段,.25,都市：商,100000,844,持分移轉,02270003
RPXPMLPLOHGGFHF86CB,水源段,.60,都市：商,100000,844,持分移轉,02310004
RPRPMLPLOHGGFHF88CB,水源段,2.05,都市：商,100000,1079,持分移轉,02240000
RPXPMLPLOHGGFHF86CB,水源段,.37,都市：商,100000,844,持分移轉,02270001
RPRPMLPLOHGGFHF88CB,水源段,1.46,都市：商,100000,1079,持分移轉,02280000
RPXPMLPLOHGGFHF86CB,水源段,.14,都市：商,100000,844,持分移轉,02270002
RPRPMLPLOHGGFHF88CB,水源段,1.22,都市：商,100000,1079,持分移轉,02310002
RPXPMLPLOHGGFHF86CB,水源段,.03,都市：商,100000,844,持分移轉,02300001
RPRPMLPLOHGGFHF88CB,水源段,1.22,都市：商,100000,1079,持分移轉,02310003
RPXPMLPLOHGGFHF86CB,水源段,.71,都市：商,100000,844,持分移轉,02290000
RPRPMLPLOHGGFHF88CB,水源段,2.47,都市：商,100000,1079,持分移轉,02310001
RPXPMLPLOHGGFHF86CB,水源段,.46,都市：商,100000,844,持分移轉,02300000
RPRPMLPLOHGGFHF88CB,水源段,2.87,都市：商,100000,1079,持分移轉,02310006
RPRPMLPLOHGGFHF88CB,水源段,.59,都市：商,100000,1079,持分移轉,02270004
RPRPMLPLOHGGFHF88CB,水源段,.21,都市：商,100000,1079,持分移轉,02270007
RPRPMLPLOHGGFHF88CB,水源段,.70,都市：商,100000,1079,持分移轉,02270000
RPRPMLPLOHGGFHF88CB,水源段,.31,都市：商,100000,1079,持分移轉,02270003
RPRPMLPLOHGGFHF88CB,水源段,.76,都市：商,100000,1079,持分移轉,02310004
RPRPMLPLOHGGFHF88CB,水源段,.47,都市：商,100000,1079,持分移轉,02270001
RPRPMLPLOHGGFHF88CB,水源段,.18,都市：商,100000,1079,持分移轉,02270002
RPRPMLPLOHGGFHF88CB,水源段,.04,都市：商,100000,1079,持分移轉,02300001
RPRPMLPLOHGGFHF88CB,水源段,.90,都市：商,100000,1079,持分移轉,02290000
RPRPMLPLOHGGFHF88CB,水源段,.58,都市：商,100000,1079,持分移轉,02300000
RPPQMLPLOHGGFHF78CB,水源段,1.63,都市：商,100000,856,持分移轉,02240000
RPPQMLPLOHGGFHF78CB,水源段,1.15,都市：商,100000,856,持分移轉,02280000
RPPQMLPLOHGGFHF78CB,水源段,.97,都市：商,100000,856,持分移轉,02310002
RPPQMLPLOHGGFHF78CB,水源段,.97,都市：商,100000,856,持分移轉,02310003
RPPQMLPLOHGGFHF78CB,水源段,1.96,都市：商,100000,856,持分移轉,02310001
RPPQMLPLOHGGFHF78CB,水源段,2.28,都市：商,100000,856,持分移轉,02310006
RPPQMLPLOHGGFHF78CB,水源段,.47,都市：商,100000,856,持分移轉,02270004
RPPQMLPLOHGGFHF78CB,水源段,.17,都市：商,100000,856,持分移轉,02270007
RPPQMLPLOHGGFHF78CB,水源段,.56,都市：商,100000,856,持分移轉,02270000
RPPQMLPLOHGGFHF78CB,水源段,.25,都市：商,100000,856,持分移轉,02270003
RPPQMLPLOHGGFHF78CB,水源段,.61,都市：商,100000,856,持分移轉,02310004
RPPQMLPLOHGGFHF78CB,水源段,.37,都市：商,100000,856,持分移轉,02270001
RPPQMLPLOHGGFHF78CB,水源段,.14,都市：商,100000,856,持分移轉,02270002
RPPQMLPLOHGGFHF78CB,水源段,.03,都市：商,100000,856,持分移轉,02300001
RPPQMLPLOHGGFHF78CB,水源段,.72,都市：商,100000,856,持分移轉,02290000
RPPQMLPLOHGGFHF78CB,水源段,.46,都市：商,100000,856,持分移轉,02300000
RPQQMLPLOHGGFHF88CB,水源段,1.63,都市：商,100000,856,持分移轉,02240000
RPQQMLPLOHGGFHF88CB,水源段,1.15,都市：商,100000,856,持分移轉,02280000
RPQQMLPLOHGGFHF88CB,水源段,.97,都市：商,100000,856,持分移轉,02310002
RPQQMLPLOHGGFHF88CB,水源段,.97,都市：商,100000,856,持分移轉,02310003
RPQQMLPLOHGGFHF88CB,水源段,1.96,都市：商,100000,856,持分移轉,02310001
RPQQMLPLOHGGFHF88CB,水源段,2.28,都市：商,100000,856,持分移轉,02310006
RPQQMLPLOHGGFHF88CB,水源段,.47,都市：商,100000,856,持分移轉,02270004
RPQQMLPLOHGGFHF88CB,水源段,.17,都市：商,100000,856,持分移轉,02270007
RPQQMLPLOHGGFHF88CB,水源段,.56,都市：商,100000,856,持分移轉,02270000
RPQQMLPLOHGGFHF88CB,水源段,.25,都市：商,100000,856,持分移轉,02270003
RPQQMLPLOHGGFHF88CB,水源段,.61,都市：商,100000,856,持分移轉,02310004
RPQQMLPLOHGGFHF88CB,水源段,.37,都市：商,100000,856,持分移轉,02270001
RPQQMLPLOHGGFHF88CB,水源段,.14,都市：商,100000,856,持分移轉,02270002
RPQQMLPLOHGGFHF88CB,水源段,.03,都市：商,100000,856,持分移轉,02300001
RPQQMLPLOHGGFHF88CB,水源段,.72,都市：商,100000,856,持分移轉,02290000
RPQQMLPLOHGGFHF88CB,水源段,.46,都市：商,100000,856,持分移轉,02300000
RPRQMLPLOHGGFHF98CB,水源段,.61,都市：商,100000,856,持分移轉,02310004
RPRQMLPLOHGGFHF98CB,水源段,.37,都市：商,100000,856,持分移轉,02270001
RPRQMLPLOHGGFHF98CB,水源段,.14,都市：商,100000,856,持分移轉,02270002
RPRQMLPLOHGGFHF98CB,水源段,.03,都市：商,100000,856,持分移轉,02300001
RPRQMLPLOHGGFHF98CB,水源段,.72,都市：商,100000,856,持分移轉,02290000
RPRQMLPLOHGGFHF98CB,水源段,.46,都市：商,100000,856,持分移轉,02300000
RPRQMLPLOHGGFHF98CB,水源段,1.63,都市：商,100000,856,持分移轉,02240000
RPRQMLPLOHGGFHF98CB,水源段,1.15,都市：商,100000,856,持分移轉,02280000
RPRQMLPLOHGGFHF98CB,水源段,.97,都市：商,100000,856,持分移轉,02310002
RPRQMLPLOHGGFHF98CB,水源段,.97,都市：商,100000,856,持分移轉,02310003
RPRQMLPLOHGGFHF98CB,水源段,1.96,都市：商,100000,856,持分移轉,02310001
RPRQMLPLOHGGFHF98CB,水源段,2.28,都市：商,100000,856,持分移轉,02310006
RPRQMLPLOHGGFHF98CB,水源段,.47,都市：商,100000,856,持分移轉,02270004
RPRQMLPLOHGGFHF98CB,水源段,.17,都市：商,100000,856,持分移轉,02270007
RPRQMLPLOHGGFHF98CB,水源段,.56,都市：商,100000,856,持分移轉,02270000
RPRQMLPLOHGGFHF98CB,水源段,.25,都市：商,100000,856,持分移轉,02270003
RPUQMLPLOHGGFHF66CB,水源段,1.63,都市：商,100000,856,持分移轉,02240000
RPUQMLPLOHGGFHF66CB,水源段,1.15,都市：商,100000,856,持分移轉,02280000
RPUQMLPLOHGGFHF66CB,水源段,.97,都市：商,100000,856,持分移轉,02310002
RPUQMLPLOHGGFHF66CB,水源段,.97,都市：商,100000,856,持分移轉,02310003
RPUQMLPLOHGGFHF66CB,水源段,1.96,都市：商,100000,856,持分移轉,02310001
RPUQMLPLOHGGFHF66CB,水源段,2.28,都市：商,100000,856,持分移轉,02310006
RPUQMLPLOHGGFHF66CB,水源段,.47,都市：商,100000,856,持分移轉,02270004
RPUQMLPLOHGGFHF66CB,水源段,.17,都市：商,100000,856,持分移轉,02270007
RPUQMLPLOHGGFHF66CB,水源段,.56,都市：商,100000,856,持分移轉,02270000
RPUQMLPLOHGGFHF66CB,水源段,.25,都市：商,100000,856,持分移轉,02270003
RPUQMLPLOHGGFHF66CB,水源段,.61,都市：商,100000,856,持分移轉,02310004
RPUQMLPLOHGGFHF66CB,水源段,.37,都市：商,100000,856,持分移轉,02270001
RPUQMLPLOHGGFHF66CB,水源段,.14,都市：商,100000,856,持分移轉,02270002
RPUQMLPLOHGGFHF66CB,水源段,.03,都市：商,100000,856,持分移轉,02300001
RPUQMLPLOHGGFHF66CB,水源段,.72,都市：商,100000,856,持分移轉,02290000
RPUQMLPLOHGGFHF66CB,水源段,.46,都市：商,100000,856,持分移轉,02300000
RPSQMLPLOHGGFHF09CB,水源段,1.63,都市：商,100000,856,持分移轉,02240000
RPSQMLPLOHGGFHF09CB,水源段,1.15,都市：商,100000,856,持分移轉,02280000
RPSQMLPLOHGGFHF09CB,水源段,.97,都市：商,100000,856,持分移轉,02310002
RPSQMLPLOHGGFHF09CB,水源段,.97,都市：商,100000,856,持分移轉,02310003
RPSQMLPLOHGGFHF09CB,水源段,1.96,都市：商,100000,856,持分移轉,02310001
RPSQMLPLOHGGFHF09CB,水源段,2.28,都市：商,100000,856,持分移轉,02310006
RPSQMLPLOHGGFHF09CB,水源段,.47,都市：商,100000,856,持分移轉,02270004
RPSQMLPLOHGGFHF09CB,水源段,.17,都市：商,100000,856,持分移轉,02270007
RPSQMLPLOHGGFHF09CB,水源段,.56,都市：商,100000,856,持分移轉,02270000
RPSQMLPLOHGGFHF09CB,水源段,.25,都市：商,100000,856,持分移轉,02270003
RPSQMLPLOHGGFHF09CB,水源段,.61,都市：商,100000,856,持分移轉,02310004
RPSQMLPLOHGGFHF09CB,水源段,.37,都市：商,100000,856,持分移轉,02270001
RPSQMLPLOHGGFHF09CB,水源段,.14,都市：商,100000,856,持分移轉,02270002
RPSQMLPLOHGGFHF09CB,水源段,.03,都市：商,100000,856,持分移轉,02300001
RPSQMLPLOHGGFHF09CB,水源段,.72,都市：商,100000,856,持分移轉,02290000
RPSQMLPLOHGGFHF09CB,水源段,.46,都市：商,100000,856,持分移轉,02300000
RPVQMLPLOHGGFHF76CB,水源段,1.63,都市：商,100000,856,持分移轉,02240000
RPVQMLPLOHGGFHF76CB,水源段,1.15,都市：商,100000,856,持分移轉,02280000
RPVQMLPLOHGGFHF76CB,水源段,.97,都市：商,100000,856,持分移轉,02310002
RPVQMLPLOHGGFHF76CB,水源段,.97,都市：商,100000,856,持分移轉,02310003
RPVQMLPLOHGGFHF76CB,水源段,1.96,都市：商,100000,856,持分移轉,02310001
RPVQMLPLOHGGFHF76CB,水源段,2.28,都市：商,100000,856,持分移轉,02310006
RPVQMLPLOHGGFHF76CB,水源段,.47,都市：商,100000,856,持分移轉,02270004
RPVQMLPLOHGGFHF76CB,水源段,.17,都市：商,100000,856,持分移轉,02270007
RPURMLPLOHGGFHF76CB,景福段,1.09,都市：其他:都市計畫區內之市場用地,100000,572,持分移轉,03910001
RPVQMLPLOHGGFHF76CB,水源段,.56,都市：商,100000,856,持分移轉,02270000
RPVQMLPLOHGGFHF76CB,水源段,.25,都市：商,100000,856,持分移轉,02270003
RPURMLPLOHGGFHF76CB,景福段,2.17,都市：其他:都市計畫區內之市場用地,100000,572,持分移轉,03910002
RPVQMLPLOHGGFHF76CB,水源段,.61,都市：商,100000,856,持分移轉,02310004
RPURMLPLOHGGFHF76CB,景福段,1.63,都市：其他:都市計畫區內之市場用地,100000,572,持分移轉,03910003
RPVQMLPLOHGGFHF76CB,水源段,.37,都市：商,100000,856,持分移轉,02270001
RPURMLPLOHGGFHF76CB,景福段,.63,都市：其他:都市計畫區內之市場用地,100000,572,持分移轉,03920001
RPVQMLPLOHGGFHF76CB,水源段,.14,都市：商,100000,856,持分移轉,02270002
RPVQMLPLOHGGFHF76CB,水源段,.03,都市：商,100000,856,持分移轉,02300001
RPVQMLPLOHGGFHF76CB,水源段,.72,都市：商,100000,856,持分移轉,02290000
RPURMLPLOHGGFHF76CB,景福段,16.22,都市：其他:都市計畫區內之市場用地,100000,572,持分移轉,03950001
RPVQMLPLOHGGFHF76CB,水源段,.46,都市：商,100000,856,持分移轉,02300000
RPQRMLPLOHGGFHF98CB,水源段,1.63,都市：商,100000,856,持分移轉,02240000
RPQRMLPLOHGGFHF98CB,水源段,1.15,都市：商,100000,856,持分移轉,02280000
RPQRMLPLOHGGFHF98CB,水源段,.97,都市：商,100000,856,持分移轉,02310002
RPQRMLPLOHGGFHF98CB,水源段,.97,都市：商,100000,856,持分移轉,02310003
RPQRMLPLOHGGFHF98CB,水源段,1.96,都市：商,100000,856,持分移轉,02310001
RPQRMLPLOHGGFHF98CB,水源段,2.28,都市：商,100000,856,持分移轉,02310006
RPQRMLPLOHGGFHF98CB,水源段,.47,都市：商,100000,856,持分移轉,02270004
RPQRMLPLOHGGFHF98CB,水源段,.17,都市：商,100000,856,持分移轉,02270007
RPQRMLPLOHGGFHF98CB,水源段,.56,都市：商,100000,856,持分移轉,02270000
RPQRMLPLOHGGFHF98CB,水源段,.25,都市：商,100000,856,持分移轉,02270003
RPQRMLPLOHGGFHF98CB,水源段,.61,都市：商,100000,856,持分移轉,02310004
RPQRMLPLOHGGFHF98CB,水源段,.37,都市：商,100000,856,持分移轉,02270001
RPQRMLPLOHGGFHF98CB,水源段,.14,都市：商,100000,856,持分移轉,02270002
RPQRMLPLOHGGFHF98CB,水源段,.03,都市：商,100000,856,持分移轉,02300001
RPQRMLPLOHGGFHF98CB,水源段,.72,都市：商,100000,856,持分移轉,02290000
RPQRMLPLOHGGFHF98CB,水源段,.46,都市：商,100000,856,持分移轉,02300000
RPORMLPLOHGGFHF78CB,水源段,1.63,都市：商,100000,856,持分移轉,02240000
RPORMLPLOHGGFHF78CB,水源段,1.15,都市：商,100000,856,持分移轉,02280000
RPORMLPLOHGGFHF78CB,水源段,.97,都市：商,100000,856,持分移轉,02310002
RPORMLPLOHGGFHF78CB,水源段,.97,都市：商,100000,856,持分移轉,02310003
RPORMLPLOHGGFHF78CB,水源段,1.96,都市：商,100000,856,持分移轉,02310001
RPORMLPLOHGGFHF78CB,水源段,2.28,都市：商,100000,856,持分移轉,02310006
RPORMLPLOHGGFHF78CB,水源段,.47,都市：商,100000,856,持分移轉,02270004
RPORMLPLOHGGFHF78CB,水源段,.17,都市：商,100000,856,持分移轉,02270007
RPORMLPLOHGGFHF78CB,水源段,.56,都市：商,100000,856,持分移轉,02270000
RPORMLPLOHGGFHF78CB,水源段,.25,都市：商,100000,856,持分移轉,02270003
RPORMLPLOHGGFHF78CB,水源段,.61,都市：商,100000,856,持分移轉,02310004
RPORMLPLOHGGFHF78CB,水源段,.37,都市：商,100000,856,持分移轉,02270001
RPORMLPLOHGGFHF78CB,水源段,.14,都市：商,100000,856,持分移轉,02270002
RPORMLPLOHGGFHF78CB,水源段,.03,都市：商,100000,856,持分移轉,02300001
RPORMLPLOHGGFHF78CB,水源段,.72,都市：商,100000,856,持分移轉,02290000
RPORMLPLOHGGFHF78CB,水源段,.46,都市：商,100000,856,持分移轉,02300000
RPWRMLPLOHGGFHF96CB,水源段,.55,都市：商,100000,1259,持分移轉,02270001
RPWRMLPLOHGGFHF96CB,水源段,.20,都市：商,100000,1259,持分移轉,02270002
RPWRMLPLOHGGFHF96CB,水源段,.04,都市：商,100000,1259,持分移轉,02300001
RPWRMLPLOHGGFHF96CB,水源段,1.05,都市：商,100000,1259,持分移轉,02290000
RPWRMLPLOHGGFHF96CB,水源段,.68,都市：商,100000,1259,持分移轉,02300000
RPWRMLPLOHGGFHF96CB,水源段,2.40,都市：商,100000,1259,持分移轉,02240000
RPWRMLPLOHGGFHF96CB,水源段,1.70,都市：商,100000,1259,持分移轉,02280000
RPWRMLPLOHGGFHF96CB,水源段,1.43,都市：商,100000,1259,持分移轉,02310002
RPWRMLPLOHGGFHF96CB,水源段,1.43,都市：商,100000,1259,持分移轉,02310003
RPWRMLPLOHGGFHF96CB,水源段,2.89,都市：商,100000,1259,持分移轉,02310001
RPWRMLPLOHGGFHF96CB,水源段,3.35,都市：商,100000,1259,持分移轉,02310006
RPWRMLPLOHGGFHF96CB,水源段,.69,都市：商,100000,1259,持分移轉,02270004
RPWRMLPLOHGGFHF96CB,水源段,.25,都市：商,100000,1259,持分移轉,02270007
RPWRMLPLOHGGFHF96CB,水源段,.82,都市：商,100000,1259,持分移轉,02270000
RPWRMLPLOHGGFHF96CB,水源段,.37,都市：商,100000,1259,持分移轉,02270003
RPWRMLPLOHGGFHF96CB,水源段,.89,都市：商,100000,1259,持分移轉,02310004
RPPSMLPLOHGGFHF98CB,水源段,.55,都市：商,100000,1259,持分移轉,02270001
RPPSMLPLOHGGFHF98CB,水源段,.20,都市：商,100000,1259,持分移轉,02270002
RPPSMLPLOHGGFHF98CB,水源段,.04,都市：商,100000,1259,持分移轉,02300001
RPPSMLPLOHGGFHF98CB,水源段,1.05,都市：商,100000,1259,持分移轉,02290000
RPPSMLPLOHGGFHF98CB,水源段,.68,都市：商,100000,1259,持分移轉,02300000
RPPSMLPLOHGGFHF98CB,水源段,2.40,都市：商,100000,1259,持分移轉,02240000
RPRSMLPLOHGGFHF56CB,水源段,.55,都市：商,100000,1259,持分移轉,02270001
RPPSMLPLOHGGFHF98CB,水源段,1.70,都市：商,100000,1259,持分移轉,02280000
RPRSMLPLOHGGFHF56CB,水源段,.20,都市：商,100000,1259,持分移轉,02270002
RPPSMLPLOHGGFHF98CB,水源段,1.43,都市：商,100000,1259,持分移轉,02310002
RPRSMLPLOHGGFHF56CB,水源段,.04,都市：商,100000,1259,持分移轉,02300001
RPRSMLPLOHGGFHF56CB,水源段,1.05,都市：商,100000,1259,持分移轉,02290000
RPPSMLPLOHGGFHF98CB,水源段,1.43,都市：商,100000,1259,持分移轉,02310003
RPRSMLPLOHGGFHF56CB,水源段,.68,都市：商,100000,1259,持分移轉,02300000
RPPSMLPLOHGGFHF98CB,水源段,2.89,都市：商,100000,1259,持分移轉,02310001
RPRSMLPLOHGGFHF56CB,水源段,2.40,都市：商,100000,1259,持分移轉,02240000
RPRSMLPLOHGGFHF56CB,水源段,1.70,都市：商,100000,1259,持分移轉,02280000
RPRSMLPLOHGGFHF56CB,水源段,1.43,都市：商,100000,1259,持分移轉,02310002
RPPSMLPLOHGGFHF98CB,水源段,3.35,都市：商,100000,1259,持分移轉,02310006
RPRSMLPLOHGGFHF56CB,水源段,1.43,都市：商,100000,1259,持分移轉,02310003
RPPSMLPLOHGGFHF98CB,水源段,.69,都市：商,100000,1259,持分移轉,02270004
RPRSMLPLOHGGFHF56CB,水源段,2.89,都市：商,100000,1259,持分移轉,02310001
RPPSMLPLOHGGFHF98CB,水源段,.25,都市：商,100000,1259,持分移轉,02270007
RPRSMLPLOHGGFHF56CB,水源段,3.35,都市：商,100000,1259,持分移轉,02310006
RPPSMLPLOHGGFHF98CB,水源段,.82,都市：商,100000,1259,持分移轉,02270000
RPRSMLPLOHGGFHF56CB,水源段,.69,都市：商,100000,1259,持分移轉,02270004
RPPSMLPLOHGGFHF98CB,水源段,.37,都市：商,100000,1259,持分移轉,02270003
RPRSMLPLOHGGFHF56CB,水源段,.25,都市：商,100000,1259,持分移轉,02270007
RPPSMLPLOHGGFHF98CB,水源段,.89,都市：商,100000,1259,持分移轉,02310004
RPRSMLPLOHGGFHF56CB,水源段,.82,都市：商,100000,1259,持分移轉,02270000
RPRSMLPLOHGGFHF56CB,水源段,.37,都市：商,100000,1259,持分移轉,02270003
RPRSMLPLOHGGFHF56CB,水源段,.89,都市：商,100000,1259,持分移轉,02310004
RPSSMLPLOHGGFHF66CB,水源段,.55,都市：商,100000,1259,持分移轉,02270001
RPSSMLPLOHGGFHF66CB,水源段,.20,都市：商,100000,1259,持分移轉,02270002
RPSSMLPLOHGGFHF66CB,水源段,.04,都市：商,100000,1259,持分移轉,02300001
RPSSMLPLOHGGFHF66CB,水源段,1.05,都市：商,100000,1259,持分移轉,02290000
RPSSMLPLOHGGFHF66CB,水源段,.68,都市：商,100000,1259,持分移轉,02300000
RPSSMLPLOHGGFHF66CB,水源段,2.40,都市：商,100000,1259,持分移轉,02240000
RPSSMLPLOHGGFHF66CB,水源段,1.70,都市：商,100000,1259,持分移轉,02280000
RPSSMLPLOHGGFHF66CB,水源段,1.43,都市：商,100000,1259,持分移轉,02310002
RPSSMLPLOHGGFHF66CB,水源段,1.43,都市：商,100000,1259,持分移轉,02310003
RPSSMLPLOHGGFHF66CB,水源段,2.89,都市：商,100000,1259,持分移轉,02310001
RPSSMLPLOHGGFHF66CB,水源段,3.35,都市：商,100000,1259,持分移轉,02310006
RPSSMLPLOHGGFHF66CB,水源段,.69,都市：商,100000,1259,持分移轉,02270004
RPSSMLPLOHGGFHF66CB,水源段,.25,都市：商,100000,1259,持分移轉,02270007
RPSSMLPLOHGGFHF66CB,水源段,.82,都市：商,100000,1259,持分移轉,02270000
RPSSMLPLOHGGFHF66CB,水源段,.37,都市：商,100000,1259,持分移轉,02270003
RPSSMLPLOHGGFHF66CB,水源段,.89,都市：商,100000,1259,持分移轉,02310004
RPQSMLPLOHGGFHF09CB,水源段,.55,都市：商,100000,1259,持分移轉,02270001
RPQSMLPLOHGGFHF09CB,水源段,.20,都市：商,100000,1259,持分移轉,02270002
RPQSMLPLOHGGFHF09CB,水源段,.04,都市：商,100000,1259,持分移轉,02300001
RPQSMLPLOHGGFHF09CB,水源段,1.05,都市：商,100000,1259,持分移轉,02290000
RPQSMLPLOHGGFHF09CB,水源段,.68,都市：商,100000,1259,持分移轉,02300000
RPQSMLPLOHGGFHF09CB,水源段,2.40,都市：商,100000,1259,持分移轉,02240000
RPQSMLPLOHGGFHF09CB,水源段,1.70,都市：商,100000,1259,持分移轉,02280000
RPRRMLPLOHGGFHF09CB,水源段,.55,都市：商,100000,1259,持分移轉,02270001
RPQSMLPLOHGGFHF09CB,水源段,1.43,都市：商,100000,1259,持分移轉,02310002
RPRRMLPLOHGGFHF09CB,水源段,.20,都市：商,100000,1259,持分移轉,02270002
RPQSMLPLOHGGFHF09CB,水源段,1.43,都市：商,100000,1259,持分移轉,02310003
RPRRMLPLOHGGFHF09CB,水源段,.04,都市：商,100000,1259,持分移轉,02300001
RPQSMLPLOHGGFHF09CB,水源段,2.89,都市：商,100000,1259,持分移轉,02310001
RPRRMLPLOHGGFHF09CB,水源段,1.05,都市：商,100000,1259,持分移轉,02290000
RPQSMLPLOHGGFHF09CB,水源段,3.35,都市：商,100000,1259,持分移轉,02310006
RPRRMLPLOHGGFHF09CB,水源段,.68,都市：商,100000,1259,持分移轉,02300000
RPQSMLPLOHGGFHF09CB,水源段,.69,都市：商,100000,1259,持分移轉,02270004
RPRRMLPLOHGGFHF09CB,水源段,2.40,都市：商,100000,1259,持分移轉,02240000
RPQSMLPLOHGGFHF09CB,水源段,.25,都市：商,100000,1259,持分移轉,02270007
RPRRMLPLOHGGFHF09CB,水源段,1.70,都市：商,100000,1259,持分移轉,02280000
RPQSMLPLOHGGFHF09CB,水源段,.82,都市：商,100000,1259,持分移轉,02270000
RPRRMLPLOHGGFHF09CB,水源段,1.43,都市：商,100000,1259,持分移轉,02310002
RPQSMLPLOHGGFHF09CB,水源段,.37,都市：商,100000,1259,持分移轉,02270003
RPRRMLPLOHGGFHF09CB,水源段,1.43,都市：商,100000,1259,持分移轉,02310003
RPQSMLPLOHGGFHF09CB,水源段,.89,都市：商,100000,1259,持分移轉,02310004
RPRRMLPLOHGGFHF09CB,水源段,2.89,都市：商,100000,1259,持分移轉,02310001
RPRRMLPLOHGGFHF09CB,水源段,3.35,都市：商,100000,1259,持分移轉,02310006
RPRRMLPLOHGGFHF09CB,水源段,.69,都市：商,100000,1259,持分移轉,02270004
RPRRMLPLOHGGFHF09CB,水源段,.25,都市：商,100000,1259,持分移轉,02270007
RPRRMLPLOHGGFHF09CB,水源段,.82,都市：商,100000,1259,持分移轉,02270000
RPRRMLPLOHGGFHF09CB,水源段,.37,都市：商,100000,1259,持分移轉,02270003
RPRRMLPLOHGGFHF09CB,水源段,.89,都市：商,100000,1259,持分移轉,02310004
RPUSMLPLOHGGFHF86CB,水源段,.55,都市：商,100000,1259,持分移轉,02270001
RPUSMLPLOHGGFHF86CB,水源段,.20,都市：商,100000,1259,持分移轉,02270002
RPUSMLPLOHGGFHF86CB,水源段,.04,都市：商,100000,1259,持分移轉,02300001
RPUSMLPLOHGGFHF86CB,水源段,1.05,都市：商,100000,1259,持分移轉,02290000
RPVSMLPLOHGGFHF96CB,水源段,.50,都市：商,100000,1142,持分移轉,02270001
RPUSMLPLOHGGFHF86CB,水源段,.68,都市：商,100000,1259,持分移轉,02300000
RPVSMLPLOHGGFHF96CB,水源段,.19,都市：商,100000,1142,持分移轉,02270002
RPUSMLPLOHGGFHF86CB,水源段,2.40,都市：商,100000,1259,持分移轉,02240000
RPVSMLPLOHGGFHF96CB,水源段,.04,都市：商,100000,1142,持分移轉,02300001
RPUSMLPLOHGGFHF86CB,水源段,1.70,都市：商,100000,1259,持分移轉,02280000
RPVSMLPLOHGGFHF96CB,水源段,.95,都市：商,100000,1142,持分移轉,02290000
RPUSMLPLOHGGFHF86CB,水源段,1.43,都市：商,100000,1259,持分移轉,02310002
RPVSMLPLOHGGFHF96CB,水源段,.62,都市：商,100000,1142,持分移轉,02300000
RPUSMLPLOHGGFHF86CB,水源段,1.43,都市：商,100000,1259,持分移轉,02310003
RPVSMLPLOHGGFHF96CB,水源段,2.17,都市：商,100000,1142,持分移轉,02240000
RPUSMLPLOHGGFHF86CB,水源段,2.89,都市：商,100000,1259,持分移轉,02310001
RPVSMLPLOHGGFHF96CB,水源段,1.54,都市：商,100000,1142,持分移轉,02280000
RPUSMLPLOHGGFHF86CB,水源段,3.35,都市：商,100000,1259,持分移轉,02310006
RPVSMLPLOHGGFHF96CB,水源段,1.29,都市：商,100000,1142,持分移轉,02310002
RPUSMLPLOHGGFHF86CB,水源段,.69,都市：商,100000,1259,持分移轉,02270004
RPVSMLPLOHGGFHF96CB,水源段,1.29,都市：商,100000,1142,持分移轉,02310003
RPUSMLPLOHGGFHF86CB,水源段,.25,都市：商,100000,1259,持分移轉,02270007
RPUSMLPLOHGGFHF86CB,水源段,.82,都市：商,100000,1259,持分移轉,02270000
RPVSMLPLOHGGFHF96CB,水源段,2.62,都市：商,100000,1142,持分移轉,02310001
RPUSMLPLOHGGFHF86CB,水源段,.37,都市：商,100000,1259,持分移轉,02270003
RPUSMLPLOHGGFHF86CB,水源段,.89,都市：商,100000,1259,持分移轉,02310004
RPVSMLPLOHGGFHF96CB,水源段,3.04,都市：商,100000,1142,持分移轉,02310006
RPVSMLPLOHGGFHF96CB,水源段,.62,都市：商,100000,1142,持分移轉,02270004
RPVSMLPLOHGGFHF96CB,水源段,.22,都市：商,100000,1142,持分移轉,02270007
RPVSMLPLOHGGFHF96CB,水源段,.75,都市：商,100000,1142,持分移轉,02270000
RPVSMLPLOHGGFHF96CB,水源段,.33,都市：商,100000,1142,持分移轉,02270003
RPVSMLPLOHGGFHF96CB,水源段,.81,都市：商,100000,1142,持分移轉,02310004
RPWSMLPLOHGGFHF07CB,水源段,.50,都市：商,100000,1142,持分移轉,02270001
RPWSMLPLOHGGFHF07CB,水源段,.19,都市：商,100000,1142,持分移轉,02270002
RPWSMLPLOHGGFHF07CB,水源段,.04,都市：商,100000,1142,持分移轉,02300001
RPWSMLPLOHGGFHF07CB,水源段,.95,都市：商,100000,1142,持分移轉,02290000
RPWSMLPLOHGGFHF07CB,水源段,.62,都市：商,100000,1142,持分移轉,02300000
RPWSMLPLOHGGFHF07CB,水源段,2.17,都市：商,100000,1142,持分移轉,02240000
RPWSMLPLOHGGFHF07CB,水源段,1.54,都市：商,100000,1142,持分移轉,02280000
RPWSMLPLOHGGFHF07CB,水源段,1.29,都市：商,100000,1142,持分移轉,02310002
RPXSMLPLOHGGFHF17CB,水源段,.50,都市：商,100000,1142,持分移轉,02270001
RPWSMLPLOHGGFHF07CB,水源段,1.29,都市：商,100000,1142,持分移轉,02310003
RPXSMLPLOHGGFHF17CB,水源段,.19,都市：商,100000,1142,持分移轉,02270002
RPWSMLPLOHGGFHF07CB,水源段,2.62,都市：商,100000,1142,持分移轉,02310001
RPXSMLPLOHGGFHF17CB,水源段,.04,都市：商,100000,1142,持分移轉,02300001
RPWSMLPLOHGGFHF07CB,水源段,3.04,都市：商,100000,1142,持分移轉,02310006
RPXSMLPLOHGGFHF17CB,水源段,.95,都市：商,100000,1142,持分移轉,02290000
RPWSMLPLOHGGFHF07CB,水源段,.62,都市：商,100000,1142,持分移轉,02270004
RPXSMLPLOHGGFHF17CB,水源段,.62,都市：商,100000,1142,持分移轉,02300000
RPWSMLPLOHGGFHF07CB,水源段,.22,都市：商,100000,1142,持分移轉,02270007
RPXSMLPLOHGGFHF17CB,水源段,2.17,都市：商,100000,1142,持分移轉,02240000
RPWSMLPLOHGGFHF07CB,水源段,.75,都市：商,100000,1142,持分移轉,02270000
RPXSMLPLOHGGFHF17CB,水源段,1.54,都市：商,100000,1142,持分移轉,02280000
RPWSMLPLOHGGFHF07CB,水源段,.33,都市：商,100000,1142,持分移轉,02270003
RPXSMLPLOHGGFHF17CB,水源段,1.29,都市：商,100000,1142,持分移轉,02310002
RPWSMLPLOHGGFHF07CB,水源段,.81,都市：商,100000,1142,持分移轉,02310004
RPXSMLPLOHGGFHF17CB,水源段,1.29,都市：商,100000,1142,持分移轉,02310003
RPXSMLPLOHGGFHF17CB,水源段,2.62,都市：商,100000,1142,持分移轉,02310001
RPXSMLPLOHGGFHF17CB,水源段,3.04,都市：商,100000,1142,持分移轉,02310006
RPXSMLPLOHGGFHF17CB,水源段,.62,都市：商,100000,1142,持分移轉,02270004
RPXSMLPLOHGGFHF17CB,水源段,.22,都市：商,100000,1142,持分移轉,02270007
RPXSMLPLOHGGFHF17CB,水源段,.75,都市：商,100000,1142,持分移轉,02270000
RPXSMLPLOHGGFHF17CB,水源段,.33,都市：商,100000,1142,持分移轉,02270003
RPXSMLPLOHGGFHF17CB,水源段,.81,都市：商,100000,1142,持分移轉,02310004
RPTSMLPLOHGGFHF76CB,水源段,.55,都市：商,100000,1259,持分移轉,02270001
RPTSMLPLOHGGFHF76CB,水源段,.20,都市：商,100000,1259,持分移轉,02270002
RPTSMLPLOHGGFHF76CB,水源段,.04,都市：商,100000,1259,持分移轉,02300001
RPTSMLPLOHGGFHF76CB,水源段,1.05,都市：商,100000,1259,持分移轉,02290000
RPTSMLPLOHGGFHF76CB,水源段,.68,都市：商,100000,1259,持分移轉,02300000
RPTSMLPLOHGGFHF76CB,水源段,2.40,都市：商,100000,1259,持分移轉,02240000
RPTSMLPLOHGGFHF76CB,水源段,1.70,都市：商,100000,1259,持分移轉,02280000
RPTSMLPLOHGGFHF76CB,水源段,1.43,都市：商,100000,1259,持分移轉,02310002
RPTSMLPLOHGGFHF76CB,水源段,1.43,都市：商,100000,1259,持分移轉,02310003
RPTSMLPLOHGGFHF76CB,水源段,2.89,都市：商,100000,1259,持分移轉,02310001
RPTSMLPLOHGGFHF76CB,水源段,3.35,都市：商,100000,1259,持分移轉,02310006
RPTSMLPLOHGGFHF76CB,水源段,.69,都市：商,100000,1259,持分移轉,02270004
RPTSMLPLOHGGFHF76CB,水源段,.25,都市：商,100000,1259,持分移轉,02270007
RPTSMLPLOHGGFHF76CB,水源段,.82,都市：商,100000,1259,持分移轉,02270000
RPTSMLPLOHGGFHF76CB,水源段,.37,都市：商,100000,1259,持分移轉,02270003
RPTSMLPLOHGGFHF76CB,水源段,.89,都市：商,100000,1259,持分移轉,02310004
RPSTMLPLOHGGFHF76CB,水源段,.50,都市：商,100000,1142,持分移轉,02270001
RPSTMLPLOHGGFHF76CB,水源段,.19,都市：商,100000,1142,持分移轉,02270002
RPSTMLPLOHGGFHF76CB,水源段,.04,都市：商,100000,1142,持分移轉,02300001
RPSTMLPLOHGGFHF76CB,水源段,.95,都市：商,100000,1142,持分移轉,02290000
RPSTMLPLOHGGFHF76CB,水源段,.62,都市：商,100000,1142,持分移轉,02300000
RPSTMLPLOHGGFHF76CB,水源段,2.17,都市：商,100000,1142,持分移轉,02240000
RPSTMLPLOHGGFHF76CB,水源段,1.54,都市：商,100000,1142,持分移轉,02280000
RPSTMLPLOHGGFHF76CB,水源段,1.29,都市：商,100000,1142,持分移轉,02310002
RPSTMLPLOHGGFHF76CB,水源段,1.29,都市：商,100000,1142,持分移轉,02310003
RPSTMLPLOHGGFHF76CB,水源段,2.62,都市：商,100000,1142,持分移轉,02310001
RPSTMLPLOHGGFHF76CB,水源段,3.04,都市：商,100000,1142,持分移轉,02310006
RPSTMLPLOHGGFHF76CB,水源段,.62,都市：商,100000,1142,持分移轉,02270004
RPSTMLPLOHGGFHF76CB,水源段,.22,都市：商,100000,1142,持分移轉,02270007
RPSTMLPLOHGGFHF76CB,水源段,.75,都市：商,100000,1142,持分移轉,02270000
RPSTMLPLOHGGFHF76CB,水源段,.33,都市：商,100000,1142,持分移轉,02270003
RPSTMLPLOHGGFHF76CB,水源段,.81,都市：商,100000,1142,持分移轉,02310004
RPPTMLPLOHGGFHF09CB,水源段,.50,都市：商,100000,1142,持分移轉,02270001
RPPTMLPLOHGGFHF09CB,水源段,.19,都市：商,100000,1142,持分移轉,02270002
RPTTMLPLOHGGFHF86CB,水源段,.50,都市：商,100000,1142,持分移轉,02270001
RPPTMLPLOHGGFHF09CB,水源段,.04,都市：商,100000,1142,持分移轉,02300001
RPTTMLPLOHGGFHF86CB,水源段,.19,都市：商,100000,1142,持分移轉,02270002
RPPTMLPLOHGGFHF09CB,水源段,.95,都市：商,100000,1142,持分移轉,02290000
RPTTMLPLOHGGFHF86CB,水源段,.04,都市：商,100000,1142,持分移轉,02300001
RPPTMLPLOHGGFHF09CB,水源段,.62,都市：商,100000,1142,持分移轉,02300000
RPTTMLPLOHGGFHF86CB,水源段,.95,都市：商,100000,1142,持分移轉,02290000
RPPTMLPLOHGGFHF09CB,水源段,2.17,都市：商,100000,1142,持分移轉,02240000
RPTTMLPLOHGGFHF86CB,水源段,.62,都市：商,100000,1142,持分移轉,02300000
RPPTMLPLOHGGFHF09CB,水源段,1.54,都市：商,100000,1142,持分移轉,02280000
RPTTMLPLOHGGFHF86CB,水源段,2.17,都市：商,100000,1142,持分移轉,02240000
RPPTMLPLOHGGFHF09CB,水源段,1.29,都市：商,100000,1142,持分移轉,02310002
RPTTMLPLOHGGFHF86CB,水源段,1.54,都市：商,100000,1142,持分移轉,02280000
RPPTMLPLOHGGFHF09CB,水源段,1.29,都市：商,100000,1142,持分移轉,02310003
RPPTMLPLOHGGFHF09CB,水源段,2.62,都市：商,100000,1142,持分移轉,02310001
RPPTMLPLOHGGFHF09CB,水源段,3.04,都市：商,100000,1142,持分移轉,02310006
RPPTMLPLOHGGFHF09CB,水源段,.62,都市：商,100000,1142,持分移轉,02270004
RPPTMLPLOHGGFHF09CB,水源段,.22,都市：商,100000,1142,持分移轉,02270007
RPPTMLPLOHGGFHF09CB,水源段,.75,都市：商,100000,1142,持分移轉,02270000
RPTTMLPLOHGGFHF86CB,水源段,1.29,都市：商,100000,1142,持分移轉,02310002
RPPTMLPLOHGGFHF09CB,水源段,.33,都市：商,100000,1142,持分移轉,02270003
RPTTMLPLOHGGFHF86CB,水源段,1.29,都市：商,100000,1142,持分移轉,02310003
RPPTMLPLOHGGFHF09CB,水源段,.81,都市：商,100000,1142,持分移轉,02310004
RPTTMLPLOHGGFHF86CB,水源段,2.62,都市：商,100000,1142,持分移轉,02310001
RPTTMLPLOHGGFHF86CB,水源段,3.04,都市：商,100000,1142,持分移轉,02310006
RPTTMLPLOHGGFHF86CB,水源段,.62,都市：商,100000,1142,持分移轉,02270004
RPTTMLPLOHGGFHF86CB,水源段,.22,都市：商,100000,1142,持分移轉,02270007
RPTTMLPLOHGGFHF86CB,水源段,.75,都市：商,100000,1142,持分移轉,02270000
RPTTMLPLOHGGFHF86CB,水源段,.33,都市：商,100000,1142,持分移轉,02270003
RPTTMLPLOHGGFHF86CB,水源段,.81,都市：商,100000,1142,持分移轉,02310004
RPQTMLPLOHGGFHF56CB,水源段,.50,都市：商,100000,1142,持分移轉,02270001
RPQTMLPLOHGGFHF56CB,水源段,.19,都市：商,100000,1142,持分移轉,02270002
RPQTMLPLOHGGFHF56CB,水源段,.04,都市：商,100000,1142,持分移轉,02300001
RPQTMLPLOHGGFHF56CB,水源段,.95,都市：商,100000,1142,持分移轉,02290000
RPQTMLPLOHGGFHF56CB,水源段,.62,都市：商,100000,1142,持分移轉,02300000
RPQTMLPLOHGGFHF56CB,水源段,2.17,都市：商,100000,1142,持分移轉,02240000
RPRTMLPLOHGGFHF66CB,水源段,.50,都市：商,100000,1142,持分移轉,02270001
RPQTMLPLOHGGFHF56CB,水源段,1.54,都市：商,100000,1142,持分移轉,02280000
RPRTMLPLOHGGFHF66CB,水源段,.19,都市：商,100000,1142,持分移轉,02270002
RPQTMLPLOHGGFHF56CB,水源段,1.29,都市：商,100000,1142,持分移轉,02310002
RPRTMLPLOHGGFHF66CB,水源段,.04,都市：商,100000,1142,持分移轉,02300001
RPQTMLPLOHGGFHF56CB,水源段,1.29,都市：商,100000,1142,持分移轉,02310003
RPRTMLPLOHGGFHF66CB,水源段,.95,都市：商,100000,1142,持分移轉,02290000
RPQTMLPLOHGGFHF56CB,水源段,2.62,都市：商,100000,1142,持分移轉,02310001
RPRTMLPLOHGGFHF66CB,水源段,.62,都市：商,100000,1142,持分移轉,02300000
RPQTMLPLOHGGFHF56CB,水源段,3.04,都市：商,100000,1142,持分移轉,02310006
RPRTMLPLOHGGFHF66CB,水源段,2.17,都市：商,100000,1142,持分移轉,02240000
RPQTMLPLOHGGFHF56CB,水源段,.62,都市：商,100000,1142,持分移轉,02270004
RPRTMLPLOHGGFHF66CB,水源段,1.54,都市：商,100000,1142,持分移轉,02280000
RPQTMLPLOHGGFHF56CB,水源段,.22,都市：商,100000,1142,持分移轉,02270007
RPRTMLPLOHGGFHF66CB,水源段,1.29,都市：商,100000,1142,持分移轉,02310002
RPQTMLPLOHGGFHF56CB,水源段,.75,都市：商,100000,1142,持分移轉,02270000
RPRTMLPLOHGGFHF66CB,水源段,1.29,都市：商,100000,1142,持分移轉,02310003
RPQTMLPLOHGGFHF56CB,水源段,.33,都市：商,100000,1142,持分移轉,02270003
RPRTMLPLOHGGFHF66CB,水源段,2.62,都市：商,100000,1142,持分移轉,02310001
RPQTMLPLOHGGFHF56CB,水源段,.81,都市：商,100000,1142,持分移轉,02310004
RPRTMLPLOHGGFHF66CB,水源段,3.04,都市：商,100000,1142,持分移轉,02310006
RPRTMLPLOHGGFHF66CB,水源段,.62,都市：商,100000,1142,持分移轉,02270004
RPRTMLPLOHGGFHF66CB,水源段,.22,都市：商,100000,1142,持分移轉,02270007
RPRTMLPLOHGGFHF66CB,水源段,.75,都市：商,100000,1142,持分移轉,02270000
RPRTMLPLOHGGFHF66CB,水源段,.33,都市：商,100000,1142,持分移轉,02270003
RPRTMLPLOHGGFHF66CB,水源段,.81,都市：商,100000,1142,持分移轉,02310004
RPVTMLPLOHGGFHF07CB,水源段,.50,都市：商,100000,1142,持分移轉,02270001
RPVTMLPLOHGGFHF07CB,水源段,.19,都市：商,100000,1142,持分移轉,02270002
RPVTMLPLOHGGFHF07CB,水源段,.04,都市：商,100000,1142,持分移轉,02300001
RPVTMLPLOHGGFHF07CB,水源段,.95,都市：商,100000,1142,持分移轉,02290000
RPVTMLPLOHGGFHF07CB,水源段,.62,都市：商,100000,1142,持分移轉,02300000
RPVTMLPLOHGGFHF07CB,水源段,2.17,都市：商,100000,1142,持分移轉,02240000
RPVTMLPLOHGGFHF07CB,水源段,1.54,都市：商,100000,1142,持分移轉,02280000
RPVTMLPLOHGGFHF07CB,水源段,1.29,都市：商,100000,1142,持分移轉,02310002
RPVTMLPLOHGGFHF07CB,水源段,1.29,都市：商,100000,1142,持分移轉,02310003
RPVTMLPLOHGGFHF07CB,水源段,2.62,都市：商,100000,1142,持分移轉,02310001
RPVTMLPLOHGGFHF07CB,水源段,3.04,都市：商,100000,1142,持分移轉,02310006
RPVTMLPLOHGGFHF07CB,水源段,.62,都市：商,100000,1142,持分移轉,02270004
RPVTMLPLOHGGFHF07CB,水源段,.22,都市：商,100000,1142,持分移轉,02270007
RPVTMLPLOHGGFHF07CB,水源段,.75,都市：商,100000,1142,持分移轉,02270000
RPVTMLPLOHGGFHF07CB,水源段,.33,都市：商,100000,1142,持分移轉,02270003
RPVTMLPLOHGGFHF07CB,水源段,.81,都市：商,100000,1142,持分移轉,02310004
RPWTMLPLOHGGFHF17CB,水源段,.50,都市：商,100000,1142,持分移轉,02270001
RPWTMLPLOHGGFHF17CB,水源段,.19,都市：商,100000,1142,持分移轉,02270002
RPWTMLPLOHGGFHF17CB,水源段,.04,都市：商,100000,1142,持分移轉,02300001
RPWTMLPLOHGGFHF17CB,水源段,.95,都市：商,100000,1142,持分移轉,02290000
RPWTMLPLOHGGFHF17CB,水源段,.62,都市：商,100000,1142,持分移轉,02300000
RPWTMLPLOHGGFHF17CB,水源段,2.17,都市：商,100000,1142,持分移轉,02240000
RPWTMLPLOHGGFHF17CB,水源段,1.54,都市：商,100000,1142,持分移轉,02280000
RPWTMLPLOHGGFHF17CB,水源段,1.29,都市：商,100000,1142,持分移轉,02310002
RPWTMLPLOHGGFHF17CB,水源段,1.29,都市：商,100000,1142,持分移轉,02310003
RPWTMLPLOHGGFHF17CB,水源段,2.62,都市：商,100000,1142,持分移轉,02310001
RPWTMLPLOHGGFHF17CB,水源段,3.04,都市：商,100000,1142,持分移轉,02310006
RPWTMLPLOHGGFHF17CB,水源段,.62,都市：商,100000,1142,持分移轉,02270004
RPWTMLPLOHGGFHF17CB,水源段,.22,都市：商,100000,1142,持分移轉,02270007
RPWTMLPLOHGGFHF17CB,水源段,.75,都市：商,100000,1142,持分移轉,02270000
RPWTMLPLOHGGFHF17CB,水源段,.33,都市：商,100000,1142,持分移轉,02270003
RPWTMLPLOHGGFHF17CB,水源段,.81,都市：商,100000,1142,持分移轉,02310004
RPQNMLPLOHGGFCF08CB,斯馨段,37.43,都市：住,100000,375,持分移轉,01330000
RPSNMLPLOHGGFCF28CB,斯馨段,23.75,都市：住,100000,238,持分移轉,01330000
RPRNMLPLOHGGFCF18CB,斯馨段,23.85,都市：住,100000,239,持分移轉,01330000
RPVNMLPLOHGGFCF58CB,斯馨段,23.85,都市：住,100000,239,持分移轉,01330000
RPUNMLPLOHGGFCF48CB,斯馨段,23.85,都市：住,100000,239,持分移轉,01330000
RPWNMLPLOHGGFCF68CB,斯馨段,23.85,都市：住,100000,239,持分移轉,01330000
RPXNMLPLOHGGFCF78CB,斯馨段,23.85,都市：住,100000,239,持分移轉,01330000
RPTNMLPLOHGGFCF38CB,斯馨段,23.85,都市：住,100000,239,持分移轉,01330000
RPPOMLPLOHGGFCF08CB,斯馨段,23.85,都市：住,100000,239,持分移轉,01330000
RPQOMLPLOHGGFCF18CB,斯馨段,23.75,都市：住,100000,238,持分移轉,01330000
RPSOMLPLOHGGFCF38CB,斯馨段,25.85,都市：住,100000,259,持分移轉,01330000
RPOOMLPLOHGGFCF97CB,斯馨段,23.85,都市：住,100000,239,持分移轉,01330000
RPROMLPLOHGGFCF28CB,斯馨段,23.85,都市：住,100000,239,持分移轉,01330000
RPTOMLPLOHGGFCF48CB,斯馨段,25.85,都市：住,100000,259,持分移轉,01330000
RPUOMLPLOHGGFCF58CB,斯馨段,23.85,都市：住,100000,239,持分移轉,01330000
RPVOMLPLOHGGFCF68CB,斯馨段,23.85,都市：住,100000,239,持分移轉,01330000
RPXOMLPLOHGGFCF88CB,斯馨段,16.77,都市：住,100000,168,持分移轉,01330000
RPWOMLPLOHGGFCF78CB,斯馨段,14.77,都市：住,100000,148,持分移轉,01330000
RPOPMLPLOHGGFCF08CB,斯馨段,16.77,都市：住,100000,168,持分移轉,01330000
RPPPMLPLOHGGFCF18CB,斯馨段,14.77,都市：住,100000,148,持分移轉,01330000
RPQPMLPLOHGGFCF28CB,斯馨段,16.77,都市：住,100000,168,持分移轉,01330000
RPRPMLPLOHGGFCF38CB,斯馨段,16.77,都市：住,100000,168,持分移轉,01330000
RPSPMLPLOHGGFCF48CB,斯馨段,16.77,都市：住,100000,168,持分移轉,01330000
RPVPMLPLOHGGFCF78CB,斯馨段,14.77,都市：住,100000,148,持分移轉,01330000
RPUPMLPLOHGGFCF68CB,斯馨段,14.77,都市：住,100000,148,持分移轉,01330000
RPTPMLPLOHGGFCF58CB,斯馨段,14.77,都市：住,100000,148,持分移轉,01330000
RPWPMLPLOHGGFCF88CB,斯馨段,16.77,都市：住,100000,168,持分移轉,01330000
RPXPMLPLOHGGFCF98CB,斯馨段,16.77,都市：住,100000,168,持分移轉,01330000
RPPQMLPLOHGGFCF28CB,斯馨段,16.77,都市：住,100000,168,持分移轉,01330000
RPOQMLPLOHGGFCF18CB,斯馨段,16.77,都市：住,100000,168,持分移轉,01330000
RPQQMLPLOHGGFCF38CB,斯馨段,16.77,都市：住,100000,168,持分移轉,01330000
RPSQMLPLOHGGFCF58CB,斯馨段,16.77,都市：住,100000,168,持分移轉,01330000
RPRQMLPLOHGGFCF48CB,斯馨段,16.77,都市：住,100000,168,持分移轉,01330000
RPUQMLPLOHGGFCF78CB,斯馨段,23.85,都市：住,100000,239,持分移轉,01330000
RPVQMLPLOHGGFCF88CB,斯馨段,23.85,都市：住,100000,239,持分移轉,01330000
RPWQMLPLOHGGFCF98CB,斯馨段,23.85,都市：住,100000,239,持分移轉,01330000
RPTQMLPLOHGGFCF68CB,斯馨段,14.77,都市：住,100000,148,持分移轉,01330000
RPXQMLPLOHGGFCF09CB,斯馨段,24.05,都市：住,100000,241,持分移轉,01330000
RPORMLPLOHGGFCF28CB,斯馨段,24.05,都市：住,100000,241,持分移轉,01330000
RPPRMLPLOHGGFCF38CB,斯馨段,24.05,都市：住,100000,241,持分移轉,01330000
RPTRMLPLOHGGFCF78CB,斯馨段,24.05,都市：住,100000,241,持分移轉,01330000
RPSRMLPLOHGGFCF68CB,斯馨段,24.05,都市：住,100000,241,持分移轉,01330000
RPQRMLPLOHGGFCF48CB,斯馨段,24.05,都市：住,100000,241,持分移轉,01330000
RPURMLPLOHGGFCF88CB,斯馨段,2.00,都市：住,100000,20,持分移轉,01330000
RPWRMLPLOHGGFCF09CB,斯馨段,23.95,都市：住,100000,240,持分移轉,01330000
RPVRMLPLOHGGFCF98CB,斯馨段,23.95,都市：住,100000,240,持分移轉,01330000
RPXRMLPLOHGGFCF56CB,斯馨段,23.95,都市：住,100000,240,持分移轉,01330000
RPPSMLPLOHGGFCF48CB,斯馨段,23.95,都市：住,100000,240,持分移轉,01330000
RPRSMLPLOHGGFCF68CB,斯馨段,21.16,都市：住,100000,212,持分移轉,01330000
RPSSMLPLOHGGFCF78CB,斯馨段,20.96,都市：住,100000,210,持分移轉,01330000
RPVSMLPLOHGGFCF09CB,斯馨段,21.06,都市：住,100000,211,持分移轉,01330000
RPTSMLPLOHGGFCF88CB,斯馨段,21.06,都市：住,100000,211,持分移轉,01330000
RPOSMLPLOHGGFCF38CB,斯馨段,23.95,都市：住,100000,240,持分移轉,01330000
RPXSMLPLOHGGFCF66CB,斯馨段,2.00,都市：住,100000,20,持分移轉,01330000
RPUSMLPLOHGGFCF98CB,斯馨段,21.06,都市：住,100000,211,持分移轉,01330000
RPWSMLPLOHGGFCF56CB,斯馨段,21.06,都市：住,100000,211,持分移轉,01330000
RPOTMLPLOHGGFCF48CB,斯馨段,19.06,都市：住,100000,191,持分移轉,01330000
RPQTMLPLOHGGFCF68CB,斯馨段,21.16,都市：住,100000,212,持分移轉,01330000
RPRTMLPLOHGGFCF78CB,斯馨段,21.16,都市：住,100000,212,持分移轉,01330000
RPPTMLPLOHGGFCF58CB,斯馨段,20.96,都市：住,100000,210,持分移轉,01330000
RPSTMLPLOHGGFCF88CB,斯馨段,21.16,都市：住,100000,212,持分移轉,01330000
RPTTMLPLOHGGFCF98CB,斯馨段,21.16,都市：住,100000,212,持分移轉,01330000
RPVTMLPLOHGGFCF56CB,斯馨段,21.16,都市：住,100000,212,持分移轉,01330000
RPXTMLPLOHGGFCF76CB,斯馨段,2.00,都市：住,100000,20,持分移轉,01330000
RPUTMLPLOHGGFCF09CB,斯馨段,2.00,都市：住,100000,20,持分移轉,01330000
RPWTMLPLOHGGFCF66CB,斯馨段,16.67,都市：住,100000,167,持分移轉,01330000
RPOUMLPLOHGGFCF58CB,斯馨段,14.67,都市：住,100000,147,持分移轉,01330000
RPQUMLPLOHGGFCF78CB,斯馨段,16.67,都市：住,100000,167,持分移轉,01330000
RPPUMLPLOHGGFCF68CB,斯馨段,14.67,都市：住,100000,147,持分移轉,01330000
RPRUMLPLOHGGFCF88CB,斯馨段,14.67,都市：住,100000,147,持分移轉,01330000
RPSUMLPLOHGGFCF98CB,斯馨段,16.67,都市：住,100000,167,持分移轉,01330000
RPUUMLPLOHGGFCF56CB,斯馨段,16.67,都市：住,100000,167,持分移轉,01330000
RPTUMLPLOHGGFCF09CB,斯馨段,16.67,都市：住,100000,167,持分移轉,01330000
RPVUMLPLOHGGFCF66CB,斯馨段,18.66,都市：住,100000,187,持分移轉,01330000
RPWUMLPLOHGGFCF76CB,斯馨段,16.67,都市：住,100000,167,持分移轉,01330000
RPOVMLPLOHGGFCF68CB,斯馨段,16.67,都市：住,100000,167,持分移轉,01330000
RPXUMLPLOHGGFCF86CB,斯馨段,16.67,都市：住,100000,167,持分移轉,01330000
RPQVMLPLOHGGFCF88CB,斯馨段,16.67,都市：住,100000,167,持分移轉,01330000
RPPVMLPLOHGGFCF78CB,斯馨段,16.67,都市：住,100000,167,持分移轉,01330000
RPSVMLPLOHGGFCF09CB,斯馨段,34.63,都市：住,100000,347,持分移轉,01330000
RPTVMLPLOHGGFCF56CB,斯馨段,20.76,都市：住,100000,208,持分移轉,01330000
RPUVMLPLOHGGFCF66CB,斯馨段,20.76,都市：住,100000,208,持分移轉,01330000
RPWVMLPLOHGGFCF86CB,斯馨段,20.76,都市：住,100000,208,持分移轉,01330000
RPXVMLPLOHGGFCF96CB,斯馨段,20.86,都市：住,100000,209,持分移轉,01330000
RPOWMLPLOHGGFCF78CB,斯馨段,20.86,都市：住,100000,209,持分移轉,01330000
RPPWMLPLOHGGFCF88CB,斯馨段,18.86,都市：住,100000,189,持分移轉,01330000
RPSWMLPLOHGGFCF56CB,斯馨段,18.86,都市：住,100000,189,持分移轉,01330000
RPRWMLPLOHGGFCF09CB,斯馨段,20.86,都市：住,100000,209,持分移轉,01330000
RPTWMLPLOHGGFCF66CB,斯馨段,18.86,都市：住,100000,189,持分移轉,01330000
RPQWMLPLOHGGFCF98CB,斯馨段,20.86,都市：住,100000,209,持分移轉,01330000
RPXWMLPLOHGGFCF07CB,斯馨段,20.76,都市：住,100000,208,持分移轉,01330000
RPUWMLPLOHGGFCF76CB,斯馨段,20.86,都市：住,100000,209,持分移轉,01330000
RPVWMLPLOHGGFCF86CB,斯馨段,18.76,都市：住,100000,188,持分移轉,01330000
RPWWMLPLOHGGFCF96CB,斯馨段,20.76,都市：住,100000,208,持分移轉,01330000
RPONNLPLOHGGFCF97CB,斯馨段,20.76,都市：住,100000,208,持分移轉,01330000
RPPNNLPLOHGGFCF08CB,斯馨段,27.85,都市：住,100000,279,持分移轉,01330000
RPRNNLPLOHGGFCF28CB,斯馨段,24.05,都市：住,100000,241,持分移轉,01330000
RPQNNLPLOHGGFCF18CB,斯馨段,23.85,都市：住,100000,239,持分移轉,01330000
RPSNNLPLOHGGFCF38CB,斯馨段,22.06,都市：住,100000,221,持分移轉,01330000
RPTNNLPLOHGGFCF48CB,斯馨段,24.05,都市：住,100000,241,持分移轉,01330000
RPVNNLPLOHGGFCF68CB,斯馨段,23.95,都市：住,100000,240,持分移轉,01330000
RPUNNLPLOHGGFCF58CB,斯馨段,24.05,都市：住,100000,241,持分移轉,01330000
RPWNNLPLOHGGFCF78CB,斯馨段,23.95,都市：住,100000,240,持分移轉,01330000
RPXNNLPLOHGGFCF88CB,斯馨段,16.77,都市：住,100000,168,持分移轉,01330000
RPOONLPLOHGGFCF08CB,斯馨段,14.77,都市：住,100000,148,持分移轉,01330000
RPPONLPLOHGGFCF18CB,斯馨段,16.77,都市：住,100000,168,持分移轉,01330000
RPRONLPLOHGGFCF38CB,斯馨段,16.77,都市：住,100000,168,持分移轉,01330000
RPSONLPLOHGGFCF48CB,斯馨段,14.77,都市：住,100000,148,持分移轉,01330000
RPTONLPLOHGGFCF58CB,斯馨段,14.77,都市：住,100000,148,持分移轉,01330000
RPQONLPLOHGGFCF28CB,斯馨段,16.77,都市：住,100000,168,持分移轉,01330000
RPVONLPLOHGGFCF78CB,斯馨段,16.77,都市：住,100000,168,持分移轉,01330000
RPUONLPLOHGGFCF68CB,斯馨段,16.77,都市：住,100000,168,持分移轉,01330000
RPXONLPLOHGGFCF98CB,斯馨段,16.77,都市：住,100000,168,持分移轉,01330000
RPWONLPLOHGGFCF88CB,斯馨段,14.77,都市：住,100000,148,持分移轉,01330000
RPOPNLPLOHGGFCF18CB,斯馨段,14.77,都市：住,100000,148,持分移轉,01330000
RPPPNLPLOHGGFCF28CB,斯馨段,23.85,都市：住,100000,239,持分移轉,01330000
RPQPNLPLOHGGFCF38CB,斯馨段,23.75,都市：住,100000,238,持分移轉,01330000
RPRPNLPLOHGGFCF48CB,斯馨段,21.86,都市：住,100000,219,持分移轉,01330000
RPSPNLPLOHGGFCF58CB,斯馨段,23.85,都市：住,100000,239,持分移轉,01330000
RPUPNLPLOHGGFCF78CB,斯馨段,23.85,都市：住,100000,239,持分移轉,01330000
RPVPNLPLOHGGFCF88CB,斯馨段,23.85,都市：住,100000,239,持分移轉,01330000
RPWPNLPLOHGGFCF98CB,斯馨段,23.85,都市：住,100000,239,持分移轉,01330000
RPTPNLPLOHGGFCF68CB,斯馨段,23.85,都市：住,100000,239,持分移轉,01330000
RPXPNLPLOHGGFCF09CB,斯馨段,23.85,都市：住,100000,239,持分移轉,01330000
RPOQNLPLOHGGFCF28CB,斯馨段,23.85,都市：住,100000,239,持分移轉,01330000
RPPQNLPLOHGGFCF38CB,斯馨段,23.75,都市：住,100000,238,持分移轉,01330000
RPQQNLPLOHGGFCF48CB,斯馨段,25.85,都市：住,100000,259,持分移轉,01330000
RPRQNLPLOHGGFCF58CB,斯馨段,23.85,都市：住,100000,239,持分移轉,01330000
RPTQNLPLOHGGFCF78CB,斯馨段,20.76,都市：住,100000,208,持分移轉,01330000
RPUQNLPLOHGGFCF88CB,斯馨段,20.76,都市：住,100000,208,持分移轉,01330000
RPWQNLPLOHGGFCF09CB,斯馨段,20.86,都市：住,100000,209,持分移轉,01330000
RPSQNLPLOHGGFCF68CB,斯馨段,34.63,都市：住,100000,347,持分移轉,01330000
RPPRNLPLOHGGFCF48CB,斯馨段,20.86,都市：住,100000,209,持分移轉,01330000
RPXQNLPLOHGGFCF56CB,斯馨段,20.86,都市：住,100000,209,持分移轉,01330000
RPORNLPLOHGGFCF38CB,斯馨段,20.86,都市：住,100000,209,持分移轉,01330000
RPQRNLPLOHGGFCF58CB,斯馨段,20.86,都市：住,100000,209,持分移轉,01330000
RPRRNLPLOHGGFCF68CB,斯馨段,20.86,都市：住,100000,209,持分移轉,01330000
RPSRNLPLOHGGFCF78CB,斯馨段,20.86,都市：住,100000,209,持分移轉,01330000
RPTRNLPLOHGGFCF88CB,斯馨段,18.86,都市：住,100000,189,持分移轉,01330000
RPVRNLPLOHGGFCF09CB,斯馨段,20.86,都市：住,100000,209,持分移轉,01330000
RPURNLPLOHGGFCF98CB,斯馨段,20.86,都市：住,100000,209,持分移轉,01330000
RPXRNLPLOHGGFCF66CB,斯馨段,18.76,都市：住,100000,188,持分移轉,01330000
RPPSNLPLOHGGFCF58CB,斯馨段,20.76,都市：住,100000,208,持分移轉,01330000
RPWRNLPLOHGGFCF56CB,斯馨段,20.86,都市：住,100000,209,持分移轉,01330000
RPOSNLPLOHGGFCF48CB,斯馨段,20.76,都市：住,100000,208,持分移轉,01330000
RPTSNLPLOHGGFCF98CB,斯馨段,16.67,都市：住,100000,167,持分移轉,01330000
RPQSNLPLOHGGFCF68CB,斯馨段,16.67,都市：住,100000,167,持分移轉,01330000
RPUSNLPLOHGGFCF09CB,斯馨段,16.67,都市：住,100000,167,持分移轉,01330000
RPVSNLPLOHGGFCF56CB,斯馨段,16.67,都市：住,100000,167,持分移轉,01330000
RPWSNLPLOHGGFCF66CB,斯馨段,14.67,都市：住,100000,147,持分移轉,01330000
RPPTNLPLOHGGFCF68CB,斯馨段,14.67,都市：住,100000,147,持分移轉,01330000
RPXSNLPLOHGGFCF76CB,斯馨段,16.67,都市：住,100000,167,持分移轉,01330000
RPOTNLPLOHGGFCF58CB,斯馨段,16.67,都市：住,100000,167,持分移轉,01330000
RPSTNLPLOHGGFCF98CB,斯馨段,16.67,都市：住,100000,167,持分移轉,01330000
RPRTNLPLOHGGFCF88CB,斯馨段,16.67,都市：住,100000,167,持分移轉,01330000
RPQTNLPLOHGGFCF78CB,斯馨段,16.67,都市：住,100000,167,持分移轉,01330000
RPTTNLPLOHGGFCF09CB,斯馨段,16.67,都市：住,100000,167,持分移轉,01330000
RPUTNLPLOHGGFCF56CB,斯馨段,16.67,都市：住,100000,167,持分移轉,01330000
RPWTNLPLOHGGFCF76CB,斯馨段,21.06,都市：住,100000,211,持分移轉,01330000
RPVTNLPLOHGGFCF66CB,斯馨段,21.16,都市：住,100000,212,持分移轉,01330000
RPQUNLPLOHGGFCF88CB,斯馨段,21.06,都市：住,100000,211,持分移轉,01330000
RPXTNLPLOHGGFCF86CB,斯馨段,21.06,都市：住,100000,211,持分移轉,01330000
RPOUNLPLOHGGFCF68CB,斯馨段,21.06,都市：住,100000,211,持分移轉,01330000
RPPUNLPLOHGGFCF78CB,斯馨段,21.06,都市：住,100000,211,持分移轉,01330000
RPRUNLPLOHGGFCF98CB,斯馨段,21.16,都市：住,100000,212,持分移轉,01330000
RPSUNLPLOHGGFCF09CB,斯馨段,21.16,都市：住,100000,212,持分移轉,01330000
RPTUNLPLOHGGFCF56CB,斯馨段,23.16,都市：住,100000,232,持分移轉,01330000
RPWUNLPLOHGGFCF86CB,斯馨段,37.83,都市：住,100000,379,持分移轉,01330000
RPOVNLPLOHGGFCF78CB,斯馨段,37.73,都市：住,100000,378,持分移轉,01330000
RPXUNLPLOHGGFCF96CB,斯馨段,35.73,都市：住,100000,358,持分移轉,01330000
RPPVNLPLOHGGFCF88CB,斯馨段,37.73,都市：住,100000,378,持分移轉,01330000
RPRVNLPLOHGGFCF09CB,斯馨段,37.83,都市：住,100000,379,持分移轉,01330000
RPQVNLPLOHGGFCF98CB,斯馨段,37.63,都市：住,100000,377,持分移轉,01330000
RPSVNLPLOHGGFCF56CB,斯馨段,37.83,都市：住,100000,379,持分移轉,01330000
RPTVNLPLOHGGFCF66CB,斯馨段,37.83,都市：住,100000,379,持分移轉,01330000
RPUVNLPLOHGGFCF76CB,斯馨段,35.53,都市：住,100000,356,持分移轉,01330000
RPVVNLPLOHGGFCF86CB,斯馨段,37.53,都市：住,100000,376,持分移轉,01330000
RPOWNLPLOHGGFCF88CB,斯馨段,30.53,都市：住,10000,64,持分移轉,00490000
RPQWNLPLOHGGFCF09CB,斯馨段,29.58,都市：住,10000,62,持分移轉,00490000
RPWVNLPLOHGGFCF96CB,斯馨段,37.43,都市：住,100000,375,持分移轉,01330000
RPPWNLPLOHGGFCF98CB,斯馨段,37.53,都市：住,100000,376,持分移轉,01330000
RPXVNLPLOHGGFCF07CB,斯馨段,37.53,都市：住,100000,376,持分移轉,01330000
RPRWNLPLOHGGFCF56CB,斯馨段,29.58,都市：住,10000,62,持分移轉,00490000
RPSWNLPLOHGGFCF66CB,斯馨段,29.58,都市：住,10000,62,持分移轉,00490000
RPTWNLPLOHGGFCF76CB,斯馨段,35.53,都市：住,100000,356,持分移轉,01330000
RPVWNLPLOHGGFCF96CB,斯馨段,29.58,都市：住,10000,62,持分移轉,00490000
RPUWNLPLOHGGFCF86CB,斯馨段,29.58,都市：住,10000,62,持分移轉,00490000
RPONOLPLOHGGFCF08CB,斯馨段,29.58,都市：住,10000,62,持分移轉,00490000
RPRNOLPLOHGGFCF38CB,斯馨段,37.53,都市：住,100000,376,持分移轉,01330000
RPPNOLPLOHGGFCF18CB,斯馨段,29.58,都市：住,10000,62,持分移轉,00490000
RPXWNLPLOHGGFCF17CB,斯馨段,37.43,都市：住,100000,375,持分移轉,01330000
RPSNOLPLOHGGFCF48CB,斯馨段,30.05,都市：住,10000,63,持分移轉,00490000
RPUNOLPLOHGGFCF68CB,斯馨段,30.53,都市：住,10000,64,持分移轉,00490000
RPTNOLPLOHGGFCF58CB,斯馨段,35.53,都市：住,100000,356,持分移轉,01330000
RPVNOLPLOHGGFCF78CB,斯馨段,29.58,都市：住,10000,62,持分移轉,00490000
RPWNOLPLOHGGFCF88CB,斯馨段,37.53,都市：住,100000,376,持分移轉,01330000
RPOOOLPLOHGGFCF18CB,斯馨段,29.58,都市：住,10000,62,持分移轉,00490000
RPQOOLPLOHGGFCF38CB,斯馨段,36.03,都市：住,100000,361,持分移轉,01330000
RPXNOLPLOHGGFCF98CB,斯馨段,29.58,都市：住,10000,62,持分移轉,00490000
RPPOOLPLOHGGFCF28CB,斯馨段,29.58,都市：住,10000,62,持分移轉,00490000
RPROOLPLOHGGFCF48CB,斯馨段,29.58,都市：住,10000,62,持分移轉,00490000
RPQNOLPLOHGGFCF28CB,斯馨段,29.58,都市：住,10000,62,持分移轉,00490000
RPTOOLPLOHGGFCF68CB,斯馨段,29.58,都市：住,10000,62,持分移轉,00490000
RPUOOLPLOHGGFCF78CB,斯馨段,30.05,都市：住,10000,63,持分移轉,00490000
RPVOOLPLOHGGFCF88CB,斯馨段,30.05,都市：住,10000,63,持分移轉,00490000
RPXOOLPLOHGGFCF09CB,斯馨段,35.23,都市：住,100000,353,持分移轉,01330000
RPPPOLPLOHGGFCF38CB,斯馨段,33.24,都市：住,100000,333,持分移轉,01330000
RPOPOLPLOHGGFCF28CB,斯馨段,35.23,都市：住,100000,353,持分移轉,01330000
RPWOOLPLOHGGFCF98CB,斯馨段,30.53,都市：住,10000,64,持分移轉,00490000
RPSPOLPLOHGGFCF68CB,斯馨段,35.13,都市：住,100000,352,持分移轉,01330000
RPPQOLPLOHGGFCF48CB,斯馨段,35.23,都市：住,100000,353,持分移轉,01330000
RPVPOLPLOHGGFCF98CB,斯馨段,33.24,都市：住,100000,333,持分移轉,01330000
RPWQOLPLOHGGFCF56CB,斯馨段,30.05,都市：住,10000,63,持分移轉,00490000
RPUQOLPLOHGGFCF98CB,斯馨段,35.23,都市：住,100000,353,持分移轉,01330000
RPXQOLPLOHGGFCF66CB,斯馨段,30.05,都市：住,10000,63,持分移轉,00490000
RPPROLPLOHGGFCF58CB,斯馨段,36.73,都市：住,10000,77,持分移轉,00490000
RPQROLPLOHGGFCF68CB,斯馨段,36.73,都市：住,10000,77,持分移轉,00490000
RPTROLPLOHGGFCF98CB,斯馨段,36.73,都市：住,10000,77,持分移轉,00490000
RPUROLPLOHGGFCF09CB,斯馨段,26.85,都市：住,100000,269,持分移轉,01330000
RPSROLPLOHGGFCF88CB,斯馨段,36.73,都市：住,10000,77,持分移轉,00490000
RPVROLPLOHGGFCF56CB,斯馨段,36.73,都市：住,10000,77,持分移轉,00490000
RPOSOLPLOHGGFCF58CB,斯馨段,37.21,都市：住,10000,78,持分移轉,00490000
RPXROLPLOHGGFCF76CB,斯馨段,37.21,都市：住,10000,78,持分移轉,00490000
RPPSOLPLOHGGFCF68CB,斯馨段,26.95,都市：住,100000,270,持分移轉,01330000
RPQSOLPLOHGGFCF78CB,斯馨段,37.21,都市：住,10000,78,持分移轉,00490000
RPTSOLPLOHGGFCF09CB,斯馨段,26.85,都市：住,100000,269,持分移轉,01330000
RPSSOLPLOHGGFCF98CB,斯馨段,28.94,都市：住,100000,290,持分移轉,01330000
RPUSOLPLOHGGFCF56CB,斯馨段,26.85,都市：住,100000,269,持分移轉,01330000
RPWSOLPLOHGGFCF76CB,斯馨段,36.25,都市：住,10000,76,持分移轉,00490000
RPVSOLPLOHGGFCF66CB,斯馨段,36.73,都市：住,10000,77,持分移轉,00490000
RPOTOLPLOHGGFCF68CB,斯馨段,36.73,都市：住,10000,77,持分移轉,00490000
RPPTOLPLOHGGFCF78CB,斯馨段,36.73,都市：住,10000,77,持分移轉,00490000
RPXSOLPLOHGGFCF86CB,斯馨段,26.85,都市：住,100000,269,持分移轉,01330000
RPQTOLPLOHGGFCF88CB,斯馨段,28.84,都市：住,100000,289,持分移轉,01330000
RPSTOLPLOHGGFCF09CB,斯馨段,19.26,都市：住,100000,193,持分移轉,01330000
RPVTOLPLOHGGFCF76CB,斯馨段,37.21,都市：住,10000,78,持分移轉,00490000
RPRTOLPLOHGGFCF98CB,斯馨段,36.73,都市：住,10000,77,持分移轉,00490000
RPTTOLPLOHGGFCF56CB,斯馨段,36.73,都市：住,10000,77,持分移轉,00490000
RPWTOLPLOHGGFCF86CB,斯馨段,19.26,都市：住,100000,193,持分移轉,01330000
RPXTOLPLOHGGFCF96CB,斯馨段,37.21,都市：住,10000,78,持分移轉,00490000
RPOUOLPLOHGGFCF78CB,斯馨段,37.21,都市：住,10000,78,持分移轉,00490000
RPPUOLPLOHGGFCF88CB,斯馨段,19.26,都市：住,100000,193,持分移轉,01330000
RPRUOLPLOHGGFCF09CB,斯馨段,36.73,都市：住,10000,77,持分移轉,00490000
RPQUOLPLOHGGFCF98CB,斯馨段,19.26,都市：住,100000,193,持分移轉,01330000
RPTUOLPLOHGGFCF66CB,斯馨段,36.73,都市：住,10000,77,持分移轉,00490000
RPSUOLPLOHGGFCF56CB,斯馨段,36.73,都市：住,10000,77,持分移轉,00490000
RPUUOLPLOHGGFCF76CB,斯馨段,19.26,都市：住,100000,193,持分移轉,01330000
RPWUOLPLOHGGFCF96CB,斯馨段,36.73,都市：住,10000,77,持分移轉,00490000
RPPVOLPLOHGGFCF98CB,斯馨段,36.73,都市：住,10000,77,持分移轉,00490000
RPXUOLPLOHGGFCF07CB,斯馨段,19.26,都市：住,100000,193,持分移轉,01330000
RPOVOLPLOHGGFCF88CB,斯馨段,36.73,都市：住,10000,77,持分移轉,00490000
RPRVOLPLOHGGFCF56CB,斯馨段,36.73,都市：住,10000,77,持分移轉,00490000
RPSVOLPLOHGGFCF66CB,斯馨段,19.26,都市：住,100000,193,持分移轉,01330000
RPTVOLPLOHGGFCF76CB,斯馨段,36.73,都市：住,10000,77,持分移轉,00490000
RPUVOLPLOHGGFCF86CB,斯馨段,36.73,都市：住,10000,77,持分移轉,00490000
RPXVOLPLOHGGFCF17CB,斯馨段,17.27,都市：住,100000,173,持分移轉,01330000
RPWVOLPLOHGGFCF07CB,斯馨段,36.73,都市：住,10000,77,持分移轉,00490000
RPOWOLPLOHGGFCF98CB,斯馨段,19.26,都市：住,100000,193,持分移轉,01330000
RPPWOLPLOHGGFCF09CB,斯馨段,26.24,都市：住,10000,55,持分移轉,00490000
RPQWOLPLOHGGFCF56CB,斯馨段,21.26,都市：住,100000,213,持分移轉,01330000
RPTWOLPLOHGGFCF86CB,斯馨段,26.24,都市：住,10000,55,持分移轉,00490000
RPSWOLPLOHGGFCF76CB,斯馨段,26.24,都市：住,10000,55,持分移轉,00490000
RPUWOLPLOHGGFCF96CB,斯馨段,19.26,都市：住,100000,193,持分移轉,01330000
RPWWOLPLOHGGFCF17CB,斯馨段,26.24,都市：住,10000,55,持分移轉,00490000
RPXWOLPLOHGGFCF27CB,斯馨段,26.24,都市：住,10000,55,持分移轉,00490000
RPONPLPLOHGGFCF18CB,斯馨段,24.85,都市：住,100000,249,持分移轉,01330000
RPQNPLPLOHGGFCF38CB,斯馨段,24.85,都市：住,100000,249,持分移轉,01330000
RPRNPLPLOHGGFCF48CB,斯馨段,37.21,都市：住,10000,78,持分移轉,00490000
RPTNPLPLOHGGFCF68CB,斯馨段,24.85,都市：住,100000,249,持分移轉,01330000
RPSNPLPLOHGGFCF58CB,斯馨段,36.73,都市：住,10000,77,持分移轉,00490000
RPXNPLPLOHGGFCF09CB,斯馨段,24.85,都市：住,100000,249,持分移轉,01330000
RPWNPLPLOHGGFCF98CB,斯馨段,24.85,都市：住,100000,249,持分移轉,01330000
RPUNPLPLOHGGFCF78CB,斯馨段,36.73,都市：住,10000,77,持分移轉,00490000
RPVNPLPLOHGGFCF88CB,斯馨段,43.41,都市：住,10000,91,持分移轉,00490000
RPOOPLPLOHGGFCF28CB,斯馨段,24.75,都市：住,100000,248,持分移轉,01330000
RPPOPLPLOHGGFCF38CB,斯馨段,26.85,都市：住,100000,269,持分移轉,01330000
RPQOPLPLOHGGFCF48CB,斯馨段,24.85,都市：住,100000,249,持分移轉,01330000
RPROPLPLOHGGFCF58CB,斯馨段,25.76,都市：住,10000,54,持分移轉,00490000
RPSOPLPLOHGGFCF68CB,斯馨段,31.94,都市：住,100000,320,持分移轉,01330000
RPTOPLPLOHGGFCF78CB,斯馨段,26.24,都市：住,10000,55,持分移轉,00490000
RPUOPLPLOHGGFCF88CB,斯馨段,26.24,都市：住,10000,55,持分移轉,00490000
RPVOPLPLOHGGFCF98CB,斯馨段,27.75,都市：住,100000,278,持分移轉,01330000
RPXOPLPLOHGGFCF56CB,斯馨段,26.24,都市：住,10000,55,持分移轉,00490000
RPOPPLPLOHGGFCF38CB,斯馨段,26.24,都市：住,10000,55,持分移轉,00490000
RPPPPLPLOHGGFCF48CB,斯馨段,26.24,都市：住,10000,55,持分移轉,00490000
RPQPPLPLOHGGFCF58CB,斯馨段,29.84,都市：住,100000,299,持分移轉,01330000
RPRPPLPLOHGGFCF68CB,斯馨段,26.24,都市：住,10000,55,持分移轉,00490000
RPUPPLPLOHGGFCF98CB,斯馨段,27.85,都市：住,100000,279,持分移轉,01330000
RPWPPLPLOHGGFCF56CB,斯馨段,26.24,都市：住,10000,55,持分移轉,00490000
RPWQPLPLOHGGFCF66CB,斯馨段,26.24,都市：住,10000,55,持分移轉,00490000
RPXPPLPLOHGGFCF66CB,斯馨段,29.84,都市：住,100000,299,持分移轉,01330000
RPOQPLPLOHGGFCF48CB,斯馨段,24.85,都市：住,100000,249,持分移轉,01330000
RPXQPLPLOHGGFCF76CB,斯馨段,26.24,都市：住,10000,55,持分移轉,00490000
RPQRPLPLOHGGFCF78CB,斯馨段,18.60,都市：住,10000,39,持分移轉,00490000
RPPRPLPLOHGGFCF68CB,斯馨段,18.13,都市：住,10000,38,持分移轉,00490000
RPSRPLPLOHGGFCF98CB,斯馨段,18.60,都市：住,10000,39,持分移轉,00490000
RPRRPLPLOHGGFCF88CB,斯馨段,18.60,都市：住,10000,39,持分移轉,00490000
RPTRPLPLOHGGFCF09CB,斯馨段,18.60,都市：住,10000,39,持分移轉,00490000
RPVRPLPLOHGGFCF66CB,斯馨段,18.60,都市：住,10000,39,持分移轉,00490000
RPWRPLPLOHGGFCF76CB,斯馨段,18.60,都市：住,10000,39,持分移轉,00490000
RPPSPLPLOHGGFCF78CB,斯馨段,18.60,都市：住,10000,39,持分移轉,00490000
RPXRPLPLOHGGFCF86CB,斯馨段,18.60,都市：住,10000,39,持分移轉,00490000
RPSSPLPLOHGGFCF09CB,斯馨段,25.76,都市：住,10000,54,持分移轉,00490000
RPRSPLPLOHGGFCF98CB,斯馨段,18.60,都市：住,10000,39,持分移轉,00490000
RPTSPLPLOHGGFCF56CB,斯馨段,26.24,都市：住,10000,55,持分移轉,00490000
RPUSPLPLOHGGFCF66CB,斯馨段,26.24,都市：住,10000,55,持分移轉,00490000
RPVSPLPLOHGGFCF76CB,斯馨段,26.24,都市：住,10000,55,持分移轉,00490000
RPWSPLPLOHGGFCF86CB,斯馨段,26.24,都市：住,10000,55,持分移轉,00490000
RPXSPLPLOHGGFCF96CB,斯馨段,26.24,都市：住,10000,55,持分移轉,00490000
RPOTPLPLOHGGFCF78CB,斯馨段,26.24,都市：住,10000,55,持分移轉,00490000
RPPTPLPLOHGGFCF88CB,斯馨段,26.24,都市：住,10000,55,持分移轉,00490000
RPRTPLPLOHGGFCF09CB,斯馨段,26.24,都市：住,10000,55,持分移轉,00490000
RPTTPLPLOHGGFCF66CB,斯馨段,25.76,都市：住,10000,54,持分移轉,00490000
RPUTPLPLOHGGFCF76CB,斯馨段,26.24,都市：住,10000,55,持分移轉,00490000
RPSTPLPLOHGGFCF56CB,斯馨段,26.24,都市：住,10000,55,持分移轉,00490000
RPWTPLPLOHGGFCF96CB,斯馨段,26.24,都市：住,10000,55,持分移轉,00490000
RPVTPLPLOHGGFCF86CB,斯馨段,26.24,都市：住,10000,55,持分移轉,00490000
RPXTPLPLOHGGFCF07CB,斯馨段,26.24,都市：住,10000,55,持分移轉,00490000
RPQUPLPLOHGGFCF09CB,斯馨段,26.24,都市：住,10000,55,持分移轉,00490000
RPOUPLPLOHGGFCF88CB,斯馨段,26.24,都市：住,10000,55,持分移轉,00490000
RPRUPLPLOHGGFCF56CB,斯馨段,26.24,都市：住,10000,55,持分移轉,00490000
RPSUPLPLOHGGFCF66CB,斯馨段,26.24,都市：住,10000,55,持分移轉,00490000
RPTUPLPLOHGGFCF76CB,斯馨段,26.24,都市：住,10000,55,持分移轉,00490000
RPUUPLPLOHGGFCF86CB,斯馨段,26.24,都市：住,10000,55,持分移轉,00490000
RPVUPLPLOHGGFCF96CB,斯馨段,26.24,都市：住,10000,55,持分移轉,00490000
RPWUPLPLOHGGFCF07CB,斯馨段,26.24,都市：住,10000,55,持分移轉,00490000
RPXUPLPLOHGGFCF17CB,斯馨段,26.24,都市：住,10000,55,持分移轉,00490000
RPOVPLPLOHGGFCF98CB,斯馨段,26.24,都市：住,10000,55,持分移轉,00490000
RPRVPLPLOHGGFCF66CB,斯馨段,26.24,都市：住,10000,55,持分移轉,00490000
RPSVPLPLOHGGFCF76CB,斯馨段,26.24,都市：住,10000,55,持分移轉,00490000
RPPVPLPLOHGGFCF09CB,斯馨段,26.24,都市：住,10000,55,持分移轉,00490000
RPUVPLPLOHGGFCF96CB,斯馨段,26.24,都市：住,10000,55,持分移轉,00490000
RPWVPLPLOHGGFCF17CB,斯馨段,18.60,都市：住,10000,39,持分移轉,00490000
RPVVPLPLOHGGFCF07CB,斯馨段,26.24,都市：住,10000,55,持分移轉,00490000
RPXVPLPLOHGGFCF27CB,斯馨段,18.60,都市：住,10000,39,持分移轉,00490000
RPOWPLPLOHGGFCF09CB,斯馨段,18.60,都市：住,10000,39,持分移轉,00490000
RPPWPLPLOHGGFCF56CB,斯馨段,18.60,都市：住,10000,39,持分移轉,00490000
RPQWPLPLOHGGFCF66CB,斯馨段,18.60,都市：住,10000,39,持分移轉,00490000
RPRWPLPLOHGGFCF76CB,斯馨段,26.24,都市：住,10000,55,持分移轉,00490000
RPTWPLPLOHGGFCF96CB,斯馨段,26.24,都市：住,10000,55,持分移轉,00490000
RPSWPLPLOHGGFCF86CB,斯馨段,26.24,都市：住,10000,55,持分移轉,00490000
RPUWPLPLOHGGFCF07CB,斯馨段,26.24,都市：住,10000,55,持分移轉,00490000
RPVWPLPLOHGGFCF17CB,斯馨段,16.22,都市：住,10000,34,持分移轉,00490000
RPXWPLPLOHGGFCF37CB,斯馨段,18.13,都市：住,10000,38,持分移轉,00490000
RPWWPLPLOHGGFCF27CB,斯馨段,18.13,都市：住,10000,38,持分移轉,00490000
RPPNQLPLOHGGFCF38CB,斯馨段,18.60,都市：住,10000,39,持分移轉,00490000
RPONQLPLOHGGFCF28CB,斯馨段,18.13,都市：住,10000,38,持分移轉,00490000
RPQNQLPLOHGGFCF48CB,斯馨段,18.60,都市：住,10000,39,持分移轉,00490000
RPRNQLPLOHGGFCF58CB,斯馨段,18.60,都市：住,10000,39,持分移轉,00490000
RPUNQLPLOHGGFCF88CB,斯馨段,18.60,都市：住,10000,39,持分移轉,00490000
RPTNQLPLOHGGFCF78CB,斯馨段,18.60,都市：住,10000,39,持分移轉,00490000
RPSNQLPLOHGGFCF68CB,斯馨段,18.60,都市：住,10000,39,持分移轉,00490000
RPVNQLPLOHGGFCF98CB,斯馨段,18.60,都市：住,10000,39,持分移轉,00490000
RPXNQLPLOHGGFCF56CB,斯馨段,26.24,都市：住,10000,55,持分移轉,00490000
RPWNQLPLOHGGFCF09CB,斯馨段,18.60,都市：住,10000,39,持分移轉,00490000
RPPOQLPLOHGGFCF48CB,斯馨段,26.24,都市：住,10000,55,持分移轉,00490000
RPOOQLPLOHGGFCF38CB,斯馨段,26.24,都市：住,10000,55,持分移轉,00490000
RPQOQLPLOHGGFCF58CB,斯馨段,26.24,都市：住,10000,55,持分移轉,00490000
RPTOQLPLOHGGFCF88CB,斯馨段,26.24,都市：住,10000,55,持分移轉,00490000
RPROQLPLOHGGFCF68CB,斯馨段,26.24,都市：住,10000,55,持分移轉,00490000
RPSOQLPLOHGGFCF78CB,斯馨段,26.24,都市：住,10000,55,持分移轉,00490000
RPXOQLPLOHGGFCF66CB,斯馨段,26.24,都市：住,10000,55,持分移轉,00490000
RPVOQLPLOHGGFCF09CB,斯馨段,26.24,都市：住,10000,55,持分移轉,00490000
RPOPQLPLOHGGFCF48CB,斯馨段,26.24,都市：住,10000,55,持分移轉,00490000
RPQPQLPLOHGGFCF68CB,斯馨段,26.24,都市：住,10000,55,持分移轉,00490000
RPPPQLPLOHGGFCF58CB,斯馨段,26.24,都市：住,10000,55,持分移轉,00490000
RPRPQLPLOHGGFCF78CB,斯馨段,26.24,都市：住,10000,55,持分移轉,00490000
RPSPQLPLOHGGFCF88CB,斯馨段,26.24,都市：住,10000,55,持分移轉,00490000
RPTPQLPLOHGGFCF98CB,斯馨段,26.24,都市：住,10000,55,持分移轉,00490000
RPUPQLPLOHGGFCF09CB,斯馨段,26.24,都市：住,10000,55,持分移轉,00490000
RPUNMLQLOHGGFHF09CB,廟美段,11.47,都市：住,100000,988,持分移轉,02760000
RPTNMLQLOHGGFHF98CB,廟美段,11.47,都市：住,100000,988,持分移轉,02760000
RPWNMLQLOHGGFHF66CB,廟美段,11.47,都市：住,100000,988,持分移轉,02760000
RPVNMLQLOHGGFHF56CB,廟美段,11.47,都市：住,100000,988,持分移轉,02760000
RPXNMLQLOHGGFHF76CB,廟美段,11.47,都市：住,100000,988,持分移轉,02760000
RPROMLQLOHGGFHF88CB,廟美段,11.48,都市：住,100000,989,持分移轉,02760000
RPOOMLQLOHGGFHF58CB,廟美段,11.47,都市：住,100000,988,持分移轉,02760000
RPSOMLQLOHGGFHF98CB,廟美段,17.12,都市：住,100000,1474,持分移轉,02760000
RPPNMLQLOHGGFIF68CB,鳳鳴段,22.69,都市：住,100000,802,持分移轉,00050000
RPTOMLQLOHGGFHF09CB,廟美段,17.12,都市：住,100000,1474,持分移轉,02760000
RPSNMLQLOHGGFIF98CB,鳳鳴段,22.69,都市：住,100000,802,持分移轉,00050000
RPQNMLQLOHGGFIF78CB,鳳鳴段,22.69,都市：住,100000,802,持分移轉,00050000
RPUNMLQLOHGGFIF56CB,鳳鳴段,22.69,都市：住,100000,802,持分移轉,00050000
RPVOMLQLOHGGFHF66CB,廟美段,17.12,都市：住,100000,1474,持分移轉,02760000
RPVNMLQLOHGGFIF66CB,鳳鳴段,22.69,都市：住,100000,802,持分移轉,00050000
RPWNMLQLOHGGFIF76CB,鳳鳴段,22.69,都市：住,100000,802,持分移轉,00050000
RPXNMLQLOHGGFIF86CB,鳳鳴段,22.69,都市：住,100000,802,持分移轉,00050000
RPOOMLQLOHGGFIF68CB,鳳鳴段,22.69,都市：住,100000,802,持分移轉,00050000
RPSVMLQLOHGGFIF17CB,鳳鳴段,22.69,都市：住,100000,802,持分移轉,00050000
RPPOMLQLOHGGFIF78CB,鳳鳴段,22.69,都市：住,100000,802,持分移轉,00050000
RPOONLQLOHGGFIF78CB,鳳鳴段,22.69,都市：住,100000,802,持分移轉,00050000
RPPONLQLOHGGFIF88CB,鳳鳴段,20.80,都市：住,100000,735,持分移轉,00050000
RPQONLQLOHGGFIF98CB,鳳鳴段,20.80,都市：住,100000,735,持分移轉,00050000
RPRONLQLOHGGFIF09CB,鳳鳴段,20.80,都市：住,100000,735,持分移轉,00050000
RPSONLQLOHGGFIF56CB,鳳鳴段,20.80,都市：住,100000,735,持分移轉,00050000
RPTONLQLOHGGFIF66CB,鳳鳴段,20.80,都市：住,100000,735,持分移轉,00050000
RPWNMLQLOHGGFBF68CB,力行段,14.05,都市：商,100000,711,持分移轉,02110000
RPXNMLQLOHGGFBF78CB,力行段,14.05,都市：商,100000,711,持分移轉,02110000
RPPOMLQLOHGGFBF08CB,力行段,14.05,都市：商,100000,711,持分移轉,02110000
RPROMLQLOHGGFBF28CB,力行段,14.05,都市：商,100000,711,持分移轉,02110000
RPTOMLQLOHGGFBF48CB,力行段,14.05,都市：商,100000,711,持分移轉,02110000
RPQOMLQLOHGGFBF18CB,力行段,13.93,都市：商,100000,705,持分移轉,02110000
RPSOMLQLOHGGFBF38CB,力行段,13.93,都市：商,100000,705,持分移轉,02110000
RPUOMLQLOHGGFBF58CB,力行段,14.05,都市：商,100000,711,持分移轉,02110000
RPVOMLQLOHGGFBF68CB,力行段,14.05,都市：商,100000,711,持分移轉,02110000
RPXOMLQLOHGGFBF88CB,力行段,14.05,都市：商,100000,711,持分移轉,02110000
RPPPMLQLOHGGFBF18CB,力行段,11.64,都市：商,100000,589,持分移轉,02110000
RPOPMLQLOHGGFBF08CB,力行段,11.64,都市：商,100000,589,持分移轉,02110000
RPQPMLQLOHGGFBF28CB,力行段,10.02,都市：商,100000,507,持分移轉,02110000
RPRPMLQLOHGGFBF38CB,力行段,10.13,都市：商,100000,513,持分移轉,02110000
RPSPMLQLOHGGFBF48CB,力行段,13.93,都市：商,100000,705,持分移轉,02110000
RPVPMLQLOHGGFBF78CB,力行段,16.06,都市：商,100000,813,持分移轉,02110000
RPUPMLQLOHGGFBF68CB,力行段,16.65,都市：商,100000,843,持分移轉,02110000
RPTPMLQLOHGGFBF58CB,力行段,8.99,都市：商,100000,455,持分移轉,02110000
RPXPMLQLOHGGFBF98CB,力行段,15.33,都市：商,100000,776,持分移轉,02110000
RPOQMLQLOHGGFBF18CB,力行段,15.33,都市：商,100000,776,持分移轉,02110000
RPPQMLQLOHGGFBF28CB,力行段,15.21,都市：商,100000,770,持分移轉,02110000
RPRQMLQLOHGGFBF48CB,力行段,15.33,都市：商,100000,776,持分移轉,02110000
RPQQMLQLOHGGFBF38CB,力行段,15.33,都市：商,100000,776,持分移轉,02110000
RPSQMLQLOHGGFBF58CB,力行段,15.33,都市：商,100000,776,持分移轉,02110000
RPTQMLQLOHGGFBF68CB,力行段,15.33,都市：商,100000,776,持分移轉,02110000
RPUQMLQLOHGGFBF78CB,力行段,15.33,都市：商,100000,776,持分移轉,02110000
RPVQMLQLOHGGFBF88CB,力行段,15.33,都市：商,100000,776,持分移轉,02110000
RPSRMLQLOHGGFBF68CB,力行段,15.61,都市：商,100000,790,持分移轉,02110000
RPTRMLQLOHGGFBF78CB,力行段,15.33,都市：商,100000,776,持分移轉,02110000
RPRRMLQLOHGGFBF58CB,力行段,15.33,都市：商,100000,776,持分移轉,02110000
RPURMLQLOHGGFBF88CB,力行段,15.23,都市：商,100000,771,持分移轉,02110000
RPVRMLQLOHGGFBF98CB,力行段,14.36,都市：商,100000,727,持分移轉,02110000
RPWRMLQLOHGGFBF09CB,力行段,14.36,都市：商,100000,727,持分移轉,02110000
RPXRMLQLOHGGFBF56CB,力行段,14.36,都市：商,100000,727,持分移轉,02110000
RPOSMLQLOHGGFBF38CB,力行段,14.36,都市：商,100000,727,持分移轉,02110000
RPPSMLQLOHGGFBF48CB,力行段,14.36,都市：商,100000,727,持分移轉,02110000
RPQSMLQLOHGGFBF58CB,力行段,15.23,都市：商,100000,771,持分移轉,02110000
RPTSMLQLOHGGFBF88CB,力行段,14.36,都市：商,100000,727,持分移轉,02110000
RPSSMLQLOHGGFBF78CB,力行段,14.36,都市：商,100000,727,持分移轉,02110000
RPUSMLQLOHGGFBF98CB,力行段,14.36,都市：商,100000,727,持分移轉,02110000
RPXSMLQLOHGGFBF66CB,力行段,8.06,都市：商,100000,408,持分移轉,02110000
RPWSMLQLOHGGFBF56CB,力行段,8.06,都市：商,100000,408,持分移轉,02110000
RPOTMLQLOHGGFBF48CB,力行段,8.06,都市：商,100000,408,持分移轉,02110000
RPQTMLQLOHGGFBF68CB,力行段,8.06,都市：商,100000,408,持分移轉,02110000
RPRTMLQLOHGGFBF78CB,力行段,8.06,都市：商,100000,408,持分移轉,02110000
RPUTMLQLOHGGFBF09CB,力行段,8.57,都市：商,100000,434,持分移轉,02110000
RPWTMLQLOHGGFBF66CB,力行段,8.57,都市：商,100000,434,持分移轉,02110000
RPVTMLQLOHGGFBF56CB,力行段,8.57,都市：商,100000,434,持分移轉,02110000
RPQUMLQLOHGGFBF78CB,力行段,14.50,都市：商,100000,734,持分移轉,02110000
RPOUMLQLOHGGFBF58CB,力行段,8.57,都市：商,100000,434,持分移轉,02110000
RPXTMLQLOHGGFBF76CB,力行段,8.57,都市：商,100000,434,持分移轉,02110000
RPPUMLQLOHGGFBF68CB,力行段,8.57,都市：商,100000,434,持分移轉,02110000
RPRUMLQLOHGGFBF88CB,力行段,15.15,都市：商,100000,767,持分移轉,02110000
RPSUMLQLOHGGFBF98CB,力行段,15.27,都市：商,100000,773,持分移轉,02110000
RPTUMLQLOHGGFBF09CB,力行段,8.57,都市：商,100000,434,持分移轉,02110000
RPUUMLQLOHGGFBF56CB,力行段,14.50,都市：商,100000,734,持分移轉,02110000
RPVUMLQLOHGGFBF66CB,力行段,14.50,都市：商,100000,734,持分移轉,02110000
RPWUMLQLOHGGFBF76CB,力行段,14.50,都市：商,100000,734,持分移轉,02110000
RPXUMLQLOHGGFBF86CB,力行段,14.38,都市：商,100000,728,持分移轉,02110000
RPOVMLQLOHGGFBF68CB,力行段,14.50,都市：商,100000,734,持分移轉,02110000
RPPVMLQLOHGGFBF78CB,力行段,14.50,都市：商,100000,734,持分移轉,02110000
RPSVMLQLOHGGFBF09CB,力行段,14.90,都市：商,100000,754,持分移轉,02110000
RPRVMLQLOHGGFBF98CB,力行段,12.45,都市：商,100000,630,持分移轉,02110000
RPUVMLQLOHGGFBF66CB,力行段,12.45,都市：商,100000,630,持分移轉,02110000
RPQVMLQLOHGGFBF88CB,力行段,12.33,都市：商,100000,624,持分移轉,02110000
RPVVMLQLOHGGFBF76CB,力行段,12.45,都市：商,100000,630,持分移轉,02110000
RPWVMLQLOHGGFBF86CB,力行段,12.45,都市：商,100000,630,持分移轉,02110000
RPOWMLQLOHGGFBF78CB,力行段,12.45,都市：商,100000,630,持分移轉,02110000
RPXVMLQLOHGGFBF96CB,力行段,12.45,都市：商,100000,630,持分移轉,02110000
RPPWMLQLOHGGFBF88CB,力行段,12.45,都市：商,100000,630,持分移轉,02110000
RPQWMLQLOHGGFBF98CB,力行段,12.45,都市：商,100000,630,持分移轉,02110000
RPSWMLQLOHGGFBF56CB,力行段,12.45,都市：商,100000,630,持分移轉,02110000
RPRWMLQLOHGGFBF09CB,力行段,12.45,都市：商,100000,630,持分移轉,02110000
RPUWMLQLOHGGFBF76CB,力行段,12.33,都市：商,100000,624,持分移轉,02110000
RPVWMLQLOHGGFBF86CB,力行段,12.33,都市：商,100000,624,持分移轉,02110000
RPWWMLQLOHGGFBF96CB,力行段,12.62,都市：商,100000,639,持分移轉,02110000
RPXWMLQLOHGGFBF07CB,力行段,12.62,都市：商,100000,639,持分移轉,02110000
RPONNLQLOHGGFBF97CB,力行段,9.54,都市：商,100000,483,持分移轉,02110000
RPPNNLQLOHGGFBF08CB,力行段,9.54,都市：商,100000,483,持分移轉,02110000
RPRNNLQLOHGGFBF28CB,力行段,17.23,都市：商,100000,872,持分移轉,02110000
RPQNNLQLOHGGFBF18CB,力行段,8.26,都市：商,100000,418,持分移轉,02110000
RPSNNLQLOHGGFBF38CB,力行段,17.21,都市：商,100000,871,持分移轉,02110000
RPTNNLQLOHGGFBF48CB,力行段,7.86,都市：商,100000,398,持分移轉,02110000
RPWNNLQLOHGGFBF78CB,力行段,8.38,都市：商,100000,424,持分移轉,02110000
RPXNNLQLOHGGFBF88CB,力行段,12.62,都市：商,100000,639,持分移轉,02110000
RPPONLQLOHGGFBF18CB,力行段,12.62,都市：商,100000,639,持分移轉,02110000
RPOONLQLOHGGFBF08CB,力行段,12.62,都市：商,100000,639,持分移轉,02110000
RPVNNLQLOHGGFBF68CB,力行段,8.26,都市：商,100000,418,持分移轉,02110000
RPQONLQLOHGGFBF28CB,力行段,12.62,都市：商,100000,639,持分移轉,02110000
RPSONLQLOHGGFBF48CB,力行段,12.62,都市：商,100000,639,持分移轉,02110000
RPRONLQLOHGGFBF38CB,力行段,12.62,都市：商,100000,639,持分移轉,02110000
RPTONLQLOHGGFBF58CB,力行段,12.62,都市：商,100000,639,持分移轉,02110000
RPUONLQLOHGGFBF68CB,力行段,12.62,都市：商,100000,639,持分移轉,02110000
RPVONLQLOHGGFBF78CB,力行段,12.62,都市：商,100000,639,持分移轉,02110000
RPPPNLQLOHGGFBF28CB,力行段,13.04,都市：商,100000,660,持分移轉,02110000
RPQPNLQLOHGGFBF38CB,力行段,13.04,都市：商,100000,660,持分移轉,02110000
RPRPNLQLOHGGFBF48CB,力行段,13.04,都市：商,100000,660,持分移轉,02110000
RPSPNLQLOHGGFBF58CB,力行段,13.04,都市：商,100000,660,持分移轉,02110000
RPUPNLQLOHGGFBF78CB,力行段,13.04,都市：商,100000,660,持分移轉,02110000
RPTPNLQLOHGGFBF68CB,力行段,13.04,都市：商,100000,660,持分移轉,02110000
RPWPNLQLOHGGFBF98CB,力行段,13.04,都市：商,100000,660,持分移轉,02110000
RPVPNLQLOHGGFBF88CB,力行段,13.04,都市：商,100000,660,持分移轉,02110000
RPPQNLQLOHGGFBF38CB,力行段,12.62,都市：商,100000,639,持分移轉,02110000
RPQQNLQLOHGGFBF48CB,力行段,13.04,都市：商,100000,660,持分移轉,02110000
RPXPNLQLOHGGFBF09CB,力行段,13.04,都市：商,100000,660,持分移轉,02110000
RPRQNLQLOHGGFBF58CB,力行段,13.04,都市：商,100000,660,持分移轉,02110000
RPSQNLQLOHGGFBF68CB,力行段,13.04,都市：商,100000,660,持分移轉,02110000
RPTQNLQLOHGGFBF78CB,力行段,13.04,都市：商,100000,660,持分移轉,02110000
RPUQNLQLOHGGFBF88CB,力行段,13.04,都市：商,100000,660,持分移轉,02110000
RPWQNLQLOHGGFBF09CB,力行段,13.95,都市：商,100000,706,持分移轉,02110000
RPVQNLQLOHGGFBF98CB,力行段,13.83,都市：商,100000,700,持分移轉,02110000
RPORNLQLOHGGFBF38CB,力行段,13.95,都市：商,100000,706,持分移轉,02110000
RPPRNLQLOHGGFBF48CB,力行段,13.95,都市：商,100000,706,持分移轉,02110000
RPRRNLQLOHGGFBF68CB,力行段,13.95,都市：商,100000,706,持分移轉,02110000
RPQRNLQLOHGGFBF58CB,力行段,14.46,都市：商,100000,732,持分移轉,02110000
RPSRNLQLOHGGFBF78CB,力行段,13.95,都市：商,100000,706,持分移轉,02110000
RPTRNLQLOHGGFBF88CB,力行段,13.95,都市：商,100000,706,持分移轉,02110000
RPVRNLQLOHGGFBF09CB,力行段,13.95,都市：商,100000,706,持分移轉,02110000
RPWRNLQLOHGGFBF56CB,力行段,13.95,都市：商,100000,706,持分移轉,02110000
RPOSNLQLOHGGFBF48CB,力行段,13.95,都市：商,100000,706,持分移轉,02110000
RPPSNLQLOHGGFBF58CB,力行段,11.87,都市：商,100000,601,持分移轉,02110000
RPXRNLQLOHGGFBF66CB,力行段,13.95,都市：商,100000,706,持分移轉,02110000
RPURNLQLOHGGFBF98CB,力行段,13.95,都市：商,100000,706,持分移轉,02110000
RPSSNLQLOHGGFBF88CB,力行段,11.87,都市：商,100000,601,持分移轉,02110000
RPQSNLQLOHGGFBF68CB,力行段,13.95,都市：商,100000,706,持分移轉,02110000
RPRSNLQLOHGGFBF78CB,力行段,11.87,都市：商,100000,601,持分移轉,02110000
RPTSNLQLOHGGFBF98CB,力行段,11.87,都市：商,100000,601,持分移轉,02110000
RPVSNLQLOHGGFBF56CB,力行段,11.87,都市：商,100000,601,持分移轉,02110000
RPWSNLQLOHGGFBF66CB,力行段,11.87,都市：商,100000,601,持分移轉,02110000
RPUSNLQLOHGGFBF09CB,力行段,11.87,都市：商,100000,601,持分移轉,02110000
RPXSNLQLOHGGFBF76CB,力行段,11.87,都市：商,100000,601,持分移轉,02110000
RPOTNLQLOHGGFBF58CB,力行段,11.87,都市：商,100000,601,持分移轉,02110000
RPSTNLQLOHGGFBF98CB,力行段,11.87,都市：商,100000,601,持分移轉,02110000
RPUTNLQLOHGGFBF56CB,力行段,7.88,都市：商,100000,399,持分移轉,02110000
RPTTNLQLOHGGFBF09CB,力行段,11.87,都市：商,100000,601,持分移轉,02110000
RPVTNLQLOHGGFBF66CB,力行段,7.88,都市：商,100000,399,持分移轉,02110000
RPQTNLQLOHGGFBF78CB,力行段,11.87,都市：商,100000,601,持分移轉,02110000
RPWTNLQLOHGGFBF76CB,力行段,7.88,都市：商,100000,399,持分移轉,02110000
RPPUNLQLOHGGFBF78CB,力行段,11.87,都市：商,100000,601,持分移轉,02110000
RPOUNLQLOHGGFBF68CB,力行段,7.88,都市：商,100000,399,持分移轉,02110000
RPRUNLQLOHGGFBF98CB,力行段,8.40,都市：商,100000,425,持分移轉,02110000
RPQUNLQLOHGGFBF88CB,力行段,7.88,都市：商,100000,399,持分移轉,02110000
RPSUNLQLOHGGFBF09CB,力行段,8.40,都市：商,100000,425,持分移轉,02110000
RPTUNLQLOHGGFBF56CB,力行段,8.40,都市：商,100000,425,持分移轉,02110000
RPVUNLQLOHGGFBF76CB,力行段,8.40,都市：商,100000,425,持分移轉,02110000
RPUUNLQLOHGGFBF66CB,力行段,8.40,都市：商,100000,425,持分移轉,02110000
RPWUNLQLOHGGFBF86CB,力行段,8.40,都市：商,100000,425,持分移轉,02110000
RPXUNLQLOHGGFBF96CB,力行段,8.40,都市：商,100000,425,持分移轉,02110000
RPOVNLQLOHGGFBF78CB,力行段,7.88,都市：商,100000,399,持分移轉,02110000
RPXQMLQLOHGGFAF98CB,明德段,26.51,都市：住,100000,796,持分移轉,03580000
RPORMLQLOHGGFAF18CB,明德段,26.51,都市：住,100000,796,持分移轉,03580000
RPPRMLQLOHGGFAF28CB,明德段,26.51,都市：住,100000,796,持分移轉,03580000
RPQRMLQLOHGGFAF38CB,明德段,26.51,都市：住,100000,796,持分移轉,03580000
RPRRMLQLOHGGFAF48CB,明德段,26.51,都市：住,100000,796,持分移轉,03580000
RPSRMLQLOHGGFAF58CB,明德段,26.51,都市：住,100000,796,持分移轉,03580000
RPTRMLQLOHGGFAF68CB,明德段,26.51,都市：住,100000,796,持分移轉,03580000
RPURMLQLOHGGFAF78CB,明德段,26.51,都市：住,100000,796,持分移轉,03580000
RPVRMLQLOHGGFAF88CB,明德段,26.51,都市：住,100000,796,持分移轉,03580000
RPXRMLQLOHGGFAF09CB,明德段,26.51,都市：住,100000,796,持分移轉,03580000
RPOSMLQLOHGGFAF28CB,明德段,26.51,都市：住,100000,796,持分移轉,03580000
RPRSMLQLOHGGFAF58CB,明德段,15.69,都市：住,100000,471,持分移轉,03580000
RPQSMLQLOHGGFAF48CB,明德段,15.69,都市：住,100000,471,持分移轉,03580000
RPWRMLQLOHGGFAF98CB,明德段,26.51,都市：住,100000,796,持分移轉,03580000
RPSSMLQLOHGGFAF68CB,明德段,15.69,都市：住,100000,471,持分移轉,03580000
RPTSMLQLOHGGFAF78CB,明德段,16.02,都市：住,100000,481,持分移轉,03580000
RPUSMLQLOHGGFAF88CB,明德段,15.69,都市：住,100000,471,持分移轉,03580000
RPWSMLQLOHGGFAF09CB,明德段,15.69,都市：住,100000,471,持分移轉,03580000
RPVSMLQLOHGGFAF98CB,明德段,15.69,都市：住,100000,471,持分移轉,03580000
RPXSMLQLOHGGFAF56CB,明德段,15.69,都市：住,100000,471,持分移轉,03580000
RPOTMLQLOHGGFAF38CB,明德段,15.69,都市：住,100000,471,持分移轉,03580000
RPSTMLQLOHGGFAF78CB,明德段,15.69,都市：住,100000,471,持分移轉,03580000
RPXTMLQLOHGGFAF66CB,明德段,15.69,都市：住,100000,471,持分移轉,03580000
RPPTMLQLOHGGFAF48CB,明德段,15.69,都市：住,100000,471,持分移轉,03580000
RPPUMLQLOHGGFAF58CB,明德段,15.69,都市：住,100000,471,持分移轉,03580000
RPOUMLQLOHGGFAF48CB,明德段,15.69,都市：住,100000,471,持分移轉,03580000
RPOOMLRLOHGGFAF97CB,明德段,18.28,都市：住,100000,549,持分移轉,03580000
RPQOMLRLOHGGFAF18CB,明德段,18.28,都市：住,100000,549,持分移轉,03580000
RPROMLRLOHGGFAF28CB,明德段,18.28,都市：住,100000,549,持分移轉,03580000
RPPOMLRLOHGGFAF08CB,明德段,18.28,都市：住,100000,549,持分移轉,03580000
RPTOMLRLOHGGFAF48CB,明德段,18.28,都市：住,100000,549,持分移轉,03580000
RPSOMLRLOHGGFAF38CB,明德段,18.28,都市：住,100000,549,持分移轉,03580000
RPWOMLRLOHGGFAF78CB,明德段,18.28,都市：住,100000,549,持分移轉,03580000
RPXOMLRLOHGGFAF88CB,明德段,18.28,都市：住,100000,549,持分移轉,03580000
RPOPMLRLOHGGFAF08CB,明德段,18.28,都市：住,100000,549,持分移轉,03580000
RPQPMLRLOHGGFAF28CB,明德段,18.28,都市：住,100000,549,持分移轉,03580000
RPRPMLRLOHGGFAF38CB,明德段,18.28,都市：住,100000,549,持分移轉,03580000
RPTPMLRLOHGGFAF58CB,明德段,18.28,都市：住,100000,549,持分移轉,03580000
RPUPMLRLOHGGFAF68CB,明德段,18.28,都市：住,100000,549,持分移轉,03580000
RPXPMLRLOHGGFAF98CB,明德段,18.28,都市：住,100000,549,持分移轉,03580000
RPRRMLRLOHGGFAF58CB,明德段,18.28,都市：住,100000,549,持分移轉,03580000
RPQQMLRLOHGGFAF38CB,明德段,18.28,都市：住,100000,549,持分移轉,03580000
RPPQMLRLOHGGFAF28CB,明德段,18.28,都市：住,100000,549,持分移轉,03580000
RPTRMLRLOHGGFAF78CB,明德段,18.28,都市：住,100000,549,持分移轉,03580000
RPPRMLRLOHGGFAF38CB,明德段,18.28,都市：住,100000,549,持分移轉,03580000
RPWPMLRLOHGGFAF88CB,明德段,18.28,都市：住,100000,549,持分移轉,03580000
RPURMLRLOHGGFAF88CB,明德段,18.28,都市：住,100000,549,持分移轉,03580000
RPVSMLRLOHGGFAF09CB,明德段,18.28,都市：住,100000,549,持分移轉,03580000
RPWRMLRLOHGGFAF09CB,明德段,18.28,都市：住,100000,549,持分移轉,03580000
RPOTMLRLOHGGFAF48CB,明德段,18.28,都市：住,100000,549,持分移轉,03580000
RPQTMLRLOHGGFAF68CB,明德段,18.28,都市：住,100000,549,持分移轉,03580000
RPTTMLRLOHGGFAF98CB,明德段,18.28,都市：住,100000,549,持分移轉,03580000
RPWTMLRLOHGGFAF66CB,明德段,15.69,都市：住,100000,471,持分移轉,03580000
RPSTMLRLOHGGFAF88CB,明德段,18.28,都市：住,100000,549,持分移轉,03580000
RPUTMLRLOHGGFAF09CB,明德段,18.28,都市：住,100000,549,持分移轉,03580000
RPOUMLRLOHGGFAF58CB,明德段,15.69,都市：住,100000,471,持分移轉,03580000
RPTUMLRLOHGGFAF09CB,明德段,15.69,都市：住,100000,471,持分移轉,03580000
RPVUMLRLOHGGFAF66CB,明德段,15.69,都市：住,100000,471,持分移轉,03580000
RPOWMLRLOHGGFAF78CB,明德段,15.69,都市：住,100000,471,持分移轉,03580000
RPXUMLRLOHGGFAF86CB,明德段,15.69,都市：住,100000,471,持分移轉,03580000
RPTVMLRLOHGGFAF56CB,明德段,15.69,都市：住,100000,471,持分移轉,03580000
RPPWMLRLOHGGFAF88CB,明德段,15.69,都市：住,100000,471,持分移轉,03580000
RPRWMLRLOHGGFAF09CB,明德段,15.69,都市：住,100000,471,持分移轉,03580000
RPQWMLRLOHGGFAF98CB,明德段,15.69,都市：住,100000,471,持分移轉,03580000
RPTWMLRLOHGGFAF66CB,明德段,15.69,都市：住,100000,471,持分移轉,03580000
RPVWMLRLOHGGFAF86CB,明德段,15.69,都市：住,100000,471,持分移轉,03580000
RPUWMLRLOHGGFAF76CB,明德段,15.69,都市：住,100000,471,持分移轉,03580000
RPPNNLRLOHGGFAF08CB,明德段,26.01,都市：住,100000,781,持分移轉,03580000
RPRNNLRLOHGGFAF28CB,明德段,26.01,都市：住,100000,781,持分移轉,03580000
RPXWMLRLOHGGFAF07CB,明德段,15.69,都市：住,100000,471,持分移轉,03580000
RPQNNLRLOHGGFAF18CB,明德段,26.01,都市：住,100000,781,持分移轉,03580000
RPUNNLRLOHGGFAF58CB,明德段,26.01,都市：住,100000,781,持分移轉,03580000
RPTNNLRLOHGGFAF48CB,明德段,26.01,都市：住,100000,781,持分移轉,03580000
RPVNNLRLOHGGFAF68CB,明德段,26.01,都市：住,100000,781,持分移轉,03580000
RPWNNLRLOHGGFAF78CB,明德段,26.34,都市：住,100000,791,持分移轉,03580000
RPXNNLRLOHGGFAF88CB,明德段,26.01,都市：住,100000,781,持分移轉,03580000
RPPONLRLOHGGFAF18CB,明德段,26.01,都市：住,100000,781,持分移轉,03580000
RPRONLRLOHGGFAF38CB,明德段,26.01,都市：住,100000,781,持分移轉,03580000
RPQONLRLOHGGFAF28CB,明德段,26.01,都市：住,100000,781,持分移轉,03580000
RPSONLRLOHGGFAF48CB,明德段,26.01,都市：住,100000,781,持分移轉,03580000
RPUONLRLOHGGFAF68CB,明德段,26.01,都市：住,100000,781,持分移轉,03580000
RPTONLRLOHGGFAF58CB,明德段,26.01,都市：住,100000,781,持分移轉,03580000
RPVONLRLOHGGFAF78CB,明德段,14.99,都市：住,100000,450,持分移轉,03580000
RPWONLRLOHGGFAF88CB,明德段,14.99,都市：住,100000,450,持分移轉,03580000
RPXONLRLOHGGFAF98CB,明德段,15.09,都市：住,100000,453,持分移轉,03580000
RPPPNLRLOHGGFAF28CB,明德段,15.09,都市：住,100000,453,持分移轉,03580000
RPOPNLRLOHGGFAF18CB,明德段,15.09,都市：住,100000,453,持分移轉,03580000
RPRPNLRLOHGGFAF48CB,明德段,15.09,都市：住,100000,453,持分移轉,03580000
RPQPNLRLOHGGFAF38CB,明德段,15.09,都市：住,100000,453,持分移轉,03580000
RPSPNLRLOHGGFAF58CB,明德段,15.09,都市：住,100000,453,持分移轉,03580000
RPUPNLRLOHGGFAF78CB,明德段,15.09,都市：住,100000,453,持分移轉,03580000
RPVPNLRLOHGGFAF88CB,明德段,15.09,都市：住,100000,453,持分移轉,03580000
RPWPNLRLOHGGFAF98CB,明德段,15.09,都市：住,100000,453,持分移轉,03580000
RPOQNLRLOHGGFAF28CB,明德段,15.09,都市：住,100000,453,持分移轉,03580000
RPXPNLRLOHGGFAF09CB,明德段,15.09,都市：住,100000,453,持分移轉,03580000
RPQQNLRLOHGGFAF48CB,明德段,12.62,都市：住,100000,379,持分移轉,03580000
RPPQNLRLOHGGFAF38CB,明德段,12.62,都市：住,100000,379,持分移轉,03580000
RPRQNLRLOHGGFAF58CB,明德段,12.62,都市：住,100000,379,持分移轉,03580000
RPSQNLRLOHGGFAF68CB,明德段,12.62,都市：住,100000,379,持分移轉,03580000
RPTQNLRLOHGGFAF78CB,明德段,12.62,都市：住,100000,379,持分移轉,03580000
RPUQNLRLOHGGFAF88CB,明德段,12.62,都市：住,100000,379,持分移轉,03580000
RPVQNLRLOHGGFAF98CB,明德段,12.62,都市：住,100000,379,持分移轉,03580000
RPPNMLRLOHGGFBF08CB,建林段,14.37,都市：住,10000,241,持分移轉,05850000
RPPNMLRLOHGGFBF08CB,建林段,4.40,都市：住,10000,241,持分移轉,05890000
RPPNMLRLOHGGFBF08CB,建林段,8.41,都市：住,10000,241,持分移轉,05900000
RPPNMLRLOHGGFBF08CB,建林段,13.50,都市：住,10000,241,持分移轉,05910000
RPRNMLRLOHGGFBF28CB,建林段,14.37,都市：住,10000,241,持分移轉,05850000
RPRNMLRLOHGGFBF28CB,建林段,4.40,都市：住,10000,241,持分移轉,05890000
RPRNMLRLOHGGFBF28CB,建林段,8.41,都市：住,10000,241,持分移轉,05900000
RPRNMLRLOHGGFBF28CB,建林段,13.50,都市：住,10000,241,持分移轉,05910000
RPSNMLRLOHGGFBF38CB,建林段,14.31,都市：住,10000,240,持分移轉,05850000
RPSNMLRLOHGGFBF38CB,建林段,4.39,都市：住,10000,240,持分移轉,05890000
RPSNMLRLOHGGFBF38CB,建林段,8.37,都市：住,10000,240,持分移轉,05900000
RPSNMLRLOHGGFBF38CB,建林段,13.44,都市：住,10000,240,持分移轉,05910000
RPTNMLRLOHGGFBF48CB,建林段,14.31,都市：住,10000,240,持分移轉,05850000
RPTNMLRLOHGGFBF48CB,建林段,4.39,都市：住,10000,240,持分移轉,05890000
RPTNMLRLOHGGFBF48CB,建林段,8.37,都市：住,10000,240,持分移轉,05900000
RPTNMLRLOHGGFBF48CB,建林段,13.44,都市：住,10000,240,持分移轉,05910000
RPVNMLRLOHGGFBF68CB,建林段,14.31,都市：住,10000,240,持分移轉,05850000
RPVNMLRLOHGGFBF68CB,建林段,4.39,都市：住,10000,240,持分移轉,05890000
RPVNMLRLOHGGFBF68CB,建林段,8.37,都市：住,10000,240,持分移轉,05900000
RPVNMLRLOHGGFBF68CB,建林段,13.44,都市：住,10000,240,持分移轉,05910000
RPOOMLRLOHGGFBF08CB,建林段,9.30,都市：住,10000,156,持分移轉,05850000
RPOOMLRLOHGGFBF08CB,建林段,2.85,都市：住,10000,156,持分移轉,05890000
RPOOMLRLOHGGFBF08CB,建林段,5.44,都市：住,10000,156,持分移轉,05900000
RPOOMLRLOHGGFBF08CB,建林段,8.74,都市：住,10000,156,持分移轉,05910000
RPPOMLRLOHGGFBF18CB,建林段,9.30,都市：住,10000,156,持分移轉,05850000
RPPOMLRLOHGGFBF18CB,建林段,2.85,都市：住,10000,156,持分移轉,05890000
RPPOMLRLOHGGFBF18CB,建林段,5.44,都市：住,10000,156,持分移轉,05900000
RPPOMLRLOHGGFBF18CB,建林段,8.74,都市：住,10000,156,持分移轉,05910000
RPUNMLRLOHGGFBF58CB,建林段,14.31,都市：住,10000,240,持分移轉,05850000
RPUNMLRLOHGGFBF58CB,建林段,4.39,都市：住,10000,240,持分移轉,05890000
RPUNMLRLOHGGFBF58CB,建林段,8.37,都市：住,10000,240,持分移轉,05900000
RPUNMLRLOHGGFBF58CB,建林段,13.44,都市：住,10000,240,持分移轉,05910000
RPTOMLRLOHGGFBF58CB,建林段,9.30,都市：住,10000,156,持分移轉,05850000
RPTOMLRLOHGGFBF58CB,建林段,2.85,都市：住,10000,156,持分移轉,05890000
RPSOMLRLOHGGFBF48CB,建林段,9.30,都市：住,10000,156,持分移轉,05850000
RPTOMLRLOHGGFBF58CB,建林段,5.44,都市：住,10000,156,持分移轉,05900000
RPSOMLRLOHGGFBF48CB,建林段,2.85,都市：住,10000,156,持分移轉,05890000
RPTOMLRLOHGGFBF58CB,建林段,8.74,都市：住,10000,156,持分移轉,05910000
RPSOMLRLOHGGFBF48CB,建林段,5.44,都市：住,10000,156,持分移轉,05900000
RPSOMLRLOHGGFBF48CB,建林段,8.74,都市：住,10000,156,持分移轉,05910000
RPUOMLRLOHGGFBF68CB,建林段,9.30,都市：住,10000,156,持分移轉,05850000
RPUOMLRLOHGGFBF68CB,建林段,2.85,都市：住,10000,156,持分移轉,05890000
RPUOMLRLOHGGFBF68CB,建林段,5.44,都市：住,10000,156,持分移轉,05900000
RPUOMLRLOHGGFBF68CB,建林段,8.74,都市：住,10000,156,持分移轉,05910000
RPVOMLRLOHGGFBF78CB,建林段,9.30,都市：住,10000,156,持分移轉,05850000
RPVOMLRLOHGGFBF78CB,建林段,2.85,都市：住,10000,156,持分移轉,05890000
RPVOMLRLOHGGFBF78CB,建林段,5.44,都市：住,10000,156,持分移轉,05900000
RPVOMLRLOHGGFBF78CB,建林段,8.74,都市：住,10000,156,持分移轉,05910000
RPXOMLRLOHGGFBF98CB,建林段,9.30,都市：住,10000,156,持分移轉,05850000
RPXOMLRLOHGGFBF98CB,建林段,2.85,都市：住,10000,156,持分移轉,05890000
RPXOMLRLOHGGFBF98CB,建林段,5.44,都市：住,10000,156,持分移轉,05900000
RPXOMLRLOHGGFBF98CB,建林段,8.74,都市：住,10000,156,持分移轉,05910000
RPOPMLRLOHGGFBF18CB,建林段,9.30,都市：住,10000,156,持分移轉,05850000
RPOPMLRLOHGGFBF18CB,建林段,2.85,都市：住,10000,156,持分移轉,05890000
RPOPMLRLOHGGFBF18CB,建林段,5.44,都市：住,10000,156,持分移轉,05900000
RPOPMLRLOHGGFBF18CB,建林段,8.74,都市：住,10000,156,持分移轉,05910000
RPPPMLRLOHGGFBF28CB,建林段,9.30,都市：住,10000,156,持分移轉,05850000
RPPPMLRLOHGGFBF28CB,建林段,2.85,都市：住,10000,156,持分移轉,05890000
RPPPMLRLOHGGFBF28CB,建林段,5.44,都市：住,10000,156,持分移轉,05900000
RPPPMLRLOHGGFBF28CB,建林段,8.74,都市：住,10000,156,持分移轉,05910000
RPQPMLRLOHGGFBF38CB,建林段,9.30,都市：住,10000,156,持分移轉,05850000
RPQPMLRLOHGGFBF38CB,建林段,2.85,都市：住,10000,156,持分移轉,05890000
RPQPMLRLOHGGFBF38CB,建林段,5.44,都市：住,10000,156,持分移轉,05900000
RPQPMLRLOHGGFBF38CB,建林段,8.74,都市：住,10000,156,持分移轉,05910000
RPUPMLRLOHGGFBF78CB,建林段,9.30,都市：住,10000,156,持分移轉,05850000
RPUPMLRLOHGGFBF78CB,建林段,2.85,都市：住,10000,156,持分移轉,05890000
RPUPMLRLOHGGFBF78CB,建林段,5.44,都市：住,10000,156,持分移轉,05900000
RPUPMLRLOHGGFBF78CB,建林段,8.74,都市：住,10000,156,持分移轉,05910000
RPTPMLRLOHGGFBF68CB,建林段,9.30,都市：住,10000,156,持分移轉,05850000
RPXPMLRLOHGGFBF09CB,建林段,9.30,都市：住,10000,156,持分移轉,05850000
RPTPMLRLOHGGFBF68CB,建林段,2.85,都市：住,10000,156,持分移轉,05890000
RPXPMLRLOHGGFBF09CB,建林段,2.85,都市：住,10000,156,持分移轉,05890000
RPTPMLRLOHGGFBF68CB,建林段,5.44,都市：住,10000,156,持分移轉,05900000
RPXPMLRLOHGGFBF09CB,建林段,5.44,都市：住,10000,156,持分移轉,05900000
RPTPMLRLOHGGFBF68CB,建林段,8.74,都市：住,10000,156,持分移轉,05910000
RPXPMLRLOHGGFBF09CB,建林段,8.74,都市：住,10000,156,持分移轉,05910000
RPWPMLRLOHGGFBF98CB,建林段,9.30,都市：住,10000,156,持分移轉,05850000
RPWPMLRLOHGGFBF98CB,建林段,2.85,都市：住,10000,156,持分移轉,05890000
RPWPMLRLOHGGFBF98CB,建林段,5.44,都市：住,10000,156,持分移轉,05900000
RPWPMLRLOHGGFBF98CB,建林段,8.74,都市：住,10000,156,持分移轉,05910000
RPOQMLRLOHGGFBF28CB,建林段,9.30,都市：住,10000,156,持分移轉,05850000
RPOQMLRLOHGGFBF28CB,建林段,2.85,都市：住,10000,156,持分移轉,05890000
RPOQMLRLOHGGFBF28CB,建林段,5.44,都市：住,10000,156,持分移轉,05900000
RPOQMLRLOHGGFBF28CB,建林段,8.74,都市：住,10000,156,持分移轉,05910000
RPPQMLRLOHGGFBF38CB,建林段,9.30,都市：住,10000,156,持分移轉,05850000
RPPQMLRLOHGGFBF38CB,建林段,2.85,都市：住,10000,156,持分移轉,05890000
RPPQMLRLOHGGFBF38CB,建林段,5.44,都市：住,10000,156,持分移轉,05900000
RPPQMLRLOHGGFBF38CB,建林段,8.74,都市：住,10000,156,持分移轉,05910000
RPQQMLRLOHGGFBF48CB,建林段,9.30,都市：住,10000,156,持分移轉,05850000
RPQQMLRLOHGGFBF48CB,建林段,2.85,都市：住,10000,156,持分移轉,05890000
RPQQMLRLOHGGFBF48CB,建林段,5.44,都市：住,10000,156,持分移轉,05900000
RPQQMLRLOHGGFBF48CB,建林段,8.74,都市：住,10000,156,持分移轉,05910000
RPRQMLRLOHGGFBF58CB,建林段,9.30,都市：住,10000,156,持分移轉,05850000
RPRQMLRLOHGGFBF58CB,建林段,2.85,都市：住,10000,156,持分移轉,05890000
RPRQMLRLOHGGFBF58CB,建林段,5.44,都市：住,10000,156,持分移轉,05900000
RPRQMLRLOHGGFBF58CB,建林段,8.74,都市：住,10000,156,持分移轉,05910000
RPTNMLRLOHGGFIF56CB,鳳鳴段,20.80,都市：住,100000,735,持分移轉,00050000
RPPNMLRLOHGGFIF78CB,鳳鳴段,20.80,都市：住,100000,735,持分移轉,00050000
RPSQMLRLOHGGFBF68CB,建林段,9.30,都市：住,10000,156,持分移轉,05850000
RPSQMLRLOHGGFBF68CB,建林段,2.85,都市：住,10000,156,持分移轉,05890000
RPRNMLRLOHGGFIF98CB,鳳鳴段,20.80,都市：住,100000,735,持分移轉,00050000
RPSQMLRLOHGGFBF68CB,建林段,5.44,都市：住,10000,156,持分移轉,05900000
RPSQMLRLOHGGFBF68CB,建林段,8.74,都市：住,10000,156,持分移轉,05910000
RPQNMLRLOHGGFIF88CB,鳳鳴段,20.80,都市：住,100000,735,持分移轉,00050000
RPSNMLRLOHGGFIF09CB,鳳鳴段,20.80,都市：住,100000,735,持分移轉,00050000
RPUNMLRLOHGGFIF66CB,鳳鳴段,20.80,都市：住,100000,735,持分移轉,00050000
RPWNMLRLOHGGFIF86CB,鳳鳴段,20.80,都市：住,100000,735,持分移轉,00050000
RPXNMLRLOHGGFIF96CB,鳳鳴段,21.36,都市：住,100000,755,持分移轉,00050000
RPOOMLRLOHGGFIF78CB,鳳鳴段,20.80,都市：住,100000,735,持分移轉,00050000
RPPOMLRLOHGGFIF88CB,鳳鳴段,21.36,都市：住,100000,755,持分移轉,00050000
RPQOMLRLOHGGFIF98CB,鳳鳴段,21.36,都市：住,100000,755,持分移轉,00050000
RPROMLRLOHGGFIF09CB,鳳鳴段,21.36,都市：住,100000,755,持分移轉,00050000
RPTOMLRLOHGGFIF66CB,鳳鳴段,21.36,都市：住,100000,755,持分移轉,00050000
RPVOMLRLOHGGFIF86CB,鳳鳴段,21.36,都市：住,100000,755,持分移轉,00050000
RPSOMLRLOHGGFIF56CB,鳳鳴段,21.36,都市：住,100000,755,持分移轉,00050000
RPXOMLRLOHGGFIF07CB,鳳鳴段,21.36,都市：住,100000,755,持分移轉,00050000
RPWOMLRLOHGGFIF96CB,鳳鳴段,21.36,都市：住,100000,755,持分移轉,00050000
RPUOMLRLOHGGFIF76CB,鳳鳴段,21.36,都市：住,100000,755,持分移轉,00050000
RPOPMLRLOHGGFIF88CB,鳳鳴段,21.36,都市：住,100000,755,持分移轉,00050000
RPRPMLRLOHGGFIF56CB,鳳鳴段,22.67,都市：住,100000,801,持分移轉,00050000
RPSPMLRLOHGGFIF66CB,鳳鳴段,22.67,都市：住,100000,801,持分移轉,00050000
RPPPMLRLOHGGFIF98CB,鳳鳴段,21.36,都市：住,100000,755,持分移轉,00050000
RPTPMLRLOHGGFIF76CB,鳳鳴段,22.67,都市：住,100000,801,持分移轉,00050000
RPUPMLRLOHGGFIF86CB,鳳鳴段,22.67,都市：住,100000,801,持分移轉,00050000
RPVPMLRLOHGGFIF96CB,鳳鳴段,22.67,都市：住,100000,801,持分移轉,00050000
RPXPMLRLOHGGFIF17CB,鳳鳴段,22.67,都市：住,100000,801,持分移轉,00050000
RPOQMLRLOHGGFIF98CB,鳳鳴段,22.67,都市：住,100000,801,持分移轉,00050000
RPWPMLRLOHGGFIF07CB,鳳鳴段,22.67,都市：住,100000,801,持分移轉,00050000
RPPQMLRLOHGGFIF09CB,鳳鳴段,22.67,都市：住,100000,801,持分移轉,00050000
RPPNMLRLOHGGFHF68CB,廟美段,17.12,都市：住,100000,1474,持分移轉,02760000
RPQNMLRLOHGGFHF78CB,廟美段,17.86,都市：住,100000,1538,持分移轉,02760000
RPSNMLRLOHGGFHF98CB,廟美段,16.11,都市：住,100000,1387,持分移轉,02760000
RPRNMLRLOHGGFHF88CB,廟美段,17.87,都市：住,100000,1539,持分移轉,02760000
RPUNMLRLOHGGFHF56CB,廟美段,16.11,都市：住,100000,1387,持分移轉,02760000
RPTNMLRLOHGGFHF09CB,廟美段,16.11,都市：住,100000,1387,持分移轉,02760000
RPWNMLRLOHGGFHF76CB,廟美段,18.41,都市：住,100000,1585,持分移轉,02760000
RPVNMLRLOHGGFHF66CB,廟美段,16.11,都市：住,100000,1387,持分移轉,02760000
RPXNMLRLOHGGFHF86CB,廟美段,18.42,都市：住,100000,1586,持分移轉,02760000
RPOOMLRLOHGGFHF68CB,廟美段,16.05,都市：住,100000,1382,持分移轉,02760000
RPPOMLRLOHGGFHF78CB,廟美段,16.05,都市：住,100000,1382,持分移轉,02760000
RPQOMLRLOHGGFHF88CB,廟美段,16.05,都市：住,100000,1382,持分移轉,02760000
RPROMLRLOHGGFHF98CB,廟美段,16.05,都市：住,100000,1382,持分移轉,02760000
RPSOMLRLOHGGFHF09CB,廟美段,16.05,都市：住,100000,1382,持分移轉,02760000
RPTOMLRLOHGGFHF56CB,廟美段,16.05,都市：住,100000,1382,持分移轉,02760000
RPUOMLRLOHGGFHF66CB,廟美段,15.65,都市：住,100000,1348,持分移轉,02760000
RPWOMLRLOHGGFHF86CB,廟美段,11.97,都市：住,100000,1031,持分移轉,02760000
RPVOMLRLOHGGFHF76CB,廟美段,15.65,都市：住,100000,1348,持分移轉,02760000
RPOPMLRLOHGGFHF78CB,廟美段,11.97,都市：住,100000,1031,持分移轉,02760000
RPXOMLRLOHGGFHF96CB,廟美段,11.97,都市：住,100000,1031,持分移轉,02760000
RPQPMLRLOHGGFHF98CB,廟美段,11.97,都市：住,100000,1031,持分移轉,02760000
RPSPMLRLOHGGFHF56CB,廟美段,7.64,都市：住,100000,658,持分移轉,02760000
RPRPMLRLOHGGFHF09CB,廟美段,11.97,都市：住,100000,1031,持分移轉,02760000
RPPPMLRLOHGGFHF88CB,廟美段,11.97,都市：住,100000,1031,持分移轉,02760000
RPTPMLRLOHGGFHF66CB,廟美段,7.64,都市：住,100000,658,持分移轉,02760000
RPUPMLRLOHGGFHF76CB,廟美段,7.64,都市：住,100000,658,持分移轉,02760000
RPWPMLRLOHGGFHF96CB,廟美段,11.62,都市：住,100000,1001,持分移轉,02760000
RPVPMLRLOHGGFHF86CB,廟美段,7.64,都市：住,100000,658,持分移轉,02760000
RPXPMLRLOHGGFHF07CB,廟美段,15.81,都市：住,100000,1361,持分移轉,02760000
RPOQMLRLOHGGFHF88CB,廟美段,11.85,都市：住,100000,1020,持分移轉,02760000
RPQQMLRLOHGGFHF09CB,廟美段,11.85,都市：住,100000,1020,持分移轉,02760000
RPSQMLRLOHGGFHF66CB,廟美段,11.85,都市：住,100000,1020,持分移轉,02760000
RPPQMLRLOHGGFHF98CB,廟美段,11.85,都市：住,100000,1020,持分移轉,02760000
RPRQMLRLOHGGFHF56CB,廟美段,11.85,都市：住,100000,1020,持分移轉,02760000
RPTQMLRLOHGGFHF76CB,廟美段,11.85,都市：住,100000,1020,持分移轉,02760000
RPUQMLRLOHGGFHF86CB,廟美段,11.85,都市：住,100000,1020,持分移轉,02760000
RPPPMLSLOHGGFHF98CB,南勢段,16.48,都市：住,100000,825,持分移轉,05070000
RPOPMLSLOHGGFHF88CB,南勢段,16.68,都市：住,100000,835,持分移轉,05070000
RPQPMLSLOHGGFHF09CB,南勢段,16.56,都市：住,100000,829,持分移轉,05070000
RPSPMLSLOHGGFHF66CB,南勢段,16.66,都市：住,100000,834,持分移轉,05070000
RPRPMLSLOHGGFHF56CB,南勢段,16.66,都市：住,100000,834,持分移轉,05070000
RPTPMLSLOHGGFHF76CB,南勢段,16.66,都市：住,100000,834,持分移轉,05070000
RPVPMLSLOHGGFHF96CB,南勢段,16.66,都市：住,100000,834,持分移轉,05070000
RPOQMLSLOHGGFHF98CB,南勢段,12.40,都市：住,100000,621,持分移轉,05070000
RPUPMLSLOHGGFHF86CB,南勢段,16.66,都市：住,100000,834,持分移轉,05070000
RPPQMLSLOHGGFHF09CB,南勢段,12.32,都市：住,100000,617,持分移轉,05070000
RPQQMLSLOHGGFHF56CB,南勢段,12.50,都市：住,100000,626,持分移轉,05070000
RPRQMLSLOHGGFHF66CB,南勢段,12.42,都市：住,100000,622,持分移轉,05070000
RPSQMLSLOHGGFHF76CB,南勢段,12.42,都市：住,100000,622,持分移轉,05070000
RPTQMLSLOHGGFHF86CB,南勢段,12.50,都市：住,100000,626,持分移轉,05070000
RPPRMLSLOHGGFHF56CB,南勢段,12.40,都市：住,100000,621,持分移轉,05070000
RPQRMLSLOHGGFHF66CB,南勢段,12.40,都市：住,100000,621,持分移轉,05070000
RPRRMLSLOHGGFHF76CB,南勢段,12.42,都市：住,100000,622,持分移轉,05070000
RPTRMLSLOHGGFHF96CB,南勢段,8.05,都市：住,100000,403,持分移轉,05070000
RPURMLSLOHGGFHF07CB,南勢段,8.05,都市：住,100000,403,持分移轉,05070000
RPVRMLSLOHGGFHF17CB,南勢段,8.05,都市：住,100000,403,持分移轉,05070000
RPXRMLSLOHGGFHF37CB,南勢段,8.05,都市：住,100000,403,持分移轉,05070000
RPWRMLSLOHGGFHF27CB,南勢段,8.05,都市：住,100000,403,持分移轉,05070000
RPPSMLSLOHGGFHF66CB,南勢段,8.05,都市：住,100000,403,持分移轉,05070000
RPRSMLSLOHGGFHF86CB,南勢段,12.40,都市：住,100000,621,持分移轉,05070000
RPQSMLSLOHGGFHF76CB,南勢段,12.52,都市：住,100000,627,持分移轉,05070000
RPOSMLSLOHGGFHF56CB,南勢段,8.05,都市：住,100000,403,持分移轉,05070000
RPSSMLSLOHGGFHF96CB,南勢段,12.50,都市：住,100000,626,持分移轉,05070000
RPTSMLSLOHGGFHF07CB,南勢段,12.42,都市：住,100000,622,持分移轉,05070000
RPWSMLSLOHGGFHF37CB,南勢段,8.05,都市：住,100000,403,持分移轉,05070000
RPOTMLSLOHGGFHF66CB,南勢段,8.05,都市：住,100000,403,持分移轉,05070000
RPXSMLSLOHGGFHF47CB,南勢段,8.05,都市：住,100000,403,持分移轉,05070000
RPPTMLSLOHGGFHF76CB,南勢段,8.05,都市：住,100000,403,持分移轉,05070000
RPSTMLSLOHGGFHF07CB,南勢段,8.05,都市：住,100000,403,持分移轉,05070000
RPRTMLSLOHGGFHF96CB,南勢段,8.05,都市：住,100000,403,持分移轉,05070000
RPOUMLSLOHGGFHF76CB,南勢段,14.26,都市：住,100000,714,持分移轉,05070000
RPPUMLSLOHGGFHF86CB,南勢段,13.96,都市：住,100000,699,持分移轉,05070000
RPTTMLSLOHGGFHF17CB,南勢段,13.06,都市：住,100000,654,持分移轉,05070000
RPRUMLSLOHGGFHF07CB,南勢段,11.22,都市：住,100000,562,持分移轉,05070000
RPWTMLSLOHGGFHF47CB,南勢段,13.68,都市：住,100000,685,持分移轉,05070000
RPSUMLSLOHGGFHF17CB,南勢段,14.46,都市：住,100000,724,持分移轉,05070000
RPTUMLSLOHGGFHF27CB,南勢段,13.68,都市：住,100000,685,持分移轉,05070000
RPUUMLSLOHGGFHF37CB,南勢段,13.48,都市：住,100000,675,持分移轉,05070000
RPVUMLSLOHGGFHF47CB,南勢段,13.96,都市：住,100000,699,持分移轉,05070000
RPWUMLSLOHGGFHF57CB,南勢段,13.68,都市：住,100000,685,持分移轉,05070000
RPXUMLSLOHGGFHF67CB,南勢段,11.72,都市：住,100000,587,持分移轉,05070000
RPOVMLSLOHGGFHF86CB,南勢段,14.46,都市：住,100000,724,持分移轉,05070000
RPPVMLSLOHGGFHF96CB,南勢段,13.96,都市：住,100000,699,持分移轉,05070000
RPTVMLSLOHGGFHF37CB,南勢段,13.70,都市：住,100000,686,持分移轉,05070000
RPWVMLSLOHGGFHF67CB,南勢段,11.80,都市：住,100000,591,持分移轉,05070000
RPVVMLSLOHGGFHF57CB,南勢段,11.80,都市：住,100000,591,持分移轉,05070000
RPXVMLSLOHGGFHF77CB,南勢段,11.72,都市：住,100000,587,持分移轉,05070000
RPQWMLSLOHGGFHF17CB,南勢段,11.80,都市：住,100000,591,持分移轉,05070000
RPRWMLSLOHGGFHF27CB,南勢段,11.72,都市：住,100000,587,持分移轉,05070000
RPWWMLSLOHGGFHF77CB,南勢段,11.76,都市：住,100000,589,持分移轉,05070000
RPTNNLSLOHGGFHF66CB,南勢段,12.74,都市：住,100000,638,持分移轉,05070000
RPPNNLSLOHGGFHF88CB,南勢段,11.72,都市：住,100000,587,持分移轉,05070000
RPXWMLSLOHGGFHF87CB,南勢段,12.00,都市：住,100000,601,持分移轉,05070000
RPVWMLSLOHGGFHF67CB,南勢段,11.80,都市：住,100000,591,持分移轉,05070000
RPQNNLSLOHGGFHF98CB,南勢段,12.74,都市：住,100000,638,持分移轉,05070000
RPSWMLSLOHGGFHF37CB,南勢段,11.90,都市：住,100000,596,持分移轉,05070000
RPRNNLSLOHGGFHF09CB,南勢段,12.74,都市：住,100000,638,持分移轉,05070000
RPTWMLSLOHGGFHF47CB,南勢段,11.76,都市：住,100000,589,持分移轉,05070000
RPSNNLSLOHGGFHF56CB,南勢段,12.74,都市：住,100000,638,持分移轉,05070000
RPWNNLSLOHGGFHF96CB,南勢段,12.74,都市：住,100000,638,持分移轉,05070000
RPQONLSLOHGGFHF09CB,南勢段,12.94,都市：住,100000,648,持分移轉,05070000
RPVONLSLOHGGFHF96CB,南勢段,12.52,都市：住,100000,627,持分移轉,05070000
RPRONLSLOHGGFHF56CB,南勢段,12.74,都市：住,100000,638,持分移轉,05070000
RPUNNLSLOHGGFHF76CB,南勢段,12.74,都市：住,100000,638,持分移轉,05070000
RPOONLSLOHGGFHF88CB,南勢段,12.94,都市：住,100000,648,持分移轉,05070000
RPWONLSLOHGGFHF07CB,南勢段,13.20,都市：住,100000,661,持分移轉,05070000
RPUONLSLOHGGFHF86CB,南勢段,12.74,都市：住,100000,638,持分移轉,05070000
RPXONLSLOHGGFHF17CB,南勢段,13.10,都市：住,100000,656,持分移轉,05070000
RPOPNLSLOHGGFHF98CB,南勢段,13.30,都市：住,100000,666,持分移轉,05070000
RPUPNLSLOHGGFHF96CB,南勢段,13.10,都市：住,100000,656,持分移轉,05070000
RPPPNLSLOHGGFHF09CB,南勢段,13.96,都市：住,100000,699,持分移轉,05070000
RPQQNLSLOHGGFHF66CB,南勢段,12.42,都市：住,100000,622,持分移轉,05070000
RPSPNLSLOHGGFHF76CB,南勢段,13.30,都市：住,100000,666,持分移轉,05070000
RPVPNLSLOHGGFHF07CB,南勢段,14.12,都市：住,100000,707,持分移轉,05070000
RPVQNLSLOHGGFHF17CB,南勢段,13.30,都市：住,100000,666,持分移轉,05070000
RPOQNLSLOHGGFHF09CB,南勢段,12.48,都市：住,100000,625,持分移轉,05070000
RPUQNLSLOHGGFHF07CB,南勢段,13.96,都市：住,100000,699,持分移轉,05070000
RPRQNLSLOHGGFHF76CB,南勢段,14.22,都市：住,100000,712,持分移轉,05070000
RPXQNLSLOHGGFHF37CB,南勢段,14.22,都市：住,100000,712,持分移轉,05070000
RPPRNLSLOHGGFHF66CB,南勢段,13.86,都市：住,100000,694,持分移轉,05070000
RPQRNLSLOHGGFHF76CB,南勢段,12.48,都市：住,100000,625,持分移轉,05070000
RPOSNLSLOHGGFHF66CB,南勢段,12.42,都市：住,100000,622,持分移轉,05070000
RPSRNLSLOHGGFHF96CB,南勢段,12.58,都市：住,100000,630,持分移轉,05070000
RPURNLSLOHGGFHF17CB,南勢段,12.48,都市：住,100000,625,持分移轉,05070000
RPPSNLSLOHGGFHF76CB,南勢段,12.48,都市：住,100000,625,持分移轉,05070000
RPTSNLSLOHGGFHF17CB,南勢段,12.48,都市：住,100000,625,持分移轉,05070000
RPVRNLSLOHGGFHF27CB,南勢段,12.48,都市：住,100000,625,持分移轉,05070000
RPRSNLSLOHGGFHF96CB,南勢段,12.48,都市：住,100000,625,持分移轉,05070000
RPQSNLSLOHGGFHF86CB,南勢段,12.48,都市：住,100000,625,持分移轉,05070000
RPUSNLSLOHGGFHF27CB,南勢段,8.03,都市：住,100000,402,持分移轉,05070000
RPXSNLSLOHGGFHF57CB,南勢段,12.52,都市：住,100000,627,持分移轉,05070000
RPSTNLSLOHGGFHF17CB,南勢段,8.03,都市：住,100000,402,持分移轉,05070000
RPRTNLSLOHGGFHF07CB,南勢段,8.03,都市：住,100000,402,持分移轉,05070000
RPWTNLSLOHGGFHF57CB,南勢段,8.03,都市：住,100000,402,持分移轉,05070000
RPOTNLSLOHGGFHF76CB,南勢段,8.03,都市：住,100000,402,持分移轉,05070000
RPOUNLSLOHGGFHF86CB,南勢段,8.03,都市：住,100000,402,持分移轉,05070000
RPTTNLSLOHGGFHF27CB,南勢段,8.03,都市：住,100000,402,持分移轉,05070000
RPXTNLSLOHGGFHF67CB,南勢段,8.03,都市：住,100000,402,持分移轉,05070000
RPPUNLSLOHGGFHF96CB,南勢段,8.03,都市：住,100000,402,持分移轉,05070000
RPSUNLSLOHGGFHF27CB,南勢段,8.03,都市：住,100000,402,持分移轉,05070000
RPUUNLSLOHGGFHF47CB,南勢段,8.03,都市：住,100000,402,持分移轉,05070000
RPVUNLSLOHGGFHF57CB,南勢段,16.24,都市：住,100000,813,持分移轉,05070000
RPWUNLSLOHGGFHF67CB,南勢段,16.24,都市：住,100000,813,持分移轉,05070000
RPRUNLSLOHGGFHF17CB,南勢段,8.03,都市：住,100000,402,持分移轉,05070000
RPOVNLSLOHGGFHF96CB,南勢段,16.24,都市：住,100000,813,持分移轉,05070000
RPPVNLSLOHGGFHF07CB,南勢段,16.24,都市：住,100000,813,持分移轉,05070000
RPQVNLSLOHGGFHF17CB,南勢段,16.24,都市：住,100000,813,持分移轉,05070000
RPRVNLSLOHGGFHF27CB,南勢段,16.24,都市：住,100000,813,持分移轉,05070000
RPUVNLSLOHGGFHF57CB,南勢段,16.24,都市：住,100000,813,持分移轉,05070000
RPVVNLSLOHGGFHF67CB,南勢段,16.24,都市：住,100000,813,持分移轉,05070000
RPOWNLSLOHGGFHF07CB,南勢段,16.24,都市：住,100000,813,持分移轉,05070000
RPWVNLSLOHGGFHF77CB,南勢段,16.24,都市：住,100000,813,持分移轉,05070000
RPQWNLSLOHGGFHF27CB,南勢段,16.24,都市：住,100000,813,持分移轉,05070000
RPPWNLSLOHGGFHF17CB,南勢段,16.24,都市：住,100000,813,持分移轉,05070000
RPXWNLSLOHGGFHF97CB,南勢段,11.60,都市：住,100000,581,持分移轉,05070000
RPSWNLSLOHGGFHF47CB,南勢段,16.24,都市：住,100000,813,持分移轉,05070000
RPPNOLSLOHGGFHF98CB,南勢段,11.50,都市：住,100000,576,持分移轉,05070000
RPUWNLSLOHGGFHF67CB,南勢段,11.42,都市：住,100000,572,持分移轉,05070000
RPONOLSLOHGGFHF88CB,南勢段,11.60,都市：住,100000,581,持分移轉,05070000
RPQNOLSLOHGGFHF09CB,南勢段,11.50,都市：住,100000,576,持分移轉,05070000
RPVNOLSLOHGGFHF96CB,南勢段,11.50,都市：住,100000,576,持分移轉,05070000
RPTNOLSLOHGGFHF76CB,南勢段,11.60,都市：住,100000,581,持分移轉,05070000
RPWNOLSLOHGGFHF07CB,南勢段,11.50,都市：住,100000,576,持分移轉,05070000
RPXNOLSLOHGGFHF17CB,南勢段,11.50,都市：住,100000,576,持分移轉,05070000
RPPOOLSLOHGGFHF09CB,南勢段,11.50,都市：住,100000,576,持分移轉,05070000
RPQOOLSLOHGGFHF56CB,南勢段,11.50,都市：住,100000,576,持分移轉,05070000
RPUOOLSLOHGGFHF96CB,南勢段,12.26,都市：住,100000,614,持分移轉,05070000
RPVOOLSLOHGGFHF07CB,南勢段,12.42,都市：住,100000,622,持分移轉,05070000
RPROOLSLOHGGFHF66CB,南勢段,11.50,都市：住,100000,576,持分移轉,05070000
RPWOOLSLOHGGFHF17CB,南勢段,12.62,都市：住,100000,632,持分移轉,05070000
RPXOOLSLOHGGFHF27CB,南勢段,12.26,都市：住,100000,614,持分移轉,05070000
RPOPOLSLOHGGFHF09CB,南勢段,12.26,都市：住,100000,614,持分移轉,05070000
RPUPOLSLOHGGFHF07CB,南勢段,12.26,都市：住,100000,614,持分移轉,05070000
RPRPOLSLOHGGFHF76CB,南勢段,12.42,都市：住,100000,622,持分移轉,05070000
RPVPOLSLOHGGFHF17CB,南勢段,12.32,都市：住,100000,617,持分移轉,05070000
RPXPOLSLOHGGFHF37CB,南勢段,12.58,都市：住,100000,630,持分移轉,05070000
RPQQOLSLOHGGFHF76CB,南勢段,12.48,都市：住,100000,625,持分移轉,05070000
RPTQOLSLOHGGFHF07CB,南勢段,12.94,都市：住,100000,648,持分移轉,05070000
RPVQOLSLOHGGFHF27CB,南勢段,12.26,都市：住,100000,614,持分移轉,05070000
RPWQOLSLOHGGFHF37CB,南勢段,12.52,都市：住,100000,627,持分移轉,05070000
RPPROLSLOHGGFHF76CB,南勢段,12.48,都市：住,100000,625,持分移轉,05070000
RPUQOLSLOHGGFHF17CB,南勢段,11.50,都市：住,100000,576,持分移轉,05070000
RPXQOLSLOHGGFHF47CB,南勢段,13.30,都市：住,100000,666,持分移轉,05070000
RPRSOLSLOHGGFHF07CB,永利段,1.97,都市：商,100000,2214,持分移轉,06970000
RPRSOLSLOHGGFHF07CB,永利段,1.70,都市：商,100000,2214,持分移轉,06980000
RPRSOLSLOHGGFHF07CB,永利段,3.34,都市：商,100000,2214,持分移轉,06990000
RPRSOLSLOHGGFHF07CB,永利段,2.86,都市：商,100000,2214,持分移轉,07000000
RPRSOLSLOHGGFHF07CB,永利段,2.81,都市：商,100000,2214,持分移轉,07040000
RPRSOLSLOHGGFHF07CB,永利段,.04,都市：商,100000,2214,持分移轉,07040001
RPRSOLSLOHGGFHF07CB,永利段,.89,都市：商,100000,2214,持分移轉,07060000
RPRSOLSLOHGGFHF07CB,永利段,1.82,都市：住,100000,2214,持分移轉,07060001
RPSSOLSLOHGGFHF17CB,永利段,1.68,都市：商,100000,1883,持分移轉,06970000
RPSSOLSLOHGGFHF17CB,永利段,1.45,都市：商,100000,1883,持分移轉,06980000
RPSSOLSLOHGGFHF17CB,永利段,2.84,都市：商,100000,1883,持分移轉,06990000
RPSSOLSLOHGGFHF17CB,永利段,2.43,都市：商,100000,1883,持分移轉,07000000
RPSSOLSLOHGGFHF17CB,永利段,2.39,都市：商,100000,1883,持分移轉,07040000
RPSSOLSLOHGGFHF17CB,永利段,.04,都市：商,100000,1883,持分移轉,07040001
RPSSOLSLOHGGFHF17CB,永利段,.75,都市：商,100000,1883,持分移轉,07060000
RPSSOLSLOHGGFHF17CB,永利段,1.54,都市：住,100000,1883,持分移轉,07060001
RPTSOLSLOHGGFHF27CB,永利段,1.93,都市：商,100000,2174,持分移轉,06970000
RPTSOLSLOHGGFHF27CB,永利段,1.67,都市：商,100000,2174,持分移轉,06980000
RPTSOLSLOHGGFHF27CB,永利段,3.28,都市：商,100000,2174,持分移轉,06990000
RPTSOLSLOHGGFHF27CB,永利段,2.80,都市：商,100000,2174,持分移轉,07000000
RPTSOLSLOHGGFHF27CB,永利段,2.76,都市：商,100000,2174,持分移轉,07040000
RPTSOLSLOHGGFHF27CB,永利段,.04,都市：商,100000,2174,持分移轉,07040001
RPTSOLSLOHGGFHF27CB,永利段,.87,都市：商,100000,2174,持分移轉,07060000
RPTSOLSLOHGGFHF27CB,永利段,1.78,都市：住,100000,2174,持分移轉,07060001
RPVSOLSLOHGGFHF47CB,永利段,1.67,都市：商,100000,1880,持分移轉,06970000
RPVSOLSLOHGGFHF47CB,永利段,1.45,都市：商,100000,1880,持分移轉,06980000
RPVSOLSLOHGGFHF47CB,永利段,2.84,都市：商,100000,1880,持分移轉,06990000
RPVSOLSLOHGGFHF47CB,永利段,2.43,都市：商,100000,1880,持分移轉,07000000
RPVSOLSLOHGGFHF47CB,永利段,2.39,都市：商,100000,1880,持分移轉,07040000
RPVSOLSLOHGGFHF47CB,永利段,.04,都市：商,100000,1880,持分移轉,07040001
RPVSOLSLOHGGFHF47CB,永利段,.75,都市：商,100000,1880,持分移轉,07060000
RPVSOLSLOHGGFHF47CB,永利段,1.54,都市：住,100000,1880,持分移轉,07060001
RPWSOLSLOHGGFHF57CB,永利段,1.68,都市：商,100000,1883,持分移轉,06970000
RPWSOLSLOHGGFHF57CB,永利段,1.45,都市：商,100000,1883,持分移轉,06980000
RPWSOLSLOHGGFHF57CB,永利段,2.84,都市：商,100000,1883,持分移轉,06990000
RPWSOLSLOHGGFHF57CB,永利段,2.43,都市：商,100000,1883,持分移轉,07000000
RPWSOLSLOHGGFHF57CB,永利段,2.39,都市：商,100000,1883,持分移轉,07040000
RPWSOLSLOHGGFHF57CB,永利段,.04,都市：商,100000,1883,持分移轉,07040001
RPWSOLSLOHGGFHF57CB,永利段,.75,都市：商,100000,1883,持分移轉,07060000
RPWSOLSLOHGGFHF57CB,永利段,1.54,都市：住,100000,1883,持分移轉,07060001
RPOTOLSLOHGGFHF86CB,永利段,1.68,都市：商,100000,1883,持分移轉,06970000
RPOTOLSLOHGGFHF86CB,永利段,1.45,都市：商,100000,1883,持分移轉,06980000
RPOTOLSLOHGGFHF86CB,永利段,2.84,都市：商,100000,1883,持分移轉,06990000
RPOTOLSLOHGGFHF86CB,永利段,2.43,都市：商,100000,1883,持分移轉,07000000
RPOTOLSLOHGGFHF86CB,永利段,2.39,都市：商,100000,1883,持分移轉,07040000
RPOTOLSLOHGGFHF86CB,永利段,.04,都市：商,100000,1883,持分移轉,07040001
RPOTOLSLOHGGFHF86CB,永利段,.75,都市：商,100000,1883,持分移轉,07060000
RPOTOLSLOHGGFHF86CB,永利段,1.54,都市：住,100000,1883,持分移轉,07060001
RPPTOLSLOHGGFHF96CB,永利段,1.20,都市：商,100000,1346,持分移轉,06970000
RPPTOLSLOHGGFHF96CB,永利段,1.04,都市：商,100000,1346,持分移轉,06980000
RPPTOLSLOHGGFHF96CB,永利段,2.03,都市：商,100000,1346,持分移轉,06990000
RPPTOLSLOHGGFHF96CB,永利段,1.74,都市：商,100000,1346,持分移轉,07000000
RPPTOLSLOHGGFHF96CB,永利段,1.71,都市：商,100000,1346,持分移轉,07040000
RPPTOLSLOHGGFHF96CB,永利段,.03,都市：商,100000,1346,持分移轉,07040001
RPPTOLSLOHGGFHF96CB,永利段,.54,都市：商,100000,1346,持分移轉,07060000
RPPTOLSLOHGGFHF96CB,永利段,1.10,都市：住,100000,1346,持分移轉,07060001
RPRTOLSLOHGGFHF17CB,永利段,1.20,都市：商,100000,1346,持分移轉,06970000
RPRTOLSLOHGGFHF17CB,永利段,1.04,都市：商,100000,1346,持分移轉,06980000
RPRTOLSLOHGGFHF17CB,永利段,2.03,都市：商,100000,1346,持分移轉,06990000
RPRTOLSLOHGGFHF17CB,永利段,1.74,都市：商,100000,1346,持分移轉,07000000
RPRTOLSLOHGGFHF17CB,永利段,1.71,都市：商,100000,1346,持分移轉,07040000
RPRTOLSLOHGGFHF17CB,永利段,.03,都市：商,100000,1346,持分移轉,07040001
RPRTOLSLOHGGFHF17CB,永利段,.54,都市：商,100000,1346,持分移轉,07060000
RPRTOLSLOHGGFHF17CB,永利段,1.10,都市：住,100000,1346,持分移轉,07060001
RPTTOLSLOHGGFHF37CB,永利段,1.13,都市：商,100000,1269,持分移轉,06970000
RPTTOLSLOHGGFHF37CB,永利段,.98,都市：商,100000,1269,持分移轉,06980000
RPTTOLSLOHGGFHF37CB,永利段,1.92,都市：商,100000,1269,持分移轉,06990000
RPTTOLSLOHGGFHF37CB,永利段,1.64,都市：商,100000,1269,持分移轉,07000000
RPTTOLSLOHGGFHF37CB,永利段,1.61,都市：商,100000,1269,持分移轉,07040000
RPTTOLSLOHGGFHF37CB,永利段,.03,都市：商,100000,1269,持分移轉,07040001
RPTTOLSLOHGGFHF37CB,永利段,.51,都市：商,100000,1269,持分移轉,07060000
RPTTOLSLOHGGFHF37CB,永利段,1.04,都市：住,100000,1269,持分移轉,07060001
RPQTOLSLOHGGFHF07CB,永利段,1.20,都市：商,100000,1346,持分移轉,06970000
RPQTOLSLOHGGFHF07CB,永利段,1.04,都市：商,100000,1346,持分移轉,06980000
RPQTOLSLOHGGFHF07CB,永利段,2.03,都市：商,100000,1346,持分移轉,06990000
RPQTOLSLOHGGFHF07CB,永利段,1.74,都市：商,100000,1346,持分移轉,07000000
RPQTOLSLOHGGFHF07CB,永利段,1.71,都市：商,100000,1346,持分移轉,07040000
RPQTOLSLOHGGFHF07CB,永利段,.03,都市：商,100000,1346,持分移轉,07040001
RPQTOLSLOHGGFHF07CB,永利段,.54,都市：商,100000,1346,持分移轉,07060000
RPQTOLSLOHGGFHF07CB,永利段,1.10,都市：住,100000,1346,持分移轉,07060001
RPUTOLSLOHGGFHF47CB,永利段,1.13,都市：商,100000,1269,持分移轉,06970000
RPUTOLSLOHGGFHF47CB,永利段,.98,都市：商,100000,1269,持分移轉,06980000
RPUTOLSLOHGGFHF47CB,永利段,1.92,都市：商,100000,1269,持分移轉,06990000
RPUTOLSLOHGGFHF47CB,永利段,1.64,都市：商,100000,1269,持分移轉,07000000
RPUTOLSLOHGGFHF47CB,永利段,1.61,都市：商,100000,1269,持分移轉,07040000
RPUTOLSLOHGGFHF47CB,永利段,.03,都市：商,100000,1269,持分移轉,07040001
RPUTOLSLOHGGFHF47CB,永利段,.51,都市：商,100000,1269,持分移轉,07060000
RPUTOLSLOHGGFHF47CB,永利段,1.04,都市：住,100000,1269,持分移轉,07060001
RPWTOLSLOHGGFHF67CB,永利段,1.13,都市：商,100000,1269,持分移轉,06970000
RPWTOLSLOHGGFHF67CB,永利段,.98,都市：商,100000,1269,持分移轉,06980000
RPWTOLSLOHGGFHF67CB,永利段,1.92,都市：商,100000,1269,持分移轉,06990000
RPWTOLSLOHGGFHF67CB,永利段,1.64,都市：商,100000,1269,持分移轉,07000000
RPWTOLSLOHGGFHF67CB,永利段,1.61,都市：商,100000,1269,持分移轉,07040000
RPWTOLSLOHGGFHF67CB,永利段,.03,都市：商,100000,1269,持分移轉,07040001
RPWTOLSLOHGGFHF67CB,永利段,.51,都市：商,100000,1269,持分移轉,07060000
RPWTOLSLOHGGFHF67CB,永利段,1.04,都市：住,100000,1269,持分移轉,07060001
RPOUOLSLOHGGFHF96CB,永利段,1.32,都市：商,100000,1479,持分移轉,06970000
RPOUOLSLOHGGFHF96CB,永利段,1.14,都市：商,100000,1479,持分移轉,06980000
RPOUOLSLOHGGFHF96CB,永利段,2.23,都市：商,100000,1479,持分移轉,06990000
RPOUOLSLOHGGFHF96CB,永利段,1.91,都市：商,100000,1479,持分移轉,07000000
RPOUOLSLOHGGFHF96CB,永利段,1.88,都市：商,100000,1479,持分移轉,07040000
RPOUOLSLOHGGFHF96CB,永利段,.03,都市：商,100000,1479,持分移轉,07040001
RPVTOLSLOHGGFHF57CB,永利段,1.13,都市：商,100000,1269,持分移轉,06970000
RPOUOLSLOHGGFHF96CB,永利段,.59,都市：商,100000,1479,持分移轉,07060000
RPVTOLSLOHGGFHF57CB,永利段,.98,都市：商,100000,1269,持分移轉,06980000
RPOUOLSLOHGGFHF96CB,永利段,1.21,都市：住,100000,1479,持分移轉,07060001
RPVTOLSLOHGGFHF57CB,永利段,1.92,都市：商,100000,1269,持分移轉,06990000
RPVTOLSLOHGGFHF57CB,永利段,1.64,都市：商,100000,1269,持分移轉,07000000
RPVTOLSLOHGGFHF57CB,永利段,1.61,都市：商,100000,1269,持分移轉,07040000
RPVTOLSLOHGGFHF57CB,永利段,.03,都市：商,100000,1269,持分移轉,07040001
RPVTOLSLOHGGFHF57CB,永利段,.51,都市：商,100000,1269,持分移轉,07060000
RPVTOLSLOHGGFHF57CB,永利段,1.04,都市：住,100000,1269,持分移轉,07060001
RPXTOLSLOHGGFHF77CB,永利段,1.13,都市：商,100000,1269,持分移轉,06970000
RPXTOLSLOHGGFHF77CB,永利段,.98,都市：商,100000,1269,持分移轉,06980000
RPXTOLSLOHGGFHF77CB,永利段,1.92,都市：商,100000,1269,持分移轉,06990000
RPXTOLSLOHGGFHF77CB,永利段,1.64,都市：商,100000,1269,持分移轉,07000000
RPXTOLSLOHGGFHF77CB,永利段,1.61,都市：商,100000,1269,持分移轉,07040000
RPXTOLSLOHGGFHF77CB,永利段,.03,都市：商,100000,1269,持分移轉,07040001
RPXTOLSLOHGGFHF77CB,永利段,.51,都市：商,100000,1269,持分移轉,07060000
RPXTOLSLOHGGFHF77CB,永利段,1.04,都市：住,100000,1269,持分移轉,07060001
RPPUOLSLOHGGFHF07CB,永利段,1.44,都市：商,100000,1619,持分移轉,06970000
RPPUOLSLOHGGFHF07CB,永利段,1.25,都市：商,100000,1619,持分移轉,06980000
RPPUOLSLOHGGFHF07CB,永利段,2.44,都市：商,100000,1619,持分移轉,06990000
RPPUOLSLOHGGFHF07CB,永利段,2.09,都市：商,100000,1619,持分移轉,07000000
RPPUOLSLOHGGFHF07CB,永利段,2.06,都市：商,100000,1619,持分移轉,07040000
RPPUOLSLOHGGFHF07CB,永利段,.03,都市：商,100000,1619,持分移轉,07040001
RPPUOLSLOHGGFHF07CB,永利段,.65,都市：商,100000,1619,持分移轉,07060000
RPPUOLSLOHGGFHF07CB,永利段,1.33,都市：住,100000,1619,持分移轉,07060001
RPRUOLSLOHGGFHF27CB,永利段,1.32,都市：商,100000,1479,持分移轉,06970000
RPRUOLSLOHGGFHF27CB,永利段,1.14,都市：商,100000,1479,持分移轉,06980000
RPRUOLSLOHGGFHF27CB,永利段,2.23,都市：商,100000,1479,持分移轉,06990000
RPRUOLSLOHGGFHF27CB,永利段,1.91,都市：商,100000,1479,持分移轉,07000000
RPRUOLSLOHGGFHF27CB,永利段,1.88,都市：商,100000,1479,持分移轉,07040000
RPRUOLSLOHGGFHF27CB,永利段,.03,都市：商,100000,1479,持分移轉,07040001
RPRUOLSLOHGGFHF27CB,永利段,.59,都市：商,100000,1479,持分移轉,07060000
RPRUOLSLOHGGFHF27CB,永利段,1.21,都市：住,100000,1479,持分移轉,07060001
RPTUOLSLOHGGFHF47CB,永利段,1.32,都市：商,100000,1479,持分移轉,06970000
RPTUOLSLOHGGFHF47CB,永利段,1.14,都市：商,100000,1479,持分移轉,06980000
RPTUOLSLOHGGFHF47CB,永利段,2.23,都市：商,100000,1479,持分移轉,06990000
RPTUOLSLOHGGFHF47CB,永利段,1.91,都市：商,100000,1479,持分移轉,07000000
RPTUOLSLOHGGFHF47CB,永利段,1.88,都市：商,100000,1479,持分移轉,07040000
RPTUOLSLOHGGFHF47CB,永利段,.03,都市：商,100000,1479,持分移轉,07040001
RPTUOLSLOHGGFHF47CB,永利段,.59,都市：商,100000,1479,持分移轉,07060000
RPTUOLSLOHGGFHF47CB,永利段,1.21,都市：住,100000,1479,持分移轉,07060001
RPXUOLSLOHGGFHF87CB,永利段,1.68,都市：商,100000,1883,持分移轉,06970000
RPXUOLSLOHGGFHF87CB,永利段,1.45,都市：商,100000,1883,持分移轉,06980000
RPXUOLSLOHGGFHF87CB,永利段,2.84,都市：商,100000,1883,持分移轉,06990000
RPXUOLSLOHGGFHF87CB,永利段,2.43,都市：商,100000,1883,持分移轉,07000000
RPXUOLSLOHGGFHF87CB,永利段,2.39,都市：商,100000,1883,持分移轉,07040000
RPXUOLSLOHGGFHF87CB,永利段,.04,都市：商,100000,1883,持分移轉,07040001
RPXUOLSLOHGGFHF87CB,永利段,.75,都市：商,100000,1883,持分移轉,07060000
RPXUOLSLOHGGFHF87CB,永利段,1.54,都市：住,100000,1883,持分移轉,07060001
RPPWOLSLOHGGFHF27CB,永利段,1.68,都市：商,100000,1883,持分移轉,06970000
RPPWOLSLOHGGFHF27CB,永利段,1.45,都市：商,100000,1883,持分移轉,06980000
RPPWOLSLOHGGFHF27CB,永利段,2.84,都市：商,100000,1883,持分移轉,06990000
RPPWOLSLOHGGFHF27CB,永利段,2.43,都市：商,100000,1883,持分移轉,07000000
RPPWOLSLOHGGFHF27CB,永利段,2.39,都市：商,100000,1883,持分移轉,07040000
RPPWOLSLOHGGFHF27CB,永利段,.04,都市：商,100000,1883,持分移轉,07040001
RPPWOLSLOHGGFHF27CB,永利段,.75,都市：商,100000,1883,持分移轉,07060000
RPPWOLSLOHGGFHF27CB,永利段,1.54,都市：住,100000,1883,持分移轉,07060001
RPOOMLSLOHGGFIF88CB,鳳鳴段,22.67,都市：住,100000,801,持分移轉,00050000
RPQOMLSLOHGGFIF09CB,鳳鳴段,20.57,都市：住,100000,727,持分移轉,00050000
RPUOMLSLOHGGFIF86CB,鳳鳴段,20.57,都市：住,100000,727,持分移轉,00050000
RPVNMLSLOHGGFCF88CB,斯馨段,30.05,都市：住,10000,63,持分移轉,00490000
RPXNMLSLOHGGFCF09CB,斯馨段,30.05,都市：住,10000,63,持分移轉,00490000
RPWNMLSLOHGGFCF98CB,斯馨段,30.05,都市：住,10000,63,持分移轉,00490000
RPQOMLSLOHGGFCF48CB,斯馨段,30.05,都市：住,10000,63,持分移轉,00490000
RPOOMLSLOHGGFCF28CB,斯馨段,30.05,都市：住,10000,63,持分移轉,00490000
RPPOMLSLOHGGFCF38CB,斯馨段,30.05,都市：住,10000,63,持分移轉,00490000
RPROMLSLOHGGFCF58CB,斯馨段,30.05,都市：住,10000,63,持分移轉,00490000
RPSOMLSLOHGGFCF68CB,斯馨段,30.05,都市：住,10000,63,持分移轉,00490000
RPWOMLSLOHGGFCF09CB,斯馨段,18.13,都市：住,10000,38,持分移轉,00490000
RPUOMLSLOHGGFCF88CB,斯馨段,30.05,都市：住,10000,63,持分移轉,00490000
RPVOMLSLOHGGFCF98CB,斯馨段,30.05,都市：住,10000,63,持分移轉,00490000
RPXOMLSLOHGGFCF56CB,斯馨段,18.13,都市：住,10000,38,持分移轉,00490000
RPOPMLSLOHGGFCF38CB,斯馨段,18.60,都市：住,10000,39,持分移轉,00490000
RPQPMLSLOHGGFCF58CB,斯馨段,18.60,都市：住,10000,39,持分移轉,00490000
RPRPMLSLOHGGFCF68CB,斯馨段,18.60,都市：住,10000,39,持分移轉,00490000
RPPPMLSLOHGGFCF48CB,斯馨段,18.60,都市：住,10000,39,持分移轉,00490000
RPSPMLSLOHGGFCF78CB,斯馨段,26.24,都市：住,10000,55,持分移轉,00490000
RPTPMLSLOHGGFCF88CB,斯馨段,26.24,都市：住,10000,55,持分移轉,00490000
RPVPMLSLOHGGFCF09CB,斯馨段,44.36,都市：住,10000,93,持分移轉,00490000
RPWPMLSLOHGGFCF56CB,斯馨段,20.10,都市：住,200000,607,持分移轉,00700000
RPUPMLSLOHGGFCF98CB,斯馨段,16.22,都市：住,10000,34,持分移轉,00490000
RPXPMLSLOHGGFCF66CB,斯馨段,20.76,都市：住,200000,627,持分移轉,00700000
RPPQMLSLOHGGFCF58CB,斯馨段,20.76,都市：住,200000,627,持分移轉,00700000
RPOQMLSLOHGGFCF48CB,斯馨段,20.76,都市：住,200000,627,持分移轉,00700000
RPQQMLSLOHGGFCF68CB,斯馨段,20.76,都市：住,200000,627,持分移轉,00700000
RPRQMLSLOHGGFCF78CB,斯馨段,20.76,都市：住,200000,627,持分移轉,00700000
RPUSMLSLOHGGFCF66CB,斯馨段,20.10,都市：住,200000,607,持分移轉,00700000
RPVSMLSLOHGGFCF76CB,斯馨段,20.76,都市：住,200000,627,持分移轉,00700000
RPSQMLSLOHGGFCF88CB,斯馨段,20.10,都市：住,200000,607,持分移轉,00700000
RPWSMLSLOHGGFCF86CB,斯馨段,20.76,都市：住,200000,627,持分移轉,00700000
RPXSMLSLOHGGFCF96CB,斯馨段,20.76,都市：住,200000,627,持分移轉,00700000
RPOTMLSLOHGGFCF78CB,斯馨段,20.76,都市：住,200000,627,持分移轉,00700000
RPPTMLSLOHGGFCF88CB,斯馨段,20.76,都市：住,200000,627,持分移轉,00700000
RPQTMLSLOHGGFCF98CB,斯馨段,20.76,都市：住,200000,627,持分移轉,00700000
RPRTMLSLOHGGFCF09CB,斯馨段,20.76,都市：住,200000,627,持分移轉,00700000
RPSTMLSLOHGGFCF56CB,斯馨段,20.76,都市：住,200000,627,持分移轉,00700000
RPTTMLSLOHGGFCF66CB,斯馨段,20.76,都市：住,200000,627,持分移轉,00700000
RPUTMLSLOHGGFCF76CB,斯馨段,20.76,都市：住,200000,627,持分移轉,00700000
RPXTMLSLOHGGFCF07CB,斯馨段,20.76,都市：住,200000,627,持分移轉,00700000
RPVTMLSLOHGGFCF86CB,斯馨段,20.76,都市：住,200000,627,持分移轉,00700000
RPPUMLSLOHGGFCF98CB,斯馨段,24.90,都市：住,200000,752,持分移轉,00700000
RPOUMLSLOHGGFCF88CB,斯馨段,20.76,都市：住,200000,627,持分移轉,00700000
RPQUMLSLOHGGFCF09CB,斯馨段,23.58,都市：住,200000,712,持分移轉,00700000
RPRUMLSLOHGGFCF56CB,斯馨段,24.90,都市：住,200000,752,持分移轉,00700000
RPSUMLSLOHGGFCF66CB,斯馨段,24.90,都市：住,200000,752,持分移轉,00700000
RPTUMLSLOHGGFCF76CB,斯馨段,24.90,都市：住,200000,752,持分移轉,00700000
RPVUMLSLOHGGFCF96CB,斯馨段,24.90,都市：住,200000,752,持分移轉,00700000
RPPVMLSLOHGGFCF09CB,斯馨段,24.90,都市：住,200000,752,持分移轉,00700000
RPOVMLSLOHGGFCF98CB,斯馨段,24.90,都市：住,200000,752,持分移轉,00700000
RPWUMLSLOHGGFCF07CB,斯馨段,24.90,都市：住,200000,752,持分移轉,00700000
RPQVMLSLOHGGFCF56CB,斯馨段,24.90,都市：住,200000,752,持分移轉,00700000
RPRVMLSLOHGGFCF66CB,斯馨段,25.20,都市：住,200000,761,持分移轉,00700000
RPTVMLSLOHGGFCF86CB,斯馨段,24.90,都市：住,200000,752,持分移轉,00700000
RPVVMLSLOHGGFCF07CB,斯馨段,24.90,都市：住,200000,752,持分移轉,00700000
RPUVMLSLOHGGFCF96CB,斯馨段,24.24,都市：住,200000,732,持分移轉,00700000
RPWVMLSLOHGGFCF17CB,斯馨段,22.19,都市：住,200000,670,持分移轉,00700000
RPXVMLSLOHGGFCF27CB,斯馨段,22.59,都市：住,200000,682,持分移轉,00700000
RPPWMLSLOHGGFCF56CB,斯馨段,22.59,都市：住,200000,682,持分移轉,00700000
RPOWMLSLOHGGFCF09CB,斯馨段,22.59,都市：住,200000,682,持分移轉,00700000
RPQWMLSLOHGGFCF66CB,斯馨段,22.59,都市：住,200000,682,持分移轉,00700000
RPRWMLSLOHGGFCF76CB,斯馨段,22.59,都市：住,200000,682,持分移轉,00700000
RPSWMLSLOHGGFCF86CB,斯馨段,22.59,都市：住,200000,682,持分移轉,00700000
RPUWMLSLOHGGFCF07CB,斯馨段,22.59,都市：住,200000,682,持分移轉,00700000
RPVWMLSLOHGGFCF17CB,斯馨段,22.59,都市：住,200000,682,持分移轉,00700000
RPXWMLSLOHGGFCF37CB,斯馨段,22.59,都市：住,200000,682,持分移轉,00700000
RPWWMLSLOHGGFCF27CB,斯馨段,22.59,都市：住,200000,682,持分移轉,00700000
RPONNLSLOHGGFCF28CB,斯馨段,22.59,都市：住,200000,682,持分移轉,00700000
RPRNNLSLOHGGFCF58CB,斯馨段,22.59,都市：住,200000,682,持分移轉,00700000
RPQNNLSLOHGGFCF48CB,斯馨段,22.59,都市：住,200000,682,持分移轉,00700000
RPPNNLSLOHGGFCF38CB,斯馨段,22.59,都市：住,200000,682,持分移轉,00700000
RPSNNLSLOHGGFCF68CB,斯馨段,22.59,都市：住,200000,682,持分移轉,00700000
RPTNNLSLOHGGFCF78CB,斯馨段,22.59,都市：住,200000,682,持分移轉,00700000
RPVNNLSLOHGGFCF98CB,斯馨段,22.59,都市：住,200000,682,持分移轉,00700000
RPWNNLSLOHGGFCF09CB,斯馨段,36.73,都市：住,10000,77,持分移轉,00490000
RPSONLSLOHGGFCF78CB,斯馨段,26.24,都市：住,10000,55,持分移轉,00490000
RPXNNLSLOHGGFCF56CB,斯馨段,36.73,都市：住,10000,77,持分移轉,00490000
RPUONLSLOHGGFCF98CB,斯馨段,25.67,都市：住,200000,775,持分移轉,00700000
RPTONLSLOHGGFCF88CB,斯馨段,25.67,都市：住,200000,775,持分移轉,00700000
RPWONLSLOHGGFCF56CB,斯馨段,25.67,都市：住,200000,775,持分移轉,00700000
RPXONLSLOHGGFCF66CB,斯馨段,25.80,都市：住,200000,779,持分移轉,00700000
RPVONLSLOHGGFCF09CB,斯馨段,25.67,都市：住,200000,775,持分移轉,00700000
RPOPNLSLOHGGFCF48CB,斯馨段,26.33,都市：住,200000,795,持分移轉,00700000
RPPPNLSLOHGGFCF58CB,斯馨段,25.67,都市：住,200000,775,持分移轉,00700000
RPQPNLSLOHGGFCF68CB,斯馨段,25.67,都市：住,200000,775,持分移轉,00700000
RPRPNLSLOHGGFCF78CB,斯馨段,25.67,都市：住,200000,775,持分移轉,00700000
RPSPNLSLOHGGFCF88CB,斯馨段,25.67,都市：住,200000,775,持分移轉,00700000
RPUPNLSLOHGGFCF09CB,斯馨段,25.67,都市：住,200000,775,持分移轉,00700000
RPWPNLSLOHGGFCF66CB,斯馨段,20.90,都市：住,200000,631,持分移轉,00700000
RPTPNLSLOHGGFCF98CB,斯馨段,25.67,都市：住,200000,775,持分移轉,00700000
RPXPNLSLOHGGFCF76CB,斯馨段,20.90,都市：住,200000,631,持分移轉,00700000
RPVPNLSLOHGGFCF56CB,斯馨段,34.71,都市：住,200000,1048,持分移轉,00700000
RPOQNLSLOHGGFCF58CB,斯馨段,20.90,都市：住,200000,631,持分移轉,00700000
RPPQNLSLOHGGFCF68CB,斯馨段,20.90,都市：住,200000,631,持分移轉,00700000
RPQQNLSLOHGGFCF78CB,斯馨段,20.90,都市：住,200000,631,持分移轉,00700000
RPRQNLSLOHGGFCF88CB,斯馨段,20.90,都市：住,200000,631,持分移轉,00700000
RPSQNLSLOHGGFCF98CB,斯馨段,20.90,都市：住,200000,631,持分移轉,00700000
RPTQNLSLOHGGFCF09CB,斯馨段,20.90,都市：住,200000,631,持分移轉,00700000
RPVQNLSLOHGGFCF66CB,斯馨段,20.90,都市：住,200000,631,持分移轉,00700000
RPWQNLSLOHGGFCF76CB,斯馨段,20.90,都市：住,200000,631,持分移轉,00700000
RPXQNLSLOHGGFCF86CB,斯馨段,35.37,都市：住,100000,898,持分移轉,01060000
RPPRNLSLOHGGFCF78CB,斯馨段,50.77,都市：住,100000,1289,持分移轉,01060000
RPORNLSLOHGGFCF68CB,斯馨段,35.37,都市：住,100000,898,持分移轉,01060000
RPQRNLSLOHGGFCF88CB,斯馨段,35.37,都市：住,100000,898,持分移轉,01060000
RPSRNLSLOHGGFCF09CB,斯馨段,20.90,都市：住,200000,631,持分移轉,00700000
RPTRNLSLOHGGFCF56CB,斯馨段,35.37,都市：住,100000,898,持分移轉,01060000
RPURNLSLOHGGFCF66CB,斯馨段,20.90,都市：住,200000,631,持分移轉,00700000
RPWRNLSLOHGGFCF86CB,斯馨段,20.90,都市：住,200000,631,持分移轉,00700000
RPVRNLSLOHGGFCF76CB,斯馨段,35.37,都市：住,100000,898,持分移轉,01060000
RPXRNLSLOHGGFCF96CB,斯馨段,35.37,都市：住,100000,898,持分移轉,01060000
RPOSNLSLOHGGFCF78CB,斯馨段,20.90,都市：住,200000,631,持分移轉,00700000
RPPSNLSLOHGGFCF88CB,斯馨段,35.37,都市：住,100000,898,持分移轉,01060000
RPQSNLSLOHGGFCF98CB,斯馨段,20.90,都市：住,200000,631,持分移轉,00700000
RPTSNLSLOHGGFCF66CB,斯馨段,35.37,都市：住,100000,898,持分移轉,01060000
RPUSNLSLOHGGFCF76CB,斯馨段,20.90,都市：住,200000,631,持分移轉,00700000
RPVSNLSLOHGGFCF86CB,斯馨段,20.90,都市：住,200000,631,持分移轉,00700000
RPXSNLSLOHGGFCF07CB,斯馨段,35.33,都市：住,100000,897,持分移轉,01060000
RPOTNLSLOHGGFCF88CB,斯馨段,35.33,都市：住,100000,897,持分移轉,01060000
RPWSNLSLOHGGFCF96CB,斯馨段,20.90,都市：住,200000,631,持分移轉,00700000
RPQTNLSLOHGGFCF09CB,斯馨段,35.33,都市：住,100000,897,持分移轉,01060000
RPPTNLSLOHGGFCF98CB,斯馨段,35.33,都市：住,100000,897,持分移轉,01060000
RPVTNLSLOHGGFCF96CB,斯馨段,21.46,都市：住,200000,648,持分移轉,00700000
RPSTNLSLOHGGFCF66CB,斯馨段,21.46,都市：住,200000,648,持分移轉,00700000
RPUTNLSLOHGGFCF86CB,斯馨段,21.46,都市：住,200000,648,持分移轉,00700000
RPTTNLSLOHGGFCF76CB,斯馨段,21.46,都市：住,200000,648,持分移轉,00700000
RPWTNLSLOHGGFCF07CB,斯馨段,21.46,都市：住,200000,648,持分移轉,00700000
RPOUNLSLOHGGFCF98CB,斯馨段,21.46,都市：住,200000,648,持分移轉,00700000
RPXTNLSLOHGGFCF17CB,斯馨段,21.46,都市：住,200000,648,持分移轉,00700000
RPPUNLSLOHGGFCF09CB,斯馨段,35.33,都市：住,100000,897,持分移轉,01060000
RPRUNLSLOHGGFCF66CB,斯馨段,21.46,都市：住,200000,648,持分移轉,00700000
RPQUNLSLOHGGFCF56CB,斯馨段,35.33,都市：住,100000,897,持分移轉,01060000
RPSUNLSLOHGGFCF76CB,斯馨段,35.33,都市：住,100000,897,持分移轉,01060000
RPTUNLSLOHGGFCF86CB,斯馨段,21.46,都市：住,200000,648,持分移轉,00700000
RPVUNLSLOHGGFCF07CB,斯馨段,21.46,都市：住,200000,648,持分移轉,00700000
RPWUNLSLOHGGFCF17CB,斯馨段,35.33,都市：住,100000,897,持分移轉,01060000
RPXUNLSLOHGGFCF27CB,斯馨段,35.37,都市：住,100000,898,持分移轉,01060000
RPQVNLSLOHGGFCF66CB,斯馨段,21.46,都市：住,200000,648,持分移轉,00700000
RPOVNLSLOHGGFCF09CB,斯馨段,50.77,都市：住,100000,1289,持分移轉,01060000
RPPVNLSLOHGGFCF56CB,斯馨段,21.46,都市：住,200000,648,持分移轉,00700000
RPRVNLSLOHGGFCF76CB,斯馨段,21.59,都市：住,200000,652,持分移轉,00700000
RPTVNLSLOHGGFCF96CB,斯馨段,35.33,都市：住,100000,897,持分移轉,01060000
RPSVNLSLOHGGFCF86CB,斯馨段,21.46,都市：住,200000,648,持分移轉,00700000
RPVVNLSLOHGGFCF17CB,斯馨段,35.37,都市：住,100000,898,持分移轉,01060000
RPUVNLSLOHGGFCF07CB,斯馨段,21.46,都市：住,200000,648,持分移轉,00700000
RPWVNLSLOHGGFCF27CB,斯馨段,21.46,都市：住,200000,648,持分移轉,00700000
RPPWNLSLOHGGFCF66CB,斯馨段,35.37,都市：住,100000,898,持分移轉,01060000
RPXVNLSLOHGGFCF37CB,斯馨段,35.37,都市：住,100000,898,持分移轉,01060000
RPQWNLSLOHGGFCF76CB,斯馨段,21.46,都市：住,200000,648,持分移轉,00700000
RPSWNLSLOHGGFCF96CB,斯馨段,21.46,都市：住,200000,648,持分移轉,00700000
RPTWNLSLOHGGFCF07CB,斯馨段,21.46,都市：住,200000,648,持分移轉,00700000
RPVWNLSLOHGGFCF27CB,斯馨段,35.37,都市：住,100000,898,持分移轉,01060000
RPUWNLSLOHGGFCF17CB,斯馨段,21.46,都市：住,200000,648,持分移轉,00700000
RPWWNLSLOHGGFCF37CB,斯馨段,35.37,都市：住,100000,898,持分移轉,01060000
RPXWNLSLOHGGFCF47CB,斯馨段,35.37,都市：住,100000,898,持分移轉,01060000
RPONOLSLOHGGFCF38CB,斯馨段,35.37,都市：住,100000,898,持分移轉,01060000
RPPNOLSLOHGGFCF48CB,斯馨段,35.37,都市：住,100000,898,持分移轉,01060000
RPQNOLSLOHGGFCF58CB,斯馨段,35.37,都市：住,100000,898,持分移轉,01060000
RPRNOLSLOHGGFCF68CB,斯馨段,20.10,都市：住,200000,607,持分移轉,00700000
RPTNOLSLOHGGFCF88CB,斯馨段,19.44,都市：住,200000,587,持分移轉,00700000
RPSNOLSLOHGGFCF78CB,斯馨段,20.10,都市：住,200000,607,持分移轉,00700000
RPVNOLSLOHGGFCF09CB,斯馨段,20.10,都市：住,200000,607,持分移轉,00700000
RPOOOLSLOHGGFCF48CB,斯馨段,20.10,都市：住,200000,607,持分移轉,00700000
RPPOOLSLOHGGFCF58CB,斯馨段,20.10,都市：住,200000,607,持分移轉,00700000
RPWNOLSLOHGGFCF56CB,斯馨段,20.10,都市：住,200000,607,持分移轉,00700000
RPTOOLSLOHGGFCF98CB,斯馨段,35.37,都市：住,100000,898,持分移轉,01060000
RPSOOLSLOHGGFCF88CB,斯馨段,20.10,都市：住,200000,607,持分移轉,00700000
RPXOOLSLOHGGFCF76CB,斯馨段,20.10,都市：住,200000,607,持分移轉,00700000
RPUOOLSLOHGGFCF09CB,斯馨段,20.10,都市：住,200000,607,持分移轉,00700000
RPQOOLSLOHGGFCF68CB,斯馨段,35.37,都市：住,100000,898,持分移轉,01060000
RPOPOLSLOHGGFCF58CB,斯馨段,35.37,都市：住,100000,898,持分移轉,01060000
RPPPOLSLOHGGFCF68CB,斯馨段,35.33,都市：住,100000,897,持分移轉,01060000
RPPQOLSLOHGGFCF78CB,斯馨段,20.10,都市：住,200000,607,持分移轉,00700000
RPTPOLSLOHGGFCF09CB,斯馨段,35.33,都市：住,100000,897,持分移轉,01060000
RPXPOLSLOHGGFCF86CB,斯馨段,20.10,都市：住,200000,607,持分移轉,00700000
RPUPOLSLOHGGFCF56CB,斯馨段,35.33,都市：住,100000,897,持分移轉,01060000
RPRPOLSLOHGGFCF88CB,斯馨段,35.33,都市：住,100000,897,持分移轉,01060000
RPSPOLSLOHGGFCF98CB,斯馨段,35.33,都市：住,100000,897,持分移轉,01060000
RPOQOLSLOHGGFCF68CB,斯馨段,20.10,都市：住,200000,607,持分移轉,00700000
RPQQOLSLOHGGFCF88CB,斯馨段,70.87,都市：住,200000,2140,持分移轉,00700000
RPWPOLSLOHGGFCF76CB,斯馨段,35.33,都市：住,100000,897,持分移轉,01060000
RPVPOLSLOHGGFCF66CB,斯馨段,35.33,都市：住,100000,897,持分移轉,01060000
RPRQOLSLOHGGFCF98CB,斯馨段,70.11,都市：住,200000,2117,持分移轉,00700000
RPUQOLSLOHGGFCF66CB,斯馨段,70.87,都市：住,200000,2140,持分移轉,00700000
RPTQOLSLOHGGFCF56CB,斯馨段,70.77,都市：住,200000,2137,持分移轉,00700000
RPSQOLSLOHGGFCF09CB,斯馨段,86.64,都市：住,200000,2616,持分移轉,00700000
RPPROLSLOHGGFCF88CB,斯馨段,28.48,都市：住,100000,723,持分移轉,01060000
RPOROLSLOHGGFCF78CB,斯馨段,20.10,都市：住,200000,607,持分移轉,00700000
RPQROLSLOHGGFCF98CB,斯馨段,20.10,都市：住,200000,607,持分移轉,00700000
RPXQOLSLOHGGFCF96CB,斯馨段,28.48,都市：住,100000,723,持分移轉,01060000
RPVQOLSLOHGGFCF76CB,斯馨段,28.48,都市：住,100000,723,持分移轉,01060000
RPRROLSLOHGGFCF09CB,斯馨段,28.48,都市：住,100000,723,持分移轉,01060000
RPUROLSLOHGGFCF76CB,斯馨段,35.33,都市：住,100000,897,持分移轉,01060000
RPSROLSLOHGGFCF56CB,斯馨段,28.48,都市：住,100000,723,持分移轉,01060000
RPTROLSLOHGGFCF66CB,斯馨段,28.48,都市：住,100000,723,持分移轉,01060000
RPPSOLSLOHGGFCF98CB,斯馨段,22.98,都市：住,200000,694,持分移轉,00700000
RPXROLSLOHGGFCF07CB,斯馨段,22.98,都市：住,200000,694,持分移轉,00700000
RPVROLSLOHGGFCF86CB,斯馨段,35.33,都市：住,100000,897,持分移轉,01060000
RPQSOLSLOHGGFCF09CB,斯馨段,35.33,都市：住,100000,897,持分移轉,01060000
RPOSOLSLOHGGFCF88CB,斯馨段,35.33,都市：住,100000,897,持分移轉,01060000
RPRSOLSLOHGGFCF56CB,斯馨段,22.98,都市：住,200000,694,持分移轉,00700000
RPSSOLSLOHGGFCF66CB,斯馨段,22.98,都市：住,200000,694,持分移轉,00700000
RPTSOLSLOHGGFCF76CB,斯馨段,22.98,都市：住,200000,694,持分移轉,00700000
RPUSOLSLOHGGFCF86CB,斯馨段,22.98,都市：住,200000,694,持分移轉,00700000
RPOTOLSLOHGGFCF98CB,斯馨段,19.93,都市：住,100000,506,持分移轉,01060000
RPVSOLSLOHGGFCF96CB,斯馨段,22.98,都市：住,200000,694,持分移轉,00700000
RPPTOLSLOHGGFCF09CB,斯馨段,22.98,都市：住,200000,694,持分移轉,00700000
RPXSOLSLOHGGFCF17CB,斯馨段,22.98,都市：住,200000,694,持分移轉,00700000
RPQTOLSLOHGGFCF56CB,斯馨段,19.93,都市：住,100000,506,持分移轉,01060000
RPSTOLSLOHGGFCF76CB,斯馨段,19.93,都市：住,100000,506,持分移轉,01060000
RPTTOLSLOHGGFCF86CB,斯馨段,28.48,都市：住,100000,723,持分移轉,01060000
RPRTOLSLOHGGFCF66CB,斯馨段,19.93,都市：住,100000,506,持分移轉,01060000
RPUTOLSLOHGGFCF96CB,斯馨段,28.48,都市：住,100000,723,持分移轉,01060000
RPVTOLSLOHGGFCF07CB,斯馨段,28.48,都市：住,100000,723,持分移轉,01060000
RPWTOLSLOHGGFCF17CB,斯馨段,28.48,都市：住,100000,723,持分移轉,01060000
RPPUOLSLOHGGFCF56CB,斯馨段,23.12,都市：住,200000,698,持分移轉,00700000
RPOUOLSLOHGGFCF09CB,斯馨段,28.48,都市：住,100000,723,持分移轉,01060000
RPRUOLSLOHGGFCF76CB,斯馨段,22.98,都市：住,200000,694,持分移轉,00700000
RPXTOLSLOHGGFCF27CB,斯馨段,22.98,都市：住,200000,694,持分移轉,00700000
RPUUOLSLOHGGFCF07CB,斯馨段,22.98,都市：住,200000,694,持分移轉,00700000
RPSUOLSLOHGGFCF86CB,斯馨段,22.98,都市：住,200000,694,持分移轉,00700000
RPVUOLSLOHGGFCF17CB,斯馨段,22.98,都市：住,200000,694,持分移轉,00700000
RPWUOLSLOHGGFCF27CB,斯馨段,22.98,都市：住,200000,694,持分移轉,00700000
RPOVOLSLOHGGFCF56CB,斯馨段,35.07,都市：住,200000,1059,持分移轉,00700000
RPQVOLSLOHGGFCF76CB,斯馨段,34.34,都市：住,200000,1037,持分移轉,00700000
RPPVOLSLOHGGFCF66CB,斯馨段,28.48,都市：住,100000,723,持分移轉,01060000
RPRVOLSLOHGGFCF86CB,斯馨段,19.93,都市：住,100000,506,持分移轉,01060000
RPSVOLSLOHGGFCF96CB,斯馨段,19.93,都市：住,100000,506,持分移轉,01060000
RPTVOLSLOHGGFCF07CB,斯馨段,19.93,都市：住,100000,506,持分移轉,01060000
RPWVOLSLOHGGFCF37CB,斯馨段,14.60,都市：住,200000,441,持分移轉,00700000
RPUVOLSLOHGGFCF17CB,斯馨段,19.93,都市：住,100000,506,持分移轉,01060000
RPXVOLSLOHGGFCF47CB,斯馨段,14.60,都市：住,200000,441,持分移轉,00700000
RPPWOLSLOHGGFCF76CB,斯馨段,22.98,都市：住,200000,694,持分移轉,00700000
RPUWOLSLOHGGFCF27CB,斯馨段,19.93,都市：住,100000,506,持分移轉,01060000
RPTWOLSLOHGGFCF17CB,斯馨段,22.98,都市：住,200000,694,持分移轉,00700000
RPOWOLSLOHGGFCF66CB,斯馨段,22.98,都市：住,200000,694,持分移轉,00700000
RPSWOLSLOHGGFCF07CB,斯馨段,19.93,都市：住,100000,506,持分移轉,01060000
RPQWOLSLOHGGFCF86CB,斯馨段,22.98,都市：住,200000,694,持分移轉,00700000
RPVWOLSLOHGGFCF37CB,斯馨段,25.20,都市：住,200000,761,持分移轉,00700000
RPONPLSLOHGGFCF48CB,斯馨段,19.93,都市：住,100000,506,持分移轉,01060000
RPPNPLSLOHGGFCF58CB,斯馨段,14.60,都市：住,200000,441,持分移轉,00700000
RPQNPLSLOHGGFCF68CB,斯馨段,19.93,都市：住,100000,506,持分移轉,01060000
RPSNPLSLOHGGFCF88CB,斯馨段,28.48,都市：住,100000,723,持分移轉,01060000
RPUNPLSLOHGGFCF09CB,斯馨段,28.48,都市：住,100000,723,持分移轉,01060000
RPVNPLSLOHGGFCF56CB,斯馨段,13.94,都市：住,200000,421,持分移轉,00700000
RPPOPLSLOHGGFCF68CB,斯馨段,13.94,都市：住,200000,421,持分移轉,00700000
RPWNPLSLOHGGFCF66CB,斯馨段,13.94,都市：住,200000,421,持分移轉,00700000
RPTNPLSLOHGGFCF98CB,斯馨段,14.60,都市：住,200000,441,持分移轉,00700000
RPOOPLSLOHGGFCF58CB,斯馨段,13.94,都市：住,200000,421,持分移轉,00700000
RPQOPLSLOHGGFCF78CB,斯馨段,28.48,都市：住,100000,723,持分移轉,01060000
RPROPLSLOHGGFCF88CB,斯馨段,13.94,都市：住,200000,421,持分移轉,00700000
RPUOPLSLOHGGFCF56CB,斯馨段,28.48,都市：住,100000,723,持分移轉,01060000
RPSOPLSLOHGGFCF98CB,斯馨段,28.48,都市：住,100000,723,持分移轉,01060000
RPXOPLSLOHGGFCF86CB,斯馨段,13.94,都市：住,200000,421,持分移轉,00700000
RPPPPLSLOHGGFCF78CB,斯馨段,28.48,都市：住,100000,723,持分移轉,01060000
RPVOPLSLOHGGFCF66CB,斯馨段,13.94,都市：住,200000,421,持分移轉,00700000
RPOPPLSLOHGGFCF68CB,斯馨段,14.60,都市：住,200000,441,持分移轉,00700000
RPRPPLSLOHGGFCF98CB,斯馨段,14.60,都市：住,200000,441,持分移轉,00700000
RPSPPLSLOHGGFCF09CB,斯馨段,28.48,都市：住,100000,723,持分移轉,01060000
RPTPPLSLOHGGFCF56CB,斯馨段,28.48,都市：住,100000,723,持分移轉,01060000
RPVPPLSLOHGGFCF76CB,斯馨段,28.48,都市：住,100000,723,持分移轉,01060000
RPWPPLSLOHGGFCF86CB,斯馨段,28.48,都市：住,100000,723,持分移轉,01060000
RPXPPLSLOHGGFCF96CB,斯馨段,28.48,都市：住,100000,723,持分移轉,01060000
RPOQPLSLOHGGFCF78CB,斯馨段,28.48,都市：住,100000,723,持分移轉,01060000
RPPQPLSLOHGGFCF88CB,斯馨段,15.86,都市：住,200000,479,持分移轉,00700000
RPTQPLSLOHGGFCF66CB,斯馨段,15.86,都市：住,200000,479,持分移轉,00700000
RPQQPLSLOHGGFCF98CB,斯馨段,28.48,都市：住,100000,723,持分移轉,01060000
RPSQPLSLOHGGFCF56CB,斯馨段,28.48,都市：住,100000,723,持分移轉,01060000
RPRQPLSLOHGGFCF09CB,斯馨段,15.86,都市：住,200000,479,持分移轉,00700000
RPUQPLSLOHGGFCF76CB,斯馨段,28.48,都市：住,100000,723,持分移轉,01060000
RPVQPLSLOHGGFCF86CB,斯馨段,15.86,都市：住,200000,479,持分移轉,00700000
RPWQPLSLOHGGFCF96CB,斯馨段,28.48,都市：住,100000,723,持分移轉,01060000
RPORPLSLOHGGFCF88CB,斯馨段,28.48,都市：住,100000,723,持分移轉,01060000
RPPRPLSLOHGGFCF98CB,斯馨段,15.20,都市：住,200000,459,持分移轉,00700000
RPXQPLSLOHGGFCF07CB,斯馨段,15.86,都市：住,200000,479,持分移轉,00700000
RPURPLSLOHGGFCF86CB,斯馨段,15.20,都市：住,200000,459,持分移轉,00700000
RPSRPLSLOHGGFCF66CB,斯馨段,15.86,都市：住,200000,479,持分移轉,00700000
RPWRPLSLOHGGFCF07CB,斯馨段,15.20,都市：住,200000,459,持分移轉,00700000
RPXRPLSLOHGGFCF17CB,斯馨段,28.48,都市：住,100000,723,持分移轉,01060000
RPTRPLSLOHGGFCF76CB,斯馨段,15.86,都市：住,200000,479,持分移轉,00700000
RPOSPLSLOHGGFCF98CB,斯馨段,28.48,都市：住,100000,723,持分移轉,01060000
RPPSPLSLOHGGFCF09CB,斯馨段,28.48,都市：住,100000,723,持分移轉,01060000
RPQSPLSLOHGGFCF56CB,斯馨段,22.98,都市：住,200000,694,持分移轉,00700000
RPTSPLSLOHGGFCF86CB,斯馨段,22.98,都市：住,200000,694,持分移轉,00700000
RPSSPLSLOHGGFCF76CB,斯馨段,22.98,都市：住,200000,694,持分移轉,00700000
RPVSPLSLOHGGFCF07CB,斯馨段,28.48,都市：住,100000,723,持分移轉,01060000
RPWSPLSLOHGGFCF17CB,斯馨段,22.98,都市：住,200000,694,持分移轉,00700000
RPSTPLSLOHGGFCF86CB,斯馨段,22.98,都市：住,200000,694,持分移轉,00700000
RPPTPLSLOHGGFCF56CB,斯馨段,28.48,都市：住,100000,723,持分移轉,01060000
RPTTPLSLOHGGFCF96CB,斯馨段,22.98,都市：住,200000,694,持分移轉,00700000
RPQTPLSLOHGGFCF66CB,斯馨段,22.98,都市：住,200000,694,持分移轉,00700000
RPVTPLSLOHGGFCF17CB,斯馨段,23.65,都市：住,200000,714,持分移轉,00700000
RPWTPLSLOHGGFCF27CB,斯馨段,22.98,都市：住,200000,694,持分移轉,00700000
RPOUPLSLOHGGFCF56CB,斯馨段,21.99,都市：住,200000,664,持分移轉,00700000
RPQUPLSLOHGGFCF76CB,斯馨段,19.93,都市：住,100000,506,持分移轉,01060000
RPSUPLSLOHGGFCF96CB,斯馨段,20.10,都市：住,200000,607,持分移轉,00700000
RPPUPLSLOHGGFCF66CB,斯馨段,19.93,都市：住,100000,506,持分移轉,01060000
RPUUPLSLOHGGFCF17CB,斯馨段,19.44,都市：住,200000,587,持分移轉,00700000
RPTUPLSLOHGGFCF07CB,斯馨段,19.93,都市：住,100000,506,持分移轉,01060000
RPVUPLSLOHGGFCF27CB,斯馨段,19.93,都市：住,100000,506,持分移轉,01060000
RPOVPLSLOHGGFCF66CB,斯馨段,19.93,都市：住,100000,506,持分移轉,01060000
RPPVPLSLOHGGFCF76CB,斯馨段,20.10,都市：住,200000,607,持分移轉,00700000
RPQVPLSLOHGGFCF86CB,斯馨段,19.93,都市：住,100000,506,持分移轉,01060000
RPTVPLSLOHGGFCF17CB,斯馨段,20.10,都市：住,200000,607,持分移轉,00700000
RPRVPLSLOHGGFCF96CB,斯馨段,20.10,都市：住,200000,607,持分移轉,00700000
RPSVPLSLOHGGFCF07CB,斯馨段,19.93,都市：住,100000,506,持分移轉,01060000
RPVVPLSLOHGGFCF37CB,斯馨段,19.93,都市：住,100000,506,持分移轉,01060000
RPWVPLSLOHGGFCF47CB,斯馨段,19.44,都市：住,200000,587,持分移轉,00700000
RPOWPLSLOHGGFCF76CB,斯馨段,20.10,都市：住,200000,607,持分移轉,00700000
RPQWPLSLOHGGFCF96CB,斯馨段,28.48,都市：住,100000,723,持分移轉,01060000
RPRWPLSLOHGGFCF07CB,斯馨段,20.10,都市：住,200000,607,持分移轉,00700000
RPSWPLSLOHGGFCF17CB,斯馨段,28.48,都市：住,100000,723,持分移轉,01060000
RPTWPLSLOHGGFCF27CB,斯馨段,20.10,都市：住,200000,607,持分移轉,00700000
RPVWPLSLOHGGFCF47CB,斯馨段,20.10,都市：住,200000,607,持分移轉,00700000
RPWWPLSLOHGGFCF57CB,斯馨段,20.10,都市：住,200000,607,持分移轉,00700000
RPONQLSLOHGGFCF58CB,斯馨段,19.93,都市：住,100000,506,持分移轉,01060000
RPPNQLSLOHGGFCF68CB,斯馨段,20.10,都市：住,200000,607,持分移轉,00700000
RPTNQLSLOHGGFCF09CB,斯馨段,19.93,都市：住,100000,506,持分移轉,01060000
RPQNQLSLOHGGFCF78CB,斯馨段,19.93,都市：住,100000,506,持分移轉,01060000
RPUNQLSLOHGGFCF56CB,斯馨段,19.93,都市：住,100000,506,持分移轉,01060000
RPVNQLSLOHGGFCF66CB,斯馨段,19.44,都市：住,200000,587,持分移轉,00700000
RPWNQLSLOHGGFCF76CB,斯馨段,28.48,都市：住,100000,723,持分移轉,01060000
RPXNQLSLOHGGFCF86CB,斯馨段,20.10,都市：住,200000,607,持分移轉,00700000
RPPOQLSLOHGGFCF78CB,斯馨段,20.10,都市：住,200000,607,持分移轉,00700000
RPROQLSLOHGGFCF98CB,斯馨段,20.10,都市：住,200000,607,持分移轉,00700000
RPTOQLSLOHGGFCF56CB,斯馨段,20.10,都市：住,200000,607,持分移轉,00700000
RPUOQLSLOHGGFCF66CB,斯馨段,20.10,都市：住,200000,607,持分移轉,00700000
RPSOQLSLOHGGFCF09CB,斯馨段,20.10,都市：住,200000,607,持分移轉,00700000
RPVOQLSLOHGGFCF76CB,斯馨段,28.48,都市：住,100000,723,持分移轉,01060000
RPWOQLSLOHGGFCF86CB,斯馨段,28.48,都市：住,100000,723,持分移轉,01060000
RPXOQLSLOHGGFCF96CB,斯馨段,13.94,都市：住,200000,421,持分移轉,00700000
RPPPQLSLOHGGFCF88CB,斯馨段,28.48,都市：住,100000,723,持分移轉,01060000
RPQPQLSLOHGGFCF98CB,斯馨段,13.94,都市：住,200000,421,持分移轉,00700000
RPRPQLSLOHGGFCF09CB,斯馨段,28.48,都市：住,100000,723,持分移轉,01060000
RPUPQLSLOHGGFCF76CB,斯馨段,28.48,都市：住,100000,723,持分移轉,01060000
RPRQQLSLOHGGFCF56CB,斯馨段,14.60,都市：住,200000,441,持分移轉,00700000
RPQQQLSLOHGGFCF09CB,斯馨段,13.94,都市：住,200000,421,持分移轉,00700000
RPSQQLSLOHGGFCF66CB,斯馨段,14.60,都市：住,200000,441,持分移轉,00700000
RPUQQLSLOHGGFCF86CB,斯馨段,13.94,都市：住,200000,421,持分移轉,00700000
RPVQQLSLOHGGFCF96CB,斯馨段,14.60,都市：住,200000,441,持分移轉,00700000
RPTQQLSLOHGGFCF76CB,斯馨段,13.94,都市：住,200000,421,持分移轉,00700000
RPXQQLSLOHGGFCF17CB,斯馨段,13.94,都市：住,200000,421,持分移轉,00700000
RPWQQLSLOHGGFCF07CB,斯馨段,13.94,都市：住,200000,421,持分移轉,00700000
RPPRQLSLOHGGFCF09CB,斯馨段,13.94,都市：住,200000,421,持分移轉,00700000
RPURQLSLOHGGFCF96CB,斯馨段,13.94,都市：住,200000,421,持分移轉,00700000
RPSRQLSLOHGGFCF76CB,斯馨段,14.60,都市：住,200000,441,持分移轉,00700000
RPTRQLSLOHGGFCF86CB,斯馨段,13.94,都市：住,200000,421,持分移轉,00700000
RPVRQLSLOHGGFCF07CB,斯馨段,13.94,都市：住,200000,421,持分移轉,00700000
RPOSQLSLOHGGFCF09CB,斯馨段,13.94,都市：住,200000,421,持分移轉,00700000
RPXRQLSLOHGGFCF27CB,斯馨段,14.60,都市：住,200000,441,持分移轉,00700000
RPPSQLSLOHGGFCF56CB,斯馨段,14.60,都市：住,200000,441,持分移轉,00700000
RPSSQLSLOHGGFCF86CB,斯馨段,12.92,都市：住,200000,390,持分移轉,00700000
RPWSQLSLOHGGFCF27CB,斯馨段,12.92,都市：住,200000,390,持分移轉,00700000
RPUSQLSLOHGGFCF07CB,斯馨段,13.58,都市：住,200000,410,持分移轉,00700000
RPTTQLSLOHGGFCF07CB,斯馨段,12.92,都市：住,200000,390,持分移轉,00700000
RPXTQLSLOHGGFCF47CB,斯馨段,12.92,都市：住,200000,390,持分移轉,00700000
RPRTQLSLOHGGFCF86CB,斯馨段,12.92,都市：住,200000,390,持分移轉,00700000
RPPUQLSLOHGGFCF76CB,斯馨段,12.92,都市：住,200000,390,持分移轉,00700000
RPUUQLSLOHGGFCF27CB,斯馨段,13.58,都市：住,200000,410,持分移轉,00700000
RPRUQLSLOHGGFCF96CB,斯馨段,12.92,都市：住,200000,390,持分移轉,00700000
RPWUQLSLOHGGFCF47CB,斯馨段,12.92,都市：住,200000,390,持分移轉,00700000
RPQVQLSLOHGGFCF96CB,斯馨段,12.92,都市：住,200000,390,持分移轉,00700000
RPPVQLSLOHGGFCF86CB,斯馨段,12.92,都市：住,200000,390,持分移轉,00700000
RPRVQLSLOHGGFCF07CB,斯馨段,28.48,都市：住,100000,723,持分移轉,01060000
RPOVQLSLOHGGFCF76CB,斯馨段,12.92,都市：住,200000,390,持分移轉,00700000
RPUVQLSLOHGGFCF37CB,斯馨段,28.48,都市：住,100000,723,持分移轉,01060000
RPTVQLSLOHGGFCF27CB,斯馨段,12.92,都市：住,200000,390,持分移轉,00700000
RPXUQLSLOHGGFCF57CB,斯馨段,12.92,都市：住,200000,390,持分移轉,00700000
RPVVQLSLOHGGFCF47CB,斯馨段,12.92,都市：住,200000,390,持分移轉,00700000
RPXVQLSLOHGGFCF67CB,斯馨段,28.48,都市：住,100000,723,持分移轉,01060000
RPTWQLSLOHGGFCF37CB,斯馨段,12.92,都市：住,200000,390,持分移轉,00700000
RPSWQLSLOHGGFCF27CB,斯馨段,28.48,都市：住,100000,723,持分移轉,01060000
RPVWQLSLOHGGFCF57CB,斯馨段,12.92,都市：住,200000,390,持分移轉,00700000
RPONRLSLOHGGFCF68CB,斯馨段,25.00,都市：住,200000,755,持分移轉,00700000
RPRNRLSLOHGGFCF98CB,斯馨段,14.44,都市：住,200000,436,持分移轉,00700000
RPUWQLSLOHGGFCF47CB,斯馨段,28.48,都市：住,100000,723,持分移轉,01060000
RPXWQLSLOHGGFCF77CB,斯馨段,12.92,都市：住,200000,390,持分移轉,00700000
RPPNRLSLOHGGFCF78CB,斯馨段,23.12,都市：住,200000,698,持分移轉,00700000
RPSNRLSLOHGGFCF09CB,斯馨段,14.34,都市：住,200000,433,持分移轉,00700000
RPVNRLSLOHGGFCF76CB,斯馨段,18.12,都市：住,200000,547,持分移轉,00700000
RPTNRLSLOHGGFCF56CB,斯馨段,13.11,都市：住,200000,396,持分移轉,00700000
RPOOMLSLOHGGFGF68CB,仁信段,25.25,都市：住,100000,1585,持分移轉,00620000
RPUOMLSLOHGGFGF66CB,仁信段,25.09,都市：住,100000,1575,持分移轉,00620000
RPPOMLSLOHGGFGF78CB,仁信段,25.09,都市：住,100000,1575,持分移轉,00620000
RPSOMLSLOHGGFGF09CB,仁信段,25.09,都市：住,100000,1575,持分移轉,00620000
RPQOMLSLOHGGFGF88CB,仁信段,25.09,都市：住,100000,1575,持分移轉,00620000
RPTOMLSLOHGGFGF56CB,仁信段,25.09,都市：住,100000,1575,持分移轉,00620000
RPXNMLSLOHGGFGF86CB,仁信段,25.09,都市：住,100000,1575,持分移轉,00620000
RPWOMLSLOHGGFGF86CB,仁信段,12.63,都市：住,100000,793,持分移轉,00620000
RPVOMLSLOHGGFGF76CB,仁信段,12.63,都市：住,100000,793,持分移轉,00620000
RPXOMLSLOHGGFGF96CB,仁信段,12.63,都市：住,100000,793,持分移轉,00620000
RPOPMLSLOHGGFGF78CB,仁信段,12.47,都市：住,100000,783,持分移轉,00620000
RPPPMLSLOHGGFGF88CB,仁信段,12.63,都市：住,100000,793,持分移轉,00620000
RPQPMLSLOHGGFGF98CB,仁信段,12.63,都市：住,100000,793,持分移轉,00620000
RPSPMLSLOHGGFGF56CB,仁信段,12.63,都市：住,100000,793,持分移轉,00620000
RPTPMLSLOHGGFGF66CB,仁信段,12.63,都市：住,100000,793,持分移轉,00620000
RPUPMLSLOHGGFGF76CB,仁信段,12.63,都市：住,100000,793,持分移轉,00620000
RPWPMLSLOHGGFGF96CB,仁信段,12.47,都市：住,100000,783,持分移轉,00620000
RPXPMLSLOHGGFGF07CB,仁信段,12.63,都市：住,100000,793,持分移轉,00620000
RPOQMLSLOHGGFGF88CB,仁信段,12.47,都市：住,100000,783,持分移轉,00620000
RPVPMLSLOHGGFGF86CB,仁信段,12.47,都市：住,100000,783,持分移轉,00620000
RPPQMLSLOHGGFGF98CB,仁信段,12.63,都市：住,100000,793,持分移轉,00620000
RPQQMLSLOHGGFGF09CB,仁信段,12.63,都市：住,100000,793,持分移轉,00620000
RPRQMLSLOHGGFGF56CB,仁信段,12.63,都市：住,100000,793,持分移轉,00620000
RPSQMLSLOHGGFGF66CB,仁信段,12.63,都市：住,100000,793,持分移轉,00620000
RPTQMLSLOHGGFGF76CB,仁信段,25.09,都市：住,100000,1575,持分移轉,00620000
RPUQMLSLOHGGFGF86CB,仁信段,25.09,都市：住,100000,1575,持分移轉,00620000
RPVQMLSLOHGGFGF96CB,仁信段,25.09,都市：住,100000,1575,持分移轉,00620000
RPWQMLSLOHGGFGF07CB,仁信段,25.09,都市：住,100000,1575,持分移轉,00620000
RPXQMLSLOHGGFGF17CB,仁信段,25.09,都市：住,100000,1575,持分移轉,00620000
RPORMLSLOHGGFGF98CB,仁信段,19.42,都市：住,100000,1219,持分移轉,00620000
RPPRMLSLOHGGFGF09CB,仁信段,19.42,都市：住,100000,1219,持分移轉,00620000
RPTRMLSLOHGGFGF86CB,仁信段,14.70,都市：住,100000,923,持分移轉,00620000
RPQRMLSLOHGGFGF56CB,仁信段,19.42,都市：住,100000,1219,持分移轉,00620000
RPRRMLSLOHGGFGF66CB,仁信段,14.70,都市：住,100000,923,持分移轉,00620000
RPVRMLSLOHGGFGF07CB,仁信段,14.70,都市：住,100000,923,持分移轉,00620000
RPURMLSLOHGGFGF96CB,仁信段,14.86,都市：住,100000,933,持分移轉,00620000
RPWRMLSLOHGGFGF17CB,仁信段,14.86,都市：住,100000,933,持分移轉,00620000
RPXRMLSLOHGGFGF27CB,仁信段,20.37,都市：住,100000,1279,持分移轉,00620000
RPOSMLSLOHGGFGF09CB,仁信段,20.39,都市：住,100000,1280,持分移轉,00620000
RPQSMLSLOHGGFGF66CB,仁信段,14.70,都市：住,100000,923,持分移轉,00620000
RPVTMLSLOHGGFGF27CB,仁信段,13.54,都市：住,100000,1130,持分移轉,00080000
RPXSMLSLOHGGFGF37CB,仁信段,13.54,都市：住,100000,1130,持分移轉,00080000
RPXTMLSLOHGGFGF47CB,仁信段,18.85,都市：住,100000,1573,持分移轉,00080000
RPPUMLSLOHGGFGF76CB,仁信段,19.04,都市：住,100000,1589,持分移轉,00080000
RPPSMLSLOHGGFGF56CB,仁信段,20.39,都市：住,100000,1280,持分移轉,00620000
RPPNMLSLOHGGFAF08CB,明德段,12.62,都市：住,100000,379,持分移轉,03580000
RPQNMLSLOHGGFAF18CB,明德段,12.62,都市：住,100000,379,持分移轉,03580000
RPSNMLSLOHGGFAF38CB,明德段,12.62,都市：住,100000,379,持分移轉,03580000
RPRNMLSLOHGGFAF28CB,明德段,12.62,都市：住,100000,379,持分移轉,03580000
RPUNMLSLOHGGFAF58CB,明德段,12.62,都市：住,100000,379,持分移轉,03580000
RPTNMLSLOHGGFAF48CB,明德段,12.62,都市：住,100000,379,持分移轉,03580000
RPRSMLSLOHGGFBF88CB,力行段,11.87,都市：商,100000,601,持分移轉,02110000
RPRQMLSLOHGGFAF58CB,江翠段,.77,都市：住,100000,404,持分移轉,00820000
RPRQMLSLOHGGFAF58CB,江翠段,1.47,都市：住,100000,404,持分移轉,00730000
RPRQMLSLOHGGFAF58CB,江翠段,2.23,都市：住,100000,404,持分移轉,00780000
RPRQMLSLOHGGFAF58CB,江翠段,2.21,都市：住,100000,404,持分移轉,00790000
RPRQMLSLOHGGFAF58CB,江翠段,2.95,都市：住,100000,404,持分移轉,00800000
RPRQMLSLOHGGFAF58CB,江翠段,2.06,都市：住,100000,404,持分移轉,00830000
RPRQMLSLOHGGFAF58CB,江翠段,4.84,都市：住,100000,404,持分移轉,00750000
RPRQMLSLOHGGFAF58CB,江翠段,.05,都市：住,100000,404,持分移轉,00760001
RPRQMLSLOHGGFAF58CB,江翠段,1.46,都市：住,100000,404,持分移轉,00810000
RPRQMLSLOHGGFAF58CB,江翠段,1.99,都市：住,100000,404,持分移轉,00720000
RPVRMLSLOHGGFBF56CB,力行段,7.88,都市：商,100000,399,持分移轉,02110000
RPUQMLSLOHGGFAF88CB,江翠段,.77,都市：住,100000,399,持分移轉,00820000
RPUQMLSLOHGGFAF88CB,江翠段,1.45,都市：住,100000,399,持分移轉,00730000
RPUQMLSLOHGGFAF88CB,江翠段,2.20,都市：住,100000,399,持分移轉,00780000
RPUQMLSLOHGGFAF88CB,江翠段,2.18,都市：住,100000,399,持分移轉,00790000
RPUQMLSLOHGGFAF88CB,江翠段,2.92,都市：住,100000,399,持分移轉,00800000
RPUQMLSLOHGGFAF88CB,江翠段,2.04,都市：住,100000,399,持分移轉,00830000
RPUQMLSLOHGGFAF88CB,江翠段,4.78,都市：住,100000,399,持分移轉,00750000
RPUQMLSLOHGGFAF88CB,江翠段,.05,都市：住,100000,399,持分移轉,00760001
RPUQMLSLOHGGFAF88CB,江翠段,1.45,都市：住,100000,399,持分移轉,00810000
RPUQMLSLOHGGFAF88CB,江翠段,1.96,都市：住,100000,399,持分移轉,00720000
RPVQMLSLOHGGFAF98CB,江翠段,.77,都市：住,100000,404,持分移轉,00820000
RPVQMLSLOHGGFAF98CB,江翠段,1.47,都市：住,100000,404,持分移轉,00730000
RPVQMLSLOHGGFAF98CB,江翠段,2.23,都市：住,100000,404,持分移轉,00780000
RPVQMLSLOHGGFAF98CB,江翠段,2.21,都市：住,100000,404,持分移轉,00790000
RPVQMLSLOHGGFAF98CB,江翠段,2.95,都市：住,100000,404,持分移轉,00800000
RPVQMLSLOHGGFAF98CB,江翠段,2.06,都市：住,100000,404,持分移轉,00830000
RPVQMLSLOHGGFAF98CB,江翠段,4.84,都市：住,100000,404,持分移轉,00750000
RPWQMLSLOHGGFAF09CB,江翠段,.81,都市：住,100000,422,持分移轉,00820000
RPWQMLSLOHGGFAF09CB,江翠段,1.53,都市：住,100000,422,持分移轉,00730000
RPWQMLSLOHGGFAF09CB,江翠段,2.32,都市：住,100000,422,持分移轉,00780000
RPWQMLSLOHGGFAF09CB,江翠段,2.31,都市：住,100000,422,持分移轉,00790000
RPWQMLSLOHGGFAF09CB,江翠段,3.09,都市：住,100000,422,持分移轉,00800000
RPWQMLSLOHGGFAF09CB,江翠段,2.16,都市：住,100000,422,持分移轉,00830000
RPWQMLSLOHGGFAF09CB,江翠段,5.05,都市：住,100000,422,持分移轉,00750000
RPWQMLSLOHGGFAF09CB,江翠段,.05,都市：住,100000,422,持分移轉,00760001
RPWQMLSLOHGGFAF09CB,江翠段,1.53,都市：住,100000,422,持分移轉,00810000
RPWQMLSLOHGGFAF09CB,江翠段,2.08,都市：住,100000,422,持分移轉,00720000
RPVQMLSLOHGGFAF98CB,江翠段,.05,都市：住,100000,404,持分移轉,00760001
RPVQMLSLOHGGFAF98CB,江翠段,1.46,都市：住,100000,404,持分移轉,00810000
RPVQMLSLOHGGFAF98CB,江翠段,1.99,都市：住,100000,404,持分移轉,00720000
RPORMLSLOHGGFAF38CB,江翠段,.93,都市：住,100000,483,持分移轉,00820000
RPORMLSLOHGGFAF38CB,江翠段,1.75,都市：住,100000,483,持分移轉,00730000
RPORMLSLOHGGFAF38CB,江翠段,2.66,都市：住,100000,483,持分移轉,00780000
RPORMLSLOHGGFAF38CB,江翠段,2.64,都市：住,100000,483,持分移轉,00790000
RPORMLSLOHGGFAF38CB,江翠段,3.53,都市：住,100000,483,持分移轉,00800000
RPORMLSLOHGGFAF38CB,江翠段,2.47,都市：住,100000,483,持分移轉,00830000
RPORMLSLOHGGFAF38CB,江翠段,5.78,都市：住,100000,483,持分移轉,00750000
RPORMLSLOHGGFAF38CB,江翠段,.06,都市：住,100000,483,持分移轉,00760001
RPORMLSLOHGGFAF38CB,江翠段,1.75,都市：住,100000,483,持分移轉,00810000
RPORMLSLOHGGFAF38CB,江翠段,2.38,都市：住,100000,483,持分移轉,00720000
RPRRMLSLOHGGFAF68CB,江翠段,.93,都市：住,100000,483,持分移轉,00820000
RPRRMLSLOHGGFAF68CB,江翠段,1.75,都市：住,100000,483,持分移轉,00730000
RPRRMLSLOHGGFAF68CB,江翠段,2.66,都市：住,100000,483,持分移轉,00780000
RPRRMLSLOHGGFAF68CB,江翠段,2.64,都市：住,100000,483,持分移轉,00790000
RPRRMLSLOHGGFAF68CB,江翠段,3.53,都市：住,100000,483,持分移轉,00800000
RPRRMLSLOHGGFAF68CB,江翠段,2.47,都市：住,100000,483,持分移轉,00830000
RPRRMLSLOHGGFAF68CB,江翠段,5.78,都市：住,100000,483,持分移轉,00750000
RPRRMLSLOHGGFAF68CB,江翠段,.06,都市：住,100000,483,持分移轉,00760001
RPRRMLSLOHGGFAF68CB,江翠段,1.75,都市：住,100000,483,持分移轉,00810000
RPRRMLSLOHGGFAF68CB,江翠段,2.38,都市：住,100000,483,持分移轉,00720000
RPPRMLSLOHGGFAF48CB,江翠段,.92,都市：住,100000,478,持分移轉,00820000
RPPRMLSLOHGGFAF48CB,江翠段,1.73,都市：住,100000,478,持分移轉,00730000
RPPRMLSLOHGGFAF48CB,江翠段,2.63,都市：住,100000,478,持分移轉,00780000
RPPRMLSLOHGGFAF48CB,江翠段,2.61,都市：住,100000,478,持分移轉,00790000
RPPRMLSLOHGGFAF48CB,江翠段,3.50,都市：住,100000,478,持分移轉,00800000
RPPRMLSLOHGGFAF48CB,江翠段,2.44,都市：住,100000,478,持分移轉,00830000
RPPRMLSLOHGGFAF48CB,江翠段,5.72,都市：住,100000,478,持分移轉,00750000
RPPRMLSLOHGGFAF48CB,江翠段,.06,都市：住,100000,478,持分移轉,00760001
RPPRMLSLOHGGFAF48CB,江翠段,1.73,都市：住,100000,478,持分移轉,00810000
RPPRMLSLOHGGFAF48CB,江翠段,2.35,都市：住,100000,478,持分移轉,00720000
RPSRMLSLOHGGFAF78CB,江翠段,.93,都市：住,100000,483,持分移轉,00820000
RPSRMLSLOHGGFAF78CB,江翠段,1.75,都市：住,100000,483,持分移轉,00730000
RPSRMLSLOHGGFAF78CB,江翠段,2.66,都市：住,100000,483,持分移轉,00780000
RPSRMLSLOHGGFAF78CB,江翠段,2.64,都市：住,100000,483,持分移轉,00790000
RPSRMLSLOHGGFAF78CB,江翠段,3.53,都市：住,100000,483,持分移轉,00800000
RPSRMLSLOHGGFAF78CB,江翠段,2.47,都市：住,100000,483,持分移轉,00830000
RPSRMLSLOHGGFAF78CB,江翠段,5.78,都市：住,100000,483,持分移轉,00750000
RPSRMLSLOHGGFAF78CB,江翠段,.06,都市：住,100000,483,持分移轉,00760001
RPSRMLSLOHGGFAF78CB,江翠段,1.75,都市：住,100000,483,持分移轉,00810000
RPSRMLSLOHGGFAF78CB,江翠段,2.38,都市：住,100000,483,持分移轉,00720000
RPXRMLSLOHGGFAF66CB,江翠段,.93,都市：住,100000,483,持分移轉,00820000
RPXRMLSLOHGGFAF66CB,江翠段,1.75,都市：住,100000,483,持分移轉,00730000
RPXRMLSLOHGGFAF66CB,江翠段,2.66,都市：住,100000,483,持分移轉,00780000
RPXRMLSLOHGGFAF66CB,江翠段,2.64,都市：住,100000,483,持分移轉,00790000
RPXRMLSLOHGGFAF66CB,江翠段,3.53,都市：住,100000,483,持分移轉,00800000
RPXRMLSLOHGGFAF66CB,江翠段,2.47,都市：住,100000,483,持分移轉,00830000
RPXRMLSLOHGGFAF66CB,江翠段,5.78,都市：住,100000,483,持分移轉,00750000
RPXRMLSLOHGGFAF66CB,江翠段,.06,都市：住,100000,483,持分移轉,00760001
RPXRMLSLOHGGFAF66CB,江翠段,1.75,都市：住,100000,483,持分移轉,00810000
RPXRMLSLOHGGFAF66CB,江翠段,2.38,都市：住,100000,483,持分移轉,00720000
RPURMLSLOHGGFAF98CB,江翠段,1.05,都市：住,100000,549,持分移轉,00820000
RPURMLSLOHGGFAF98CB,江翠段,1.99,都市：住,100000,549,持分移轉,00730000
RPURMLSLOHGGFAF98CB,江翠段,3.02,都市：住,100000,549,持分移轉,00780000
RPURMLSLOHGGFAF98CB,江翠段,3.00,都市：住,100000,549,持分移轉,00790000
RPURMLSLOHGGFAF98CB,江翠段,4.02,都市：住,100000,549,持分移轉,00800000
RPURMLSLOHGGFAF98CB,江翠段,2.80,都市：住,100000,549,持分移轉,00830000
RPURMLSLOHGGFAF98CB,江翠段,6.57,都市：住,100000,549,持分移轉,00750000
RPURMLSLOHGGFAF98CB,江翠段,.07,都市：住,100000,549,持分移轉,00760001
RPURMLSLOHGGFAF98CB,江翠段,1.99,都市：住,100000,549,持分移轉,00810000
RPURMLSLOHGGFAF98CB,江翠段,2.70,都市：住,100000,549,持分移轉,00720000
RPPSMLSLOHGGFAF58CB,江翠段,.84,都市：住,100000,439,持分移轉,00820000
RPPSMLSLOHGGFAF58CB,江翠段,1.59,都市：住,100000,439,持分移轉,00730000
RPPSMLSLOHGGFAF58CB,江翠段,2.42,都市：住,100000,439,持分移轉,00780000
RPPSMLSLOHGGFAF58CB,江翠段,2.40,都市：住,100000,439,持分移轉,00790000
RPPSMLSLOHGGFAF58CB,江翠段,3.21,都市：住,100000,439,持分移轉,00800000
RPPSMLSLOHGGFAF58CB,江翠段,2.24,都市：住,100000,439,持分移轉,00830000
RPPSMLSLOHGGFAF58CB,江翠段,5.26,都市：住,100000,439,持分移轉,00750000
RPPSMLSLOHGGFAF58CB,江翠段,.05,都市：住,100000,439,持分移轉,00760001
RPPSMLSLOHGGFAF58CB,江翠段,1.59,都市：住,100000,439,持分移轉,00810000
RPPSMLSLOHGGFAF58CB,江翠段,2.16,都市：住,100000,439,持分移轉,00720000
RPQSMLSLOHGGFAF68CB,江翠段,.88,都市：住,100000,461,持分移轉,00820000
RPQSMLSLOHGGFAF68CB,江翠段,1.67,都市：住,100000,461,持分移轉,00730000
RPQSMLSLOHGGFAF68CB,江翠段,2.54,都市：住,100000,461,持分移轉,00780000
RPQSMLSLOHGGFAF68CB,江翠段,2.52,都市：住,100000,461,持分移轉,00790000
RPQSMLSLOHGGFAF68CB,江翠段,3.37,都市：住,100000,461,持分移轉,00800000
RPQSMLSLOHGGFAF68CB,江翠段,2.35,都市：住,100000,461,持分移轉,00830000
RPQSMLSLOHGGFAF68CB,江翠段,5.52,都市：住,100000,461,持分移轉,00750000
RPQSMLSLOHGGFAF68CB,江翠段,.05,都市：住,100000,461,持分移轉,00760001
RPQSMLSLOHGGFAF68CB,江翠段,1.67,都市：住,100000,461,持分移轉,00810000
RPQSMLSLOHGGFAF68CB,江翠段,2.27,都市：住,100000,461,持分移轉,00720000
RPRSMLSLOHGGFAF78CB,江翠段,.88,都市：住,100000,461,持分移轉,00820000
RPRSMLSLOHGGFAF78CB,江翠段,1.67,都市：住,100000,461,持分移轉,00730000
RPRSMLSLOHGGFAF78CB,江翠段,2.54,都市：住,100000,461,持分移轉,00780000
RPRSMLSLOHGGFAF78CB,江翠段,2.52,都市：住,100000,461,持分移轉,00790000
RPRSMLSLOHGGFAF78CB,江翠段,3.37,都市：住,100000,461,持分移轉,00800000
RPRSMLSLOHGGFAF78CB,江翠段,2.35,都市：住,100000,461,持分移轉,00830000
RPRSMLSLOHGGFAF78CB,江翠段,5.52,都市：住,100000,461,持分移轉,00750000
RPRSMLSLOHGGFAF78CB,江翠段,.05,都市：住,100000,461,持分移轉,00760001
RPRSMLSLOHGGFAF78CB,江翠段,1.67,都市：住,100000,461,持分移轉,00810000
RPRSMLSLOHGGFAF78CB,江翠段,2.27,都市：住,100000,461,持分移轉,00720000
RPTSMLSLOHGGFAF98CB,江翠段,.90,都市：住,100000,467,持分移轉,00820000
RPTSMLSLOHGGFAF98CB,江翠段,1.69,都市：住,100000,467,持分移轉,00730000
RPTSMLSLOHGGFAF98CB,江翠段,2.57,都市：住,100000,467,持分移轉,00780000
RPTSMLSLOHGGFAF98CB,江翠段,2.55,都市：住,100000,467,持分移轉,00790000
RPTSMLSLOHGGFAF98CB,江翠段,3.42,都市：住,100000,467,持分移轉,00800000
RPTSMLSLOHGGFAF98CB,江翠段,2.39,都市：住,100000,467,持分移轉,00830000
RPTSMLSLOHGGFAF98CB,江翠段,5.59,都市：住,100000,467,持分移轉,00750000
RPVSMLSLOHGGFAF56CB,江翠段,.88,都市：住,100000,461,持分移轉,00820000
RPTSMLSLOHGGFAF98CB,江翠段,.06,都市：住,100000,467,持分移轉,00760001
RPVSMLSLOHGGFAF56CB,江翠段,1.67,都市：住,100000,461,持分移轉,00730000
RPVSMLSLOHGGFAF56CB,江翠段,2.54,都市：住,100000,461,持分移轉,00780000
RPTSMLSLOHGGFAF98CB,江翠段,1.69,都市：住,100000,467,持分移轉,00810000
RPVSMLSLOHGGFAF56CB,江翠段,2.52,都市：住,100000,461,持分移轉,00790000
RPVSMLSLOHGGFAF56CB,江翠段,3.37,都市：住,100000,461,持分移轉,00800000
RPTSMLSLOHGGFAF98CB,江翠段,2.30,都市：住,100000,467,持分移轉,00720000
RPVSMLSLOHGGFAF56CB,江翠段,2.35,都市：住,100000,461,持分移轉,00830000
RPVSMLSLOHGGFAF56CB,江翠段,5.52,都市：住,100000,461,持分移轉,00750000
RPVSMLSLOHGGFAF56CB,江翠段,.05,都市：住,100000,461,持分移轉,00760001
RPVSMLSLOHGGFAF56CB,江翠段,1.67,都市：住,100000,461,持分移轉,00810000
RPVSMLSLOHGGFAF56CB,江翠段,2.27,都市：住,100000,461,持分移轉,00720000
RPOTMLSLOHGGFAF58CB,江翠段,.88,都市：住,100000,461,持分移轉,00820000
RPOTMLSLOHGGFAF58CB,江翠段,1.67,都市：住,100000,461,持分移轉,00730000
RPOTMLSLOHGGFAF58CB,江翠段,2.54,都市：住,100000,461,持分移轉,00780000
RPOTMLSLOHGGFAF58CB,江翠段,2.52,都市：住,100000,461,持分移轉,00790000
RPOTMLSLOHGGFAF58CB,江翠段,3.37,都市：住,100000,461,持分移轉,00800000
RPOTMLSLOHGGFAF58CB,江翠段,2.35,都市：住,100000,461,持分移轉,00830000
RPOTMLSLOHGGFAF58CB,江翠段,5.52,都市：住,100000,461,持分移轉,00750000
RPOTMLSLOHGGFAF58CB,江翠段,.05,都市：住,100000,461,持分移轉,00760001
RPOTMLSLOHGGFAF58CB,江翠段,1.67,都市：住,100000,461,持分移轉,00810000
RPOTMLSLOHGGFAF58CB,江翠段,2.27,都市：住,100000,461,持分移轉,00720000
RPPTMLSLOHGGFAF68CB,江翠段,.88,都市：住,100000,461,持分移轉,00820000
RPPTMLSLOHGGFAF68CB,江翠段,1.67,都市：住,100000,461,持分移轉,00730000
RPPTMLSLOHGGFAF68CB,江翠段,2.54,都市：住,100000,461,持分移轉,00780000
RPPTMLSLOHGGFAF68CB,江翠段,2.52,都市：住,100000,461,持分移轉,00790000
RPTTMLSLOHGGFAF09CB,江翠段,.88,都市：住,100000,461,持分移轉,00820000
RPPTMLSLOHGGFAF68CB,江翠段,3.37,都市：住,100000,461,持分移轉,00800000
RPTTMLSLOHGGFAF09CB,江翠段,1.67,都市：住,100000,461,持分移轉,00730000
RPPTMLSLOHGGFAF68CB,江翠段,2.35,都市：住,100000,461,持分移轉,00830000
RPTTMLSLOHGGFAF09CB,江翠段,2.54,都市：住,100000,461,持分移轉,00780000
RPPTMLSLOHGGFAF68CB,江翠段,5.52,都市：住,100000,461,持分移轉,00750000
RPTTMLSLOHGGFAF09CB,江翠段,2.52,都市：住,100000,461,持分移轉,00790000
RPTTMLSLOHGGFAF09CB,江翠段,3.37,都市：住,100000,461,持分移轉,00800000
RPPTMLSLOHGGFAF68CB,江翠段,.05,都市：住,100000,461,持分移轉,00760001
RPTTMLSLOHGGFAF09CB,江翠段,2.35,都市：住,100000,461,持分移轉,00830000
RPTTMLSLOHGGFAF09CB,江翠段,5.52,都市：住,100000,461,持分移轉,00750000
RPPTMLSLOHGGFAF68CB,江翠段,1.67,都市：住,100000,461,持分移轉,00810000
RPTTMLSLOHGGFAF09CB,江翠段,.05,都市：住,100000,461,持分移轉,00760001
RPPTMLSLOHGGFAF68CB,江翠段,2.27,都市：住,100000,461,持分移轉,00720000
RPTTMLSLOHGGFAF09CB,江翠段,1.67,都市：住,100000,461,持分移轉,00810000
RPQTMLSLOHGGFAF78CB,江翠段,.88,都市：住,100000,461,持分移轉,00820000
RPTTMLSLOHGGFAF09CB,江翠段,2.27,都市：住,100000,461,持分移轉,00720000
RPQTMLSLOHGGFAF78CB,江翠段,1.67,都市：住,100000,461,持分移轉,00730000
RPQTMLSLOHGGFAF78CB,江翠段,2.54,都市：住,100000,461,持分移轉,00780000
RPQTMLSLOHGGFAF78CB,江翠段,2.52,都市：住,100000,461,持分移轉,00790000
RPQTMLSLOHGGFAF78CB,江翠段,3.37,都市：住,100000,461,持分移轉,00800000
RPQTMLSLOHGGFAF78CB,江翠段,2.35,都市：住,100000,461,持分移轉,00830000
RPQTMLSLOHGGFAF78CB,江翠段,5.52,都市：住,100000,461,持分移轉,00750000
RPQTMLSLOHGGFAF78CB,江翠段,.05,都市：住,100000,461,持分移轉,00760001
RPQTMLSLOHGGFAF78CB,江翠段,1.67,都市：住,100000,461,持分移轉,00810000
RPQTMLSLOHGGFAF78CB,江翠段,2.27,都市：住,100000,461,持分移轉,00720000
RPVTMLSLOHGGFAF66CB,江翠段,.88,都市：住,100000,461,持分移轉,00820000
RPVTMLSLOHGGFAF66CB,江翠段,1.67,都市：住,100000,461,持分移轉,00730000
RPVTMLSLOHGGFAF66CB,江翠段,2.54,都市：住,100000,461,持分移轉,00780000
RPVTMLSLOHGGFAF66CB,江翠段,2.52,都市：住,100000,461,持分移轉,00790000
RPVTMLSLOHGGFAF66CB,江翠段,3.37,都市：住,100000,461,持分移轉,00800000
RPVTMLSLOHGGFAF66CB,江翠段,2.35,都市：住,100000,461,持分移轉,00830000
RPVTMLSLOHGGFAF66CB,江翠段,5.52,都市：住,100000,461,持分移轉,00750000
RPVTMLSLOHGGFAF66CB,江翠段,.05,都市：住,100000,461,持分移轉,00760001
RPVTMLSLOHGGFAF66CB,江翠段,1.67,都市：住,100000,461,持分移轉,00810000
RPVTMLSLOHGGFAF66CB,江翠段,2.27,都市：住,100000,461,持分移轉,00720000
RPXTMLSLOHGGFAF86CB,江翠段,.87,都市：住,100000,456,持分移轉,00820000
RPXTMLSLOHGGFAF86CB,江翠段,1.65,都市：住,100000,456,持分移轉,00730000
RPXTMLSLOHGGFAF86CB,江翠段,2.51,都市：住,100000,456,持分移轉,00780000
RPXTMLSLOHGGFAF86CB,江翠段,2.49,都市：住,100000,456,持分移轉,00790000
RPXTMLSLOHGGFAF86CB,江翠段,3.34,都市：住,100000,456,持分移轉,00800000
RPXTMLSLOHGGFAF86CB,江翠段,2.33,都市：住,100000,456,持分移轉,00830000
RPXTMLSLOHGGFAF86CB,江翠段,5.46,都市：住,100000,456,持分移轉,00750000
RPXTMLSLOHGGFAF86CB,江翠段,.05,都市：住,100000,456,持分移轉,00760001
RPXTMLSLOHGGFAF86CB,江翠段,1.65,都市：住,100000,456,持分移轉,00810000
RPXTMLSLOHGGFAF86CB,江翠段,2.24,都市：住,100000,456,持分移轉,00720000
RPRVMLSLOHGGFAF09CB,江翠段,.82,都市：住,100000,430,持分移轉,00820000
RPRVMLSLOHGGFAF09CB,江翠段,1.56,都市：住,100000,430,持分移轉,00730000
RPRVMLSLOHGGFAF09CB,江翠段,2.37,都市：住,100000,430,持分移轉,00780000
RPQVMLSLOHGGFAF98CB,江翠段,.81,都市：住,100000,425,持分移轉,00820000
RPRVMLSLOHGGFAF09CB,江翠段,2.35,都市：住,100000,430,持分移轉,00790000
RPQVMLSLOHGGFAF98CB,江翠段,1.54,都市：住,100000,425,持分移轉,00730000
RPRVMLSLOHGGFAF09CB,江翠段,3.15,都市：住,100000,430,持分移轉,00800000
RPQVMLSLOHGGFAF98CB,江翠段,2.34,都市：住,100000,425,持分移轉,00780000
RPRVMLSLOHGGFAF09CB,江翠段,2.20,都市：住,100000,430,持分移轉,00830000
RPRVMLSLOHGGFAF09CB,江翠段,5.15,都市：住,100000,430,持分移轉,00750000
RPRVMLSLOHGGFAF09CB,江翠段,.05,都市：住,100000,430,持分移轉,00760001
RPRVMLSLOHGGFAF09CB,江翠段,1.56,都市：住,100000,430,持分移轉,00810000
RPRVMLSLOHGGFAF09CB,江翠段,2.11,都市：住,100000,430,持分移轉,00720000
RPQVMLSLOHGGFAF98CB,江翠段,2.32,都市：住,100000,425,持分移轉,00790000
RPQVMLSLOHGGFAF98CB,江翠段,3.11,都市：住,100000,425,持分移轉,00800000
RPQVMLSLOHGGFAF98CB,江翠段,2.17,都市：住,100000,425,持分移轉,00830000
RPQVMLSLOHGGFAF98CB,江翠段,5.09,都市：住,100000,425,持分移轉,00750000
RPQVMLSLOHGGFAF98CB,江翠段,.05,都市：住,100000,425,持分移轉,00760001
RPQVMLSLOHGGFAF98CB,江翠段,1.54,都市：住,100000,425,持分移轉,00810000
RPQVMLSLOHGGFAF98CB,江翠段,2.09,都市：住,100000,425,持分移轉,00720000
RPPVMLSLOHGGFAF88CB,江翠段,.87,都市：住,100000,456,持分移轉,00820000
RPPVMLSLOHGGFAF88CB,江翠段,1.65,都市：住,100000,456,持分移轉,00730000
RPPVMLSLOHGGFAF88CB,江翠段,2.51,都市：住,100000,456,持分移轉,00780000
RPPVMLSLOHGGFAF88CB,江翠段,2.49,都市：住,100000,456,持分移轉,00790000
RPPVMLSLOHGGFAF88CB,江翠段,3.34,都市：住,100000,456,持分移轉,00800000
RPPVMLSLOHGGFAF88CB,江翠段,2.33,都市：住,100000,456,持分移轉,00830000
RPPVMLSLOHGGFAF88CB,江翠段,5.46,都市：住,100000,456,持分移轉,00750000
RPSVMLSLOHGGFAF56CB,江翠段,.82,都市：住,100000,430,持分移轉,00820000
RPPVMLSLOHGGFAF88CB,江翠段,.05,都市：住,100000,456,持分移轉,00760001
RPSVMLSLOHGGFAF56CB,江翠段,1.56,都市：住,100000,430,持分移轉,00730000
RPPVMLSLOHGGFAF88CB,江翠段,1.65,都市：住,100000,456,持分移轉,00810000
RPSVMLSLOHGGFAF56CB,江翠段,2.37,都市：住,100000,430,持分移轉,00780000
RPPVMLSLOHGGFAF88CB,江翠段,2.24,都市：住,100000,456,持分移轉,00720000
RPSVMLSLOHGGFAF56CB,江翠段,2.35,都市：住,100000,430,持分移轉,00790000
RPSVMLSLOHGGFAF56CB,江翠段,3.15,都市：住,100000,430,持分移轉,00800000
RPSVMLSLOHGGFAF56CB,江翠段,2.20,都市：住,100000,430,持分移轉,00830000
RPSVMLSLOHGGFAF56CB,江翠段,5.15,都市：住,100000,430,持分移轉,00750000
RPSVMLSLOHGGFAF56CB,江翠段,.05,都市：住,100000,430,持分移轉,00760001
RPSVMLSLOHGGFAF56CB,江翠段,1.56,都市：住,100000,430,持分移轉,00810000
RPSVMLSLOHGGFAF56CB,江翠段,2.11,都市：住,100000,430,持分移轉,00720000
RPUVMLSLOHGGFAF76CB,江翠段,1.54,都市：住,100000,425,持分移轉,00810000
RPUVMLSLOHGGFAF76CB,江翠段,2.09,都市：住,100000,425,持分移轉,00720000
RPUVMLSLOHGGFAF76CB,江翠段,.81,都市：住,100000,425,持分移轉,00820000
RPUVMLSLOHGGFAF76CB,江翠段,1.54,都市：住,100000,425,持分移轉,00730000
RPUVMLSLOHGGFAF76CB,江翠段,2.34,都市：住,100000,425,持分移轉,00780000
RPUVMLSLOHGGFAF76CB,江翠段,2.32,都市：住,100000,425,持分移轉,00790000
RPUVMLSLOHGGFAF76CB,江翠段,3.11,都市：住,100000,425,持分移轉,00800000
RPUVMLSLOHGGFAF76CB,江翠段,2.17,都市：住,100000,425,持分移轉,00830000
RPUVMLSLOHGGFAF76CB,江翠段,5.09,都市：住,100000,425,持分移轉,00750000
RPUVMLSLOHGGFAF76CB,江翠段,.05,都市：住,100000,425,持分移轉,00760001
RPVVMLSLOHGGFAF86CB,江子翠段第一崁小段,2.35,都市：住,10000,212,持分移轉,00910024
RPXVMLSLOHGGFAF07CB,江子翠段第一崁小段,2.01,都市：住,10000,181,持分移轉,00910024
RPVVMLSLOHGGFAF86CB,江子翠段第一崁小段,1.84,都市：住,10000,212,持分移轉,00910025
RPXVMLSLOHGGFAF07CB,江子翠段第一崁小段,1.57,都市：住,10000,181,持分移轉,00910025
RPXVMLSLOHGGFAF07CB,江子翠段第一崁小段,1.61,都市：住,10000,181,持分移轉,00910026
RPVVMLSLOHGGFAF86CB,江子翠段第一崁小段,1.89,都市：住,10000,212,持分移轉,00910026
RPXVMLSLOHGGFAF07CB,江子翠段第一崁小段,1.25,都市：住,10000,181,持分移轉,00910027
RPVVMLSLOHGGFAF86CB,江子翠段第一崁小段,1.46,都市：住,10000,212,持分移轉,00910027
RPXVMLSLOHGGFAF07CB,江子翠段第一崁小段,2.19,都市：住,10000,181,持分移轉,00910028
RPVVMLSLOHGGFAF86CB,江子翠段第一崁小段,2.57,都市：住,10000,212,持分移轉,00910028
RPXVMLSLOHGGFAF07CB,江子翠段第一崁小段,1.41,都市：住,10000,181,持分移轉,00910029
RPVVMLSLOHGGFAF86CB,江子翠段第一崁小段,1.65,都市：住,10000,212,持分移轉,00910029
RPXVMLSLOHGGFAF07CB,江子翠段第一崁小段,1.43,都市：住,10000,181,持分移轉,00910030
RPVVMLSLOHGGFAF86CB,江子翠段第一崁小段,1.67,都市：住,10000,212,持分移轉,00910030
RPXVMLSLOHGGFAF07CB,江子翠段第一崁小段,2.10,都市：住,10000,181,持分移轉,00910031
RPVVMLSLOHGGFAF86CB,江子翠段第一崁小段,2.46,都市：住,10000,212,持分移轉,00910031
RPXVMLSLOHGGFAF07CB,江子翠段第一崁小段,2.37,都市：住,10000,181,持分移轉,00910032
RPVVMLSLOHGGFAF86CB,江子翠段第一崁小段,2.78,都市：住,10000,212,持分移轉,00910032
RPXVMLSLOHGGFAF07CB,江子翠段第一崁小段,2.23,都市：住,10000,181,持分移轉,00910033
RPVVMLSLOHGGFAF86CB,江子翠段第一崁小段,2.61,都市：住,10000,212,持分移轉,00910033
RPXVMLSLOHGGFAF07CB,江子翠段第一崁小段,.34,都市：住,10000,181,持分移轉,00910034
RPVVMLSLOHGGFAF86CB,江子翠段第一崁小段,.40,都市：住,10000,212,持分移轉,00910034
RPWVMLSLOHGGFAF96CB,江子翠段第一崁小段,2.35,都市：住,10000,212,持分移轉,00910024
RPWVMLSLOHGGFAF96CB,江子翠段第一崁小段,1.84,都市：住,10000,212,持分移轉,00910025
RPWVMLSLOHGGFAF96CB,江子翠段第一崁小段,1.89,都市：住,10000,212,持分移轉,00910026
RPWVMLSLOHGGFAF96CB,江子翠段第一崁小段,1.46,都市：住,10000,212,持分移轉,00910027
RPWVMLSLOHGGFAF96CB,江子翠段第一崁小段,2.57,都市：住,10000,212,持分移轉,00910028
RPWVMLSLOHGGFAF96CB,江子翠段第一崁小段,1.65,都市：住,10000,212,持分移轉,00910029
RPWVMLSLOHGGFAF96CB,江子翠段第一崁小段,1.67,都市：住,10000,212,持分移轉,00910030
RPWVMLSLOHGGFAF96CB,江子翠段第一崁小段,2.46,都市：住,10000,212,持分移轉,00910031
RPWVMLSLOHGGFAF96CB,江子翠段第一崁小段,2.78,都市：住,10000,212,持分移轉,00910032
RPWVMLSLOHGGFAF96CB,江子翠段第一崁小段,2.61,都市：住,10000,212,持分移轉,00910033
RPWVMLSLOHGGFAF96CB,江子翠段第一崁小段,.40,都市：住,10000,212,持分移轉,00910034
RPPWMLSLOHGGFAF98CB,江子翠段第一崁小段,2.35,都市：住,10000,212,持分移轉,00910024
RPPWMLSLOHGGFAF98CB,江子翠段第一崁小段,1.84,都市：住,10000,212,持分移轉,00910025
RPPWMLSLOHGGFAF98CB,江子翠段第一崁小段,1.89,都市：住,10000,212,持分移轉,00910026
RPPWMLSLOHGGFAF98CB,江子翠段第一崁小段,1.46,都市：住,10000,212,持分移轉,00910027
RPPWMLSLOHGGFAF98CB,江子翠段第一崁小段,2.57,都市：住,10000,212,持分移轉,00910028
RPPWMLSLOHGGFAF98CB,江子翠段第一崁小段,1.65,都市：住,10000,212,持分移轉,00910029
RPPWMLSLOHGGFAF98CB,江子翠段第一崁小段,1.67,都市：住,10000,212,持分移轉,00910030
RPPWMLSLOHGGFAF98CB,江子翠段第一崁小段,2.46,都市：住,10000,212,持分移轉,00910031
RPPWMLSLOHGGFAF98CB,江子翠段第一崁小段,2.78,都市：住,10000,212,持分移轉,00910032
RPPWMLSLOHGGFAF98CB,江子翠段第一崁小段,2.61,都市：住,10000,212,持分移轉,00910033
RPPWMLSLOHGGFAF98CB,江子翠段第一崁小段,.40,都市：住,10000,212,持分移轉,00910034
RPOWMLSLOHGGFAF88CB,江子翠段第一崁小段,2.85,都市：住,10000,257,持分移轉,00910024
RPOWMLSLOHGGFAF88CB,江子翠段第一崁小段,2.24,都市：住,10000,257,持分移轉,00910025
RPOWMLSLOHGGFAF88CB,江子翠段第一崁小段,2.29,都市：住,10000,257,持分移轉,00910026
RPOWMLSLOHGGFAF88CB,江子翠段第一崁小段,1.77,都市：住,10000,257,持分移轉,00910027
RPOWMLSLOHGGFAF88CB,江子翠段第一崁小段,3.11,都市：住,10000,257,持分移轉,00910028
RPOWMLSLOHGGFAF88CB,江子翠段第一崁小段,2.00,都市：住,10000,257,持分移轉,00910029
RPOWMLSLOHGGFAF88CB,江子翠段第一崁小段,2.03,都市：住,10000,257,持分移轉,00910030
RPOWMLSLOHGGFAF88CB,江子翠段第一崁小段,2.98,都市：住,10000,257,持分移轉,00910031
RPOWMLSLOHGGFAF88CB,江子翠段第一崁小段,3.37,都市：住,10000,257,持分移轉,00910032
RPOWMLSLOHGGFAF88CB,江子翠段第一崁小段,3.16,都市：住,10000,257,持分移轉,00910033
RPOWMLSLOHGGFAF88CB,江子翠段第一崁小段,.49,都市：住,10000,257,持分移轉,00910034
RPRWMLSLOHGGFAF56CB,江翠段,.81,都市：住,100000,425,持分移轉,00820000
RPRWMLSLOHGGFAF56CB,江翠段,1.54,都市：住,100000,425,持分移轉,00730000
RPRWMLSLOHGGFAF56CB,江翠段,2.34,都市：住,100000,425,持分移轉,00780000
RPRWMLSLOHGGFAF56CB,江翠段,2.32,都市：住,100000,425,持分移轉,00790000
RPRWMLSLOHGGFAF56CB,江翠段,3.11,都市：住,100000,425,持分移轉,00800000
RPRWMLSLOHGGFAF56CB,江翠段,2.17,都市：住,100000,425,持分移轉,00830000
RPRWMLSLOHGGFAF56CB,江翠段,5.09,都市：住,100000,425,持分移轉,00750000
RPRWMLSLOHGGFAF56CB,江翠段,.05,都市：住,100000,425,持分移轉,00760001
RPRWMLSLOHGGFAF56CB,江翠段,1.54,都市：住,100000,425,持分移轉,00810000
RPRWMLSLOHGGFAF56CB,江翠段,2.09,都市：住,100000,425,持分移轉,00720000
RPSWMLSLOHGGFAF66CB,江子翠段第一崁小段,2.35,都市：住,10000,212,持分移轉,00910024
RPSWMLSLOHGGFAF66CB,江子翠段第一崁小段,1.84,都市：住,10000,212,持分移轉,00910025
RPSWMLSLOHGGFAF66CB,江子翠段第一崁小段,1.89,都市：住,10000,212,持分移轉,00910026
RPSWMLSLOHGGFAF66CB,江子翠段第一崁小段,1.46,都市：住,10000,212,持分移轉,00910027
RPSWMLSLOHGGFAF66CB,江子翠段第一崁小段,2.57,都市：住,10000,212,持分移轉,00910028
RPSWMLSLOHGGFAF66CB,江子翠段第一崁小段,1.65,都市：住,10000,212,持分移轉,00910029
RPSWMLSLOHGGFAF66CB,江子翠段第一崁小段,1.67,都市：住,10000,212,持分移轉,00910030
RPSWMLSLOHGGFAF66CB,江子翠段第一崁小段,2.46,都市：住,10000,212,持分移轉,00910031
RPSWMLSLOHGGFAF66CB,江子翠段第一崁小段,2.78,都市：住,10000,212,持分移轉,00910032
RPSWMLSLOHGGFAF66CB,江子翠段第一崁小段,2.61,都市：住,10000,212,持分移轉,00910033
RPSWMLSLOHGGFAF66CB,江子翠段第一崁小段,.40,都市：住,10000,212,持分移轉,00910034
RPXWMLSLOHGGFAF17CB,江翠段,.81,都市：住,100000,425,持分移轉,00820000
RPVWMLSLOHGGFAF96CB,江子翠段第一崁小段,2.52,都市：住,10000,227,持分移轉,00910024
RPXWMLSLOHGGFAF17CB,江翠段,1.54,都市：住,100000,425,持分移轉,00730000
RPVWMLSLOHGGFAF96CB,江子翠段第一崁小段,1.97,都市：住,10000,227,持分移轉,00910025
RPXWMLSLOHGGFAF17CB,江翠段,2.34,都市：住,100000,425,持分移轉,00780000
RPVWMLSLOHGGFAF96CB,江子翠段第一崁小段,2.02,都市：住,10000,227,持分移轉,00910026
RPXWMLSLOHGGFAF17CB,江翠段,2.32,都市：住,100000,425,持分移轉,00790000
RPVWMLSLOHGGFAF96CB,江子翠段第一崁小段,1.57,都市：住,10000,227,持分移轉,00910027
RPXWMLSLOHGGFAF17CB,江翠段,3.11,都市：住,100000,425,持分移轉,00800000
RPVWMLSLOHGGFAF96CB,江子翠段第一崁小段,2.75,都市：住,10000,227,持分移轉,00910028
RPXWMLSLOHGGFAF17CB,江翠段,2.17,都市：住,100000,425,持分移轉,00830000
RPVWMLSLOHGGFAF96CB,江子翠段第一崁小段,1.77,都市：住,10000,227,持分移轉,00910029
RPXWMLSLOHGGFAF17CB,江翠段,5.09,都市：住,100000,425,持分移轉,00750000
RPVWMLSLOHGGFAF96CB,江子翠段第一崁小段,1.79,都市：住,10000,227,持分移轉,00910030
RPXWMLSLOHGGFAF17CB,江翠段,.05,都市：住,100000,425,持分移轉,00760001
RPVWMLSLOHGGFAF96CB,江子翠段第一崁小段,2.63,都市：住,10000,227,持分移轉,00910031
RPXWMLSLOHGGFAF17CB,江翠段,1.54,都市：住,100000,425,持分移轉,00810000
RPVWMLSLOHGGFAF96CB,江子翠段第一崁小段,2.97,都市：住,10000,227,持分移轉,00910032
RPXWMLSLOHGGFAF17CB,江翠段,2.09,都市：住,100000,425,持分移轉,00720000
RPVWMLSLOHGGFAF96CB,江子翠段第一崁小段,2.79,都市：住,10000,227,持分移轉,00910033
RPVWMLSLOHGGFAF96CB,江子翠段第一崁小段,.43,都市：住,10000,227,持分移轉,00910034
RPUWMLSLOHGGFAF86CB,江子翠段第一崁小段,2.35,都市：住,10000,212,持分移轉,00910024
RPUWMLSLOHGGFAF86CB,江子翠段第一崁小段,1.84,都市：住,10000,212,持分移轉,00910025
RPUWMLSLOHGGFAF86CB,江子翠段第一崁小段,1.89,都市：住,10000,212,持分移轉,00910026
RPUWMLSLOHGGFAF86CB,江子翠段第一崁小段,1.46,都市：住,10000,212,持分移轉,00910027
RPUWMLSLOHGGFAF86CB,江子翠段第一崁小段,2.57,都市：住,10000,212,持分移轉,00910028
RPUWMLSLOHGGFAF86CB,江子翠段第一崁小段,1.65,都市：住,10000,212,持分移轉,00910029
RPUWMLSLOHGGFAF86CB,江子翠段第一崁小段,1.67,都市：住,10000,212,持分移轉,00910030
RPUWMLSLOHGGFAF86CB,江子翠段第一崁小段,2.46,都市：住,10000,212,持分移轉,00910031
RPUWMLSLOHGGFAF86CB,江子翠段第一崁小段,2.78,都市：住,10000,212,持分移轉,00910032
RPUWMLSLOHGGFAF86CB,江子翠段第一崁小段,2.61,都市：住,10000,212,持分移轉,00910033
RPUWMLSLOHGGFAF86CB,江子翠段第一崁小段,.40,都市：住,10000,212,持分移轉,00910034
RPONNLSLOHGGFAF08CB,江子翠段第一崁小段,2.53,都市：住,10000,228,持分移轉,00910024
RPONNLSLOHGGFAF08CB,江子翠段第一崁小段,1.98,都市：住,10000,228,持分移轉,00910025
RPONNLSLOHGGFAF08CB,江子翠段第一崁小段,2.03,都市：住,10000,228,持分移轉,00910026
RPONNLSLOHGGFAF08CB,江子翠段第一崁小段,1.57,都市：住,10000,228,持分移轉,00910027
RPONNLSLOHGGFAF08CB,江子翠段第一崁小段,2.76,都市：住,10000,228,持分移轉,00910028
RPONNLSLOHGGFAF08CB,江子翠段第一崁小段,1.78,都市：住,10000,228,持分移轉,00910029
RPONNLSLOHGGFAF08CB,江子翠段第一崁小段,1.80,都市：住,10000,228,持分移轉,00910030
RPONNLSLOHGGFAF08CB,江子翠段第一崁小段,2.64,都市：住,10000,228,持分移轉,00910031
RPONNLSLOHGGFAF08CB,江子翠段第一崁小段,2.99,都市：住,10000,228,持分移轉,00910032
RPONNLSLOHGGFAF08CB,江子翠段第一崁小段,2.80,都市：住,10000,228,持分移轉,00910033
RPONNLSLOHGGFAF08CB,江子翠段第一崁小段,.43,都市：住,10000,228,持分移轉,00910034
RPSNNLSLOHGGFAF48CB,江翠段,.82,都市：住,100000,430,持分移轉,00820000
RPSNNLSLOHGGFAF48CB,江翠段,1.56,都市：住,100000,430,持分移轉,00730000
RPSNNLSLOHGGFAF48CB,江翠段,2.37,都市：住,100000,430,持分移轉,00780000
RPSNNLSLOHGGFAF48CB,江翠段,2.35,都市：住,100000,430,持分移轉,00790000
RPSNNLSLOHGGFAF48CB,江翠段,3.15,都市：住,100000,430,持分移轉,00800000
RPSNNLSLOHGGFAF48CB,江翠段,2.20,都市：住,100000,430,持分移轉,00830000
RPSNNLSLOHGGFAF48CB,江翠段,5.15,都市：住,100000,430,持分移轉,00750000
RPSNNLSLOHGGFAF48CB,江翠段,.05,都市：住,100000,430,持分移轉,00760001
RPSNNLSLOHGGFAF48CB,江翠段,1.56,都市：住,100000,430,持分移轉,00810000
RPSNNLSLOHGGFAF48CB,江翠段,2.11,都市：住,100000,430,持分移轉,00720000
RPPNNLSLOHGGFAF18CB,江子翠段第一崁小段,2.52,都市：住,10000,227,持分移轉,00910024
RPPNNLSLOHGGFAF18CB,江子翠段第一崁小段,1.97,都市：住,10000,227,持分移轉,00910025
RPPNNLSLOHGGFAF18CB,江子翠段第一崁小段,2.02,都市：住,10000,227,持分移轉,00910026
RPPNNLSLOHGGFAF18CB,江子翠段第一崁小段,1.57,都市：住,10000,227,持分移轉,00910027
RPPNNLSLOHGGFAF18CB,江子翠段第一崁小段,2.75,都市：住,10000,227,持分移轉,00910028
RPPNNLSLOHGGFAF18CB,江子翠段第一崁小段,1.77,都市：住,10000,227,持分移轉,00910029
RPPNNLSLOHGGFAF18CB,江子翠段第一崁小段,1.79,都市：住,10000,227,持分移轉,00910030
RPPNNLSLOHGGFAF18CB,江子翠段第一崁小段,2.63,都市：住,10000,227,持分移轉,00910031
RPPNNLSLOHGGFAF18CB,江子翠段第一崁小段,2.97,都市：住,10000,227,持分移轉,00910032
RPPNNLSLOHGGFAF18CB,江子翠段第一崁小段,2.79,都市：住,10000,227,持分移轉,00910033
RPPNNLSLOHGGFAF18CB,江子翠段第一崁小段,.43,都市：住,10000,227,持分移轉,00910034
RPUNNLSLOHGGFAF68CB,江子翠段第一崁小段,1.96,都市：住,10000,177,持分移轉,00910024
RPUNNLSLOHGGFAF68CB,江子翠段第一崁小段,1.54,都市：住,10000,177,持分移轉,00910025
RPUNNLSLOHGGFAF68CB,江子翠段第一崁小段,1.58,都市：住,10000,177,持分移轉,00910026
RPUNNLSLOHGGFAF68CB,江子翠段第一崁小段,1.22,都市：住,10000,177,持分移轉,00910027
RPQONLSLOHGGFAF38CB,江子翠段第一崁小段,2.08,都市：住,10000,187,持分移轉,00910024
RPUNNLSLOHGGFAF68CB,江子翠段第一崁小段,2.14,都市：住,10000,177,持分移轉,00910028
RPQONLSLOHGGFAF38CB,江子翠段第一崁小段,1.63,都市：住,10000,187,持分移轉,00910025
RPUNNLSLOHGGFAF68CB,江子翠段第一崁小段,1.38,都市：住,10000,177,持分移轉,00910029
RPQONLSLOHGGFAF38CB,江子翠段第一崁小段,1.66,都市：住,10000,187,持分移轉,00910026
RPUNNLSLOHGGFAF68CB,江子翠段第一崁小段,1.40,都市：住,10000,177,持分移轉,00910030
RPUNNLSLOHGGFAF68CB,江子翠段第一崁小段,2.05,都市：住,10000,177,持分移轉,00910031
RPQONLSLOHGGFAF38CB,江子翠段第一崁小段,1.29,都市：住,10000,187,持分移轉,00910027
RPOONLSLOHGGFAF18CB,江翠段,.81,都市：住,100000,425,持分移轉,00820000
RPUNNLSLOHGGFAF68CB,江子翠段第一崁小段,2.32,都市：住,10000,177,持分移轉,00910032
RPQONLSLOHGGFAF38CB,江子翠段第一崁小段,2.26,都市：住,10000,187,持分移轉,00910028
RPOONLSLOHGGFAF18CB,江翠段,1.54,都市：住,100000,425,持分移轉,00730000
RPUNNLSLOHGGFAF68CB,江子翠段第一崁小段,2.18,都市：住,10000,177,持分移轉,00910033
RPQONLSLOHGGFAF38CB,江子翠段第一崁小段,1.46,都市：住,10000,187,持分移轉,00910029
RPOONLSLOHGGFAF18CB,江翠段,2.34,都市：住,100000,425,持分移轉,00780000
RPUNNLSLOHGGFAF68CB,江子翠段第一崁小段,.34,都市：住,10000,177,持分移轉,00910034
RPQONLSLOHGGFAF38CB,江子翠段第一崁小段,1.48,都市：住,10000,187,持分移轉,00910030
RPOONLSLOHGGFAF18CB,江翠段,2.32,都市：住,100000,425,持分移轉,00790000
RPQONLSLOHGGFAF38CB,江子翠段第一崁小段,2.17,都市：住,10000,187,持分移轉,00910031
RPOONLSLOHGGFAF18CB,江翠段,3.11,都市：住,100000,425,持分移轉,00800000
RPQONLSLOHGGFAF38CB,江子翠段第一崁小段,2.45,都市：住,10000,187,持分移轉,00910032
RPOONLSLOHGGFAF18CB,江翠段,2.17,都市：住,100000,425,持分移轉,00830000
RPQONLSLOHGGFAF38CB,江子翠段第一崁小段,2.30,都市：住,10000,187,持分移轉,00910033
RPOONLSLOHGGFAF18CB,江翠段,5.09,都市：住,100000,425,持分移轉,00750000
RPQONLSLOHGGFAF38CB,江子翠段第一崁小段,.36,都市：住,10000,187,持分移轉,00910034
RPOONLSLOHGGFAF18CB,江翠段,.05,都市：住,100000,425,持分移轉,00760001
RPTNNLSLOHGGFAF58CB,江子翠段第一崁小段,2.52,都市：住,10000,227,持分移轉,00910024
RPOONLSLOHGGFAF18CB,江翠段,1.54,都市：住,100000,425,持分移轉,00810000
RPTNNLSLOHGGFAF58CB,江子翠段第一崁小段,1.97,都市：住,10000,227,持分移轉,00910025
RPOONLSLOHGGFAF18CB,江翠段,2.09,都市：住,100000,425,持分移轉,00720000
RPTNNLSLOHGGFAF58CB,江子翠段第一崁小段,2.02,都市：住,10000,227,持分移轉,00910026
RPTNNLSLOHGGFAF58CB,江子翠段第一崁小段,1.57,都市：住,10000,227,持分移轉,00910027
RPTNNLSLOHGGFAF58CB,江子翠段第一崁小段,2.75,都市：住,10000,227,持分移轉,00910028
RPTNNLSLOHGGFAF58CB,江子翠段第一崁小段,1.77,都市：住,10000,227,持分移轉,00910029
RPTNNLSLOHGGFAF58CB,江子翠段第一崁小段,1.79,都市：住,10000,227,持分移轉,00910030
RPTNNLSLOHGGFAF58CB,江子翠段第一崁小段,2.63,都市：住,10000,227,持分移轉,00910031
RPTNNLSLOHGGFAF58CB,江子翠段第一崁小段,2.97,都市：住,10000,227,持分移轉,00910032
RPTNNLSLOHGGFAF58CB,江子翠段第一崁小段,2.79,都市：住,10000,227,持分移轉,00910033
RPTNNLSLOHGGFAF58CB,江子翠段第一崁小段,.43,都市：住,10000,227,持分移轉,00910034
RPVNNLSLOHGGFAF78CB,江子翠段第一崁小段,2.44,都市：住,10000,220,持分移轉,00910024
RPVNNLSLOHGGFAF78CB,江子翠段第一崁小段,1.91,都市：住,10000,220,持分移轉,00910025
RPVNNLSLOHGGFAF78CB,江子翠段第一崁小段,1.96,都市：住,10000,220,持分移轉,00910026
RPVNNLSLOHGGFAF78CB,江子翠段第一崁小段,1.52,都市：住,10000,220,持分移轉,00910027
RPVNNLSLOHGGFAF78CB,江子翠段第一崁小段,2.66,都市：住,10000,220,持分移轉,00910028
RPVNNLSLOHGGFAF78CB,江子翠段第一崁小段,1.72,都市：住,10000,220,持分移轉,00910029
RPVNNLSLOHGGFAF78CB,江子翠段第一崁小段,1.74,都市：住,10000,220,持分移轉,00910030
RPVNNLSLOHGGFAF78CB,江子翠段第一崁小段,2.55,都市：住,10000,220,持分移轉,00910031
RPVNNLSLOHGGFAF78CB,江子翠段第一崁小段,2.88,都市：住,10000,220,持分移轉,00910032
RPVNNLSLOHGGFAF78CB,江子翠段第一崁小段,2.71,都市：住,10000,220,持分移轉,00910033
RPVNNLSLOHGGFAF78CB,江子翠段第一崁小段,.42,都市：住,10000,220,持分移轉,00910034
RPPONLSLOHGGFAF28CB,江子翠段第一崁小段,2.08,都市：住,10000,187,持分移轉,00910024
RPPONLSLOHGGFAF28CB,江子翠段第一崁小段,1.63,都市：住,10000,187,持分移轉,00910025
RPPONLSLOHGGFAF28CB,江子翠段第一崁小段,1.66,都市：住,10000,187,持分移轉,00910026
RPPONLSLOHGGFAF28CB,江子翠段第一崁小段,1.29,都市：住,10000,187,持分移轉,00910027
RPPONLSLOHGGFAF28CB,江子翠段第一崁小段,2.26,都市：住,10000,187,持分移轉,00910028
RPPONLSLOHGGFAF28CB,江子翠段第一崁小段,1.46,都市：住,10000,187,持分移轉,00910029
RPPONLSLOHGGFAF28CB,江子翠段第一崁小段,1.48,都市：住,10000,187,持分移轉,00910030
RPPONLSLOHGGFAF28CB,江子翠段第一崁小段,2.17,都市：住,10000,187,持分移轉,00910031
RPPONLSLOHGGFAF28CB,江子翠段第一崁小段,2.45,都市：住,10000,187,持分移轉,00910032
RPPONLSLOHGGFAF28CB,江子翠段第一崁小段,2.30,都市：住,10000,187,持分移轉,00910033
RPPONLSLOHGGFAF28CB,江子翠段第一崁小段,.36,都市：住,10000,187,持分移轉,00910034
RPSONLSLOHGGFAF58CB,江子翠段第一崁小段,2.44,都市：住,10000,220,持分移轉,00910024
RPSONLSLOHGGFAF58CB,江子翠段第一崁小段,1.91,都市：住,10000,220,持分移轉,00910025
RPSONLSLOHGGFAF58CB,江子翠段第一崁小段,1.96,都市：住,10000,220,持分移轉,00910026
RPSONLSLOHGGFAF58CB,江子翠段第一崁小段,1.52,都市：住,10000,220,持分移轉,00910027
RPSONLSLOHGGFAF58CB,江子翠段第一崁小段,2.66,都市：住,10000,220,持分移轉,00910028
RPSONLSLOHGGFAF58CB,江子翠段第一崁小段,1.72,都市：住,10000,220,持分移轉,00910029
RPSONLSLOHGGFAF58CB,江子翠段第一崁小段,1.74,都市：住,10000,220,持分移轉,00910030
RPSONLSLOHGGFAF58CB,江子翠段第一崁小段,2.55,都市：住,10000,220,持分移轉,00910031
RPSONLSLOHGGFAF58CB,江子翠段第一崁小段,2.88,都市：住,10000,220,持分移轉,00910032
RPSONLSLOHGGFAF58CB,江子翠段第一崁小段,2.71,都市：住,10000,220,持分移轉,00910033
RPSONLSLOHGGFAF58CB,江子翠段第一崁小段,.42,都市：住,10000,220,持分移轉,00910034
RPRONLSLOHGGFAF48CB,江子翠段第一崁小段,2.44,都市：住,10000,220,持分移轉,00910024
RPRONLSLOHGGFAF48CB,江子翠段第一崁小段,1.91,都市：住,10000,220,持分移轉,00910025
RPRONLSLOHGGFAF48CB,江子翠段第一崁小段,1.96,都市：住,10000,220,持分移轉,00910026
RPRONLSLOHGGFAF48CB,江子翠段第一崁小段,1.52,都市：住,10000,220,持分移轉,00910027
RPRONLSLOHGGFAF48CB,江子翠段第一崁小段,2.66,都市：住,10000,220,持分移轉,00910028
RPRONLSLOHGGFAF48CB,江子翠段第一崁小段,1.72,都市：住,10000,220,持分移轉,00910029
RPRONLSLOHGGFAF48CB,江子翠段第一崁小段,1.74,都市：住,10000,220,持分移轉,00910030
RPRONLSLOHGGFAF48CB,江子翠段第一崁小段,2.55,都市：住,10000,220,持分移轉,00910031
RPRONLSLOHGGFAF48CB,江子翠段第一崁小段,2.88,都市：住,10000,220,持分移轉,00910032
RPRONLSLOHGGFAF48CB,江子翠段第一崁小段,2.71,都市：住,10000,220,持分移轉,00910033
RPRONLSLOHGGFAF48CB,江子翠段第一崁小段,.42,都市：住,10000,220,持分移轉,00910034
RPTONLSLOHGGFAF68CB,江子翠段第一崁小段,2.44,都市：住,10000,220,持分移轉,00910024
RPTONLSLOHGGFAF68CB,江子翠段第一崁小段,1.91,都市：住,10000,220,持分移轉,00910025
RPTONLSLOHGGFAF68CB,江子翠段第一崁小段,1.96,都市：住,10000,220,持分移轉,00910026
RPTONLSLOHGGFAF68CB,江子翠段第一崁小段,1.52,都市：住,10000,220,持分移轉,00910027
RPTONLSLOHGGFAF68CB,江子翠段第一崁小段,2.66,都市：住,10000,220,持分移轉,00910028
RPTONLSLOHGGFAF68CB,江子翠段第一崁小段,1.72,都市：住,10000,220,持分移轉,00910029
RPTONLSLOHGGFAF68CB,江子翠段第一崁小段,1.74,都市：住,10000,220,持分移轉,00910030
RPTONLSLOHGGFAF68CB,江子翠段第一崁小段,2.55,都市：住,10000,220,持分移轉,00910031
RPTONLSLOHGGFAF68CB,江子翠段第一崁小段,2.88,都市：住,10000,220,持分移轉,00910032
RPTONLSLOHGGFAF68CB,江子翠段第一崁小段,2.71,都市：住,10000,220,持分移轉,00910033
RPTONLSLOHGGFAF68CB,江子翠段第一崁小段,.42,都市：住,10000,220,持分移轉,00910034
RPUONLSLOHGGFAF78CB,江翠段,.81,都市：住,100000,425,持分移轉,00820000
RPUONLSLOHGGFAF78CB,江翠段,1.54,都市：住,100000,425,持分移轉,00730000
RPUONLSLOHGGFAF78CB,江翠段,2.34,都市：住,100000,425,持分移轉,00780000
RPUONLSLOHGGFAF78CB,江翠段,2.32,都市：住,100000,425,持分移轉,00790000
RPUONLSLOHGGFAF78CB,江翠段,3.11,都市：住,100000,425,持分移轉,00800000
RPUONLSLOHGGFAF78CB,江翠段,2.17,都市：住,100000,425,持分移轉,00830000
RPUONLSLOHGGFAF78CB,江翠段,5.09,都市：住,100000,425,持分移轉,00750000
RPUONLSLOHGGFAF78CB,江翠段,.05,都市：住,100000,425,持分移轉,00760001
RPUONLSLOHGGFAF78CB,江翠段,1.54,都市：住,100000,425,持分移轉,00810000
RPUONLSLOHGGFAF78CB,江翠段,2.09,都市：住,100000,425,持分移轉,00720000
RPXONLSLOHGGFAF09CB,江翠段,.81,都市：住,100000,425,持分移轉,00820000
RPSPNLSLOHGGFAF68CB,江翠段,.81,都市：住,100000,425,持分移轉,00820000
RPXONLSLOHGGFAF09CB,江翠段,1.54,都市：住,100000,425,持分移轉,00730000
RPXONLSLOHGGFAF09CB,江翠段,2.34,都市：住,100000,425,持分移轉,00780000
RPSPNLSLOHGGFAF68CB,江翠段,1.54,都市：住,100000,425,持分移轉,00730000
RPXONLSLOHGGFAF09CB,江翠段,2.32,都市：住,100000,425,持分移轉,00790000
RPSPNLSLOHGGFAF68CB,江翠段,2.34,都市：住,100000,425,持分移轉,00780000
RPXONLSLOHGGFAF09CB,江翠段,3.11,都市：住,100000,425,持分移轉,00800000
RPSPNLSLOHGGFAF68CB,江翠段,2.32,都市：住,100000,425,持分移轉,00790000
RPXONLSLOHGGFAF09CB,江翠段,2.17,都市：住,100000,425,持分移轉,00830000
RPSPNLSLOHGGFAF68CB,江翠段,3.11,都市：住,100000,425,持分移轉,00800000
RPXONLSLOHGGFAF09CB,江翠段,5.09,都市：住,100000,425,持分移轉,00750000
RPSPNLSLOHGGFAF68CB,江翠段,2.17,都市：住,100000,425,持分移轉,00830000
RPXONLSLOHGGFAF09CB,江翠段,.05,都市：住,100000,425,持分移轉,00760001
RPXONLSLOHGGFAF09CB,江翠段,1.54,都市：住,100000,425,持分移轉,00810000
RPSPNLSLOHGGFAF68CB,江翠段,5.09,都市：住,100000,425,持分移轉,00750000
RPXONLSLOHGGFAF09CB,江翠段,2.09,都市：住,100000,425,持分移轉,00720000
RPSPNLSLOHGGFAF68CB,江翠段,.05,都市：住,100000,425,持分移轉,00760001
RPSPNLSLOHGGFAF68CB,江翠段,1.54,都市：住,100000,425,持分移轉,00810000
RPSPNLSLOHGGFAF68CB,江翠段,2.09,都市：住,100000,425,持分移轉,00720000
RPQPNLSLOHGGFAF48CB,江翠段,.81,都市：住,100000,425,持分移轉,00820000
RPQPNLSLOHGGFAF48CB,江翠段,1.54,都市：住,100000,425,持分移轉,00730000
RPQPNLSLOHGGFAF48CB,江翠段,2.34,都市：住,100000,425,持分移轉,00780000
RPQPNLSLOHGGFAF48CB,江翠段,2.32,都市：住,100000,425,持分移轉,00790000
RPQPNLSLOHGGFAF48CB,江翠段,3.11,都市：住,100000,425,持分移轉,00800000
RPQPNLSLOHGGFAF48CB,江翠段,2.17,都市：住,100000,425,持分移轉,00830000
RPQPNLSLOHGGFAF48CB,江翠段,5.09,都市：住,100000,425,持分移轉,00750000
RPUPNLSLOHGGFAF88CB,江翠段,.65,都市：住,100000,340,持分移轉,00820000
RPQPNLSLOHGGFAF48CB,江翠段,.05,都市：住,100000,425,持分移轉,00760001
RPQPNLSLOHGGFAF48CB,江翠段,1.54,都市：住,100000,425,持分移轉,00810000
RPUPNLSLOHGGFAF88CB,江翠段,1.23,都市：住,100000,340,持分移轉,00730000
RPQPNLSLOHGGFAF48CB,江翠段,2.09,都市：住,100000,425,持分移轉,00720000
RPUPNLSLOHGGFAF88CB,江翠段,1.87,都市：住,100000,340,持分移轉,00780000
RPUPNLSLOHGGFAF88CB,江翠段,1.86,都市：住,100000,340,持分移轉,00790000
RPUPNLSLOHGGFAF88CB,江翠段,2.49,都市：住,100000,340,持分移轉,00800000
RPUPNLSLOHGGFAF88CB,江翠段,1.74,都市：住,100000,340,持分移轉,00830000
RPUPNLSLOHGGFAF88CB,江翠段,4.07,都市：住,100000,340,持分移轉,00750000
RPUPNLSLOHGGFAF88CB,江翠段,.04,都市：住,100000,340,持分移轉,00760001
RPUPNLSLOHGGFAF88CB,江翠段,1.23,都市：住,100000,340,持分移轉,00810000
RPUPNLSLOHGGFAF88CB,江翠段,1.67,都市：住,100000,340,持分移轉,00720000
RPWPNLSLOHGGFAF09CB,江翠段,.65,都市：住,100000,340,持分移轉,00820000
RPOQNLSLOHGGFAF38CB,江翠段,.65,都市：住,100000,340,持分移轉,00820000
RPWPNLSLOHGGFAF09CB,江翠段,1.23,都市：住,100000,340,持分移轉,00730000
RPOQNLSLOHGGFAF38CB,江翠段,1.23,都市：住,100000,340,持分移轉,00730000
RPWPNLSLOHGGFAF09CB,江翠段,1.87,都市：住,100000,340,持分移轉,00780000
RPOQNLSLOHGGFAF38CB,江翠段,1.87,都市：住,100000,340,持分移轉,00780000
RPWPNLSLOHGGFAF09CB,江翠段,1.86,都市：住,100000,340,持分移轉,00790000
RPOQNLSLOHGGFAF38CB,江翠段,1.86,都市：住,100000,340,持分移轉,00790000
RPOQNLSLOHGGFAF38CB,江翠段,2.49,都市：住,100000,340,持分移轉,00800000
RPOQNLSLOHGGFAF38CB,江翠段,1.74,都市：住,100000,340,持分移轉,00830000
RPWPNLSLOHGGFAF09CB,江翠段,2.49,都市：住,100000,340,持分移轉,00800000
RPOQNLSLOHGGFAF38CB,江翠段,4.07,都市：住,100000,340,持分移轉,00750000
RPOQNLSLOHGGFAF38CB,江翠段,.04,都市：住,100000,340,持分移轉,00760001
RPWPNLSLOHGGFAF09CB,江翠段,1.74,都市：住,100000,340,持分移轉,00830000
RPOQNLSLOHGGFAF38CB,江翠段,1.23,都市：住,100000,340,持分移轉,00810000
RPOQNLSLOHGGFAF38CB,江翠段,1.67,都市：住,100000,340,持分移轉,00720000
RPWPNLSLOHGGFAF09CB,江翠段,4.07,都市：住,100000,340,持分移轉,00750000
RPWPNLSLOHGGFAF09CB,江翠段,.04,都市：住,100000,340,持分移轉,00760001
RPWPNLSLOHGGFAF09CB,江翠段,1.23,都市：住,100000,340,持分移轉,00810000
RPWPNLSLOHGGFAF09CB,江翠段,1.67,都市：住,100000,340,持分移轉,00720000
RPQQNLSLOHGGFAF58CB,新都段,.29,都市：住,1000000,6736,持分移轉,00220001
RPQQNLSLOHGGFAF58CB,新都段,7.08,都市：住,1000000,6736,持分移轉,00220000
RPQQNLSLOHGGFAF58CB,新都段,.30,都市：住,1000000,6736,持分移轉,00230001
RPQQNLSLOHGGFAF58CB,新都段,6.92,都市：住,1000000,6736,持分移轉,00230000
RPQQNLSLOHGGFAF58CB,新都段,5.12,都市：住,1000000,6736,持分移轉,00240000
RPQQNLSLOHGGFAF58CB,新都段,1.71,都市：住,1000000,6736,持分移轉,00250000
RPQQNLSLOHGGFAF58CB,新都段,1.81,都市：住,1000000,6736,持分移轉,00260000
RPQQNLSLOHGGFAF58CB,新都段,1.54,都市：住,1000000,6736,持分移轉,00270000
RPQQNLSLOHGGFAF58CB,新都段,3.89,都市：住,1000000,6736,持分移轉,00280000
RPQQNLSLOHGGFAF58CB,新都段,.98,都市：住,1000000,6736,持分移轉,00290000
RPQQNLSLOHGGFAF58CB,新都段,1.52,都市：住,1000000,6736,持分移轉,00300000
RPSQNLSLOHGGFAF78CB,新都段,.29,都市：住,1000000,6691,持分移轉,00220001
RPSQNLSLOHGGFAF78CB,新都段,7.03,都市：住,1000000,6691,持分移轉,00220000
RPSQNLSLOHGGFAF78CB,新都段,.30,都市：住,1000000,6691,持分移轉,00230001
RPSQNLSLOHGGFAF78CB,新都段,6.87,都市：住,1000000,6691,持分移轉,00230000
RPSQNLSLOHGGFAF78CB,新都段,5.09,都市：住,1000000,6691,持分移轉,00240000
RPSQNLSLOHGGFAF78CB,新都段,1.70,都市：住,1000000,6691,持分移轉,00250000
RPSQNLSLOHGGFAF78CB,新都段,1.80,都市：住,1000000,6691,持分移轉,00260000
RPSQNLSLOHGGFAF78CB,新都段,1.53,都市：住,1000000,6691,持分移轉,00270000
RPSQNLSLOHGGFAF78CB,新都段,3.87,都市：住,1000000,6691,持分移轉,00280000
RPTQNLSLOHGGFAF88CB,新都段,.29,都市：住,1000000,6691,持分移轉,00220001
RPSQNLSLOHGGFAF78CB,新都段,.97,都市：住,1000000,6691,持分移轉,00290000
RPTQNLSLOHGGFAF88CB,新都段,7.03,都市：住,1000000,6691,持分移轉,00220000
RPSQNLSLOHGGFAF78CB,新都段,1.51,都市：住,1000000,6691,持分移轉,00300000
RPTQNLSLOHGGFAF88CB,新都段,.30,都市：住,1000000,6691,持分移轉,00230001
RPTQNLSLOHGGFAF88CB,新都段,6.87,都市：住,1000000,6691,持分移轉,00230000
RPTQNLSLOHGGFAF88CB,新都段,5.09,都市：住,1000000,6691,持分移轉,00240000
RPTQNLSLOHGGFAF88CB,新都段,1.70,都市：住,1000000,6691,持分移轉,00250000
RPTQNLSLOHGGFAF88CB,新都段,1.80,都市：住,1000000,6691,持分移轉,00260000
RPTQNLSLOHGGFAF88CB,新都段,1.53,都市：住,1000000,6691,持分移轉,00270000
RPTQNLSLOHGGFAF88CB,新都段,3.87,都市：住,1000000,6691,持分移轉,00280000
RPTQNLSLOHGGFAF88CB,新都段,.97,都市：住,1000000,6691,持分移轉,00290000
RPTQNLSLOHGGFAF88CB,新都段,1.51,都市：住,1000000,6691,持分移轉,00300000
RPRQNLSLOHGGFAF68CB,新都段,.29,都市：住,1000000,6691,持分移轉,00220001
RPRQNLSLOHGGFAF68CB,新都段,7.03,都市：住,1000000,6691,持分移轉,00220000
RPRQNLSLOHGGFAF68CB,新都段,.30,都市：住,1000000,6691,持分移轉,00230001
RPRQNLSLOHGGFAF68CB,新都段,6.87,都市：住,1000000,6691,持分移轉,00230000
RPRQNLSLOHGGFAF68CB,新都段,5.09,都市：住,1000000,6691,持分移轉,00240000
RPRQNLSLOHGGFAF68CB,新都段,1.70,都市：住,1000000,6691,持分移轉,00250000
RPRQNLSLOHGGFAF68CB,新都段,1.80,都市：住,1000000,6691,持分移轉,00260000
RPRQNLSLOHGGFAF68CB,新都段,1.53,都市：住,1000000,6691,持分移轉,00270000
RPRQNLSLOHGGFAF68CB,新都段,3.87,都市：住,1000000,6691,持分移轉,00280000
RPRQNLSLOHGGFAF68CB,新都段,.97,都市：住,1000000,6691,持分移轉,00290000
RPRQNLSLOHGGFAF68CB,新都段,1.51,都市：住,1000000,6691,持分移轉,00300000
RPQRNLSLOHGGFAF68CB,新都段,.14,都市：住,1000000,3237,持分移轉,00220001
RPQRNLSLOHGGFAF68CB,新都段,3.40,都市：住,1000000,3237,持分移轉,00220000
RPQRNLSLOHGGFAF68CB,新都段,.15,都市：住,1000000,3237,持分移轉,00230001
RPQRNLSLOHGGFAF68CB,新都段,3.32,都市：住,1000000,3237,持分移轉,00230000
RPQRNLSLOHGGFAF68CB,新都段,2.46,都市：住,1000000,3237,持分移轉,00240000
RPQRNLSLOHGGFAF68CB,新都段,.82,都市：住,1000000,3237,持分移轉,00250000
RPQRNLSLOHGGFAF68CB,新都段,.87,都市：住,1000000,3237,持分移轉,00260000
RPQRNLSLOHGGFAF68CB,新都段,.74,都市：住,1000000,3237,持分移轉,00270000
RPQRNLSLOHGGFAF68CB,新都段,1.87,都市：住,1000000,3237,持分移轉,00280000
RPXQNLSLOHGGFAF66CB,新都段,.14,都市：住,1000000,3237,持分移轉,00220001
RPQRNLSLOHGGFAF68CB,新都段,.47,都市：住,1000000,3237,持分移轉,00290000
RPXQNLSLOHGGFAF66CB,新都段,3.40,都市：住,1000000,3237,持分移轉,00220000
RPQRNLSLOHGGFAF68CB,新都段,.73,都市：住,1000000,3237,持分移轉,00300000
RPXQNLSLOHGGFAF66CB,新都段,.15,都市：住,1000000,3237,持分移轉,00230001
RPXQNLSLOHGGFAF66CB,新都段,3.32,都市：住,1000000,3237,持分移轉,00230000
RPXQNLSLOHGGFAF66CB,新都段,2.46,都市：住,1000000,3237,持分移轉,00240000
RPXQNLSLOHGGFAF66CB,新都段,.82,都市：住,1000000,3237,持分移轉,00250000
RPXQNLSLOHGGFAF66CB,新都段,.87,都市：住,1000000,3237,持分移轉,00260000
RPUQNLSLOHGGFAF98CB,新都段,.29,都市：住,1000000,6691,持分移轉,00220001
RPXQNLSLOHGGFAF66CB,新都段,.74,都市：住,1000000,3237,持分移轉,00270000
RPUQNLSLOHGGFAF98CB,新都段,7.03,都市：住,1000000,6691,持分移轉,00220000
RPXQNLSLOHGGFAF66CB,新都段,1.87,都市：住,1000000,3237,持分移轉,00280000
RPUQNLSLOHGGFAF98CB,新都段,.30,都市：住,1000000,6691,持分移轉,00230001
RPXQNLSLOHGGFAF66CB,新都段,.47,都市：住,1000000,3237,持分移轉,00290000
RPUQNLSLOHGGFAF98CB,新都段,6.87,都市：住,1000000,6691,持分移轉,00230000
RPXQNLSLOHGGFAF66CB,新都段,.73,都市：住,1000000,3237,持分移轉,00300000
RPUQNLSLOHGGFAF98CB,新都段,5.09,都市：住,1000000,6691,持分移轉,00240000
RPPRNLSLOHGGFAF58CB,新都段,.14,都市：住,1000000,3237,持分移轉,00220001
RPUQNLSLOHGGFAF98CB,新都段,1.70,都市：住,1000000,6691,持分移轉,00250000
RPPRNLSLOHGGFAF58CB,新都段,3.40,都市：住,1000000,3237,持分移轉,00220000
RPUQNLSLOHGGFAF98CB,新都段,1.80,都市：住,1000000,6691,持分移轉,00260000
RPPRNLSLOHGGFAF58CB,新都段,.15,都市：住,1000000,3237,持分移轉,00230001
RPUQNLSLOHGGFAF98CB,新都段,1.53,都市：住,1000000,6691,持分移轉,00270000
RPPRNLSLOHGGFAF58CB,新都段,3.32,都市：住,1000000,3237,持分移轉,00230000
RPUQNLSLOHGGFAF98CB,新都段,3.87,都市：住,1000000,6691,持分移轉,00280000
RPPRNLSLOHGGFAF58CB,新都段,2.46,都市：住,1000000,3237,持分移轉,00240000
RPUQNLSLOHGGFAF98CB,新都段,.97,都市：住,1000000,6691,持分移轉,00290000
RPPRNLSLOHGGFAF58CB,新都段,.82,都市：住,1000000,3237,持分移轉,00250000
RPUQNLSLOHGGFAF98CB,新都段,1.51,都市：住,1000000,6691,持分移轉,00300000
RPPRNLSLOHGGFAF58CB,新都段,.87,都市：住,1000000,3237,持分移轉,00260000
RPTRNLSLOHGGFAF98CB,江翠段,.65,都市：住,100000,340,持分移轉,00820000
RPPRNLSLOHGGFAF58CB,新都段,.74,都市：住,1000000,3237,持分移轉,00270000
RPTRNLSLOHGGFAF98CB,江翠段,1.23,都市：住,100000,340,持分移轉,00730000
RPPRNLSLOHGGFAF58CB,新都段,1.87,都市：住,1000000,3237,持分移轉,00280000
RPTRNLSLOHGGFAF98CB,江翠段,1.87,都市：住,100000,340,持分移轉,00780000
RPPRNLSLOHGGFAF58CB,新都段,.47,都市：住,1000000,3237,持分移轉,00290000
RPTRNLSLOHGGFAF98CB,江翠段,1.86,都市：住,100000,340,持分移轉,00790000
RPPRNLSLOHGGFAF58CB,新都段,.73,都市：住,1000000,3237,持分移轉,00300000
RPTRNLSLOHGGFAF98CB,江翠段,2.49,都市：住,100000,340,持分移轉,00800000
RPTRNLSLOHGGFAF98CB,江翠段,1.74,都市：住,100000,340,持分移轉,00830000
RPTRNLSLOHGGFAF98CB,江翠段,4.07,都市：住,100000,340,持分移轉,00750000
RPTRNLSLOHGGFAF98CB,江翠段,.04,都市：住,100000,340,持分移轉,00760001
RPTRNLSLOHGGFAF98CB,江翠段,1.23,都市：住,100000,340,持分移轉,00810000
RPTRNLSLOHGGFAF98CB,江翠段,1.67,都市：住,100000,340,持分移轉,00720000
RPOSNLSLOHGGFAF58CB,江翠段,.65,都市：住,100000,340,持分移轉,00820000
RPOSNLSLOHGGFAF58CB,江翠段,1.23,都市：住,100000,340,持分移轉,00730000
RPRRNLSLOHGGFAF78CB,江翠段,.65,都市：住,100000,340,持分移轉,00820000
RPOSNLSLOHGGFAF58CB,江翠段,1.87,都市：住,100000,340,持分移轉,00780000
RPRRNLSLOHGGFAF78CB,江翠段,1.23,都市：住,100000,340,持分移轉,00730000
RPRRNLSLOHGGFAF78CB,江翠段,1.87,都市：住,100000,340,持分移轉,00780000
RPOSNLSLOHGGFAF58CB,江翠段,1.86,都市：住,100000,340,持分移轉,00790000
RPRRNLSLOHGGFAF78CB,江翠段,1.86,都市：住,100000,340,持分移轉,00790000
RPRRNLSLOHGGFAF78CB,江翠段,2.49,都市：住,100000,340,持分移轉,00800000
RPOSNLSLOHGGFAF58CB,江翠段,2.49,都市：住,100000,340,持分移轉,00800000
RPRRNLSLOHGGFAF78CB,江翠段,1.74,都市：住,100000,340,持分移轉,00830000
RPRRNLSLOHGGFAF78CB,江翠段,4.07,都市：住,100000,340,持分移轉,00750000
RPOSNLSLOHGGFAF58CB,江翠段,1.74,都市：住,100000,340,持分移轉,00830000
RPRRNLSLOHGGFAF78CB,江翠段,.04,都市：住,100000,340,持分移轉,00760001
RPOSNLSLOHGGFAF58CB,江翠段,4.07,都市：住,100000,340,持分移轉,00750000
RPRRNLSLOHGGFAF78CB,江翠段,1.23,都市：住,100000,340,持分移轉,00810000
RPOSNLSLOHGGFAF58CB,江翠段,.04,都市：住,100000,340,持分移轉,00760001
RPRRNLSLOHGGFAF78CB,江翠段,1.67,都市：住,100000,340,持分移轉,00720000
RPOSNLSLOHGGFAF58CB,江翠段,1.23,都市：住,100000,340,持分移轉,00810000
RPOSNLSLOHGGFAF58CB,江翠段,1.67,都市：住,100000,340,持分移轉,00720000
RPRSNLSLOHGGFAF88CB,新都段,.14,都市：住,1000000,3237,持分移轉,00220001
RPRSNLSLOHGGFAF88CB,新都段,3.40,都市：住,1000000,3237,持分移轉,00220000
RPRSNLSLOHGGFAF88CB,新都段,.15,都市：住,1000000,3237,持分移轉,00230001
RPRSNLSLOHGGFAF88CB,新都段,3.32,都市：住,1000000,3237,持分移轉,00230000
RPRSNLSLOHGGFAF88CB,新都段,2.46,都市：住,1000000,3237,持分移轉,00240000
RPRSNLSLOHGGFAF88CB,新都段,.82,都市：住,1000000,3237,持分移轉,00250000
RPRSNLSLOHGGFAF88CB,新都段,.87,都市：住,1000000,3237,持分移轉,00260000
RPRSNLSLOHGGFAF88CB,新都段,.74,都市：住,1000000,3237,持分移轉,00270000
RPRSNLSLOHGGFAF88CB,新都段,1.87,都市：住,1000000,3237,持分移轉,00280000
RPRSNLSLOHGGFAF88CB,新都段,.47,都市：住,1000000,3237,持分移轉,00290000
RPRSNLSLOHGGFAF88CB,新都段,.73,都市：住,1000000,3237,持分移轉,00300000
RPQSNLSLOHGGFAF78CB,新都段,.14,都市：住,1000000,3237,持分移轉,00220001
RPQSNLSLOHGGFAF78CB,新都段,3.40,都市：住,1000000,3237,持分移轉,00220000
RPQSNLSLOHGGFAF78CB,新都段,.15,都市：住,1000000,3237,持分移轉,00230001
RPQSNLSLOHGGFAF78CB,新都段,3.32,都市：住,1000000,3237,持分移轉,00230000
RPQSNLSLOHGGFAF78CB,新都段,2.46,都市：住,1000000,3237,持分移轉,00240000
RPQSNLSLOHGGFAF78CB,新都段,.82,都市：住,1000000,3237,持分移轉,00250000
RPQSNLSLOHGGFAF78CB,新都段,.87,都市：住,1000000,3237,持分移轉,00260000
RPQSNLSLOHGGFAF78CB,新都段,.74,都市：住,1000000,3237,持分移轉,00270000
RPQSNLSLOHGGFAF78CB,新都段,1.87,都市：住,1000000,3237,持分移轉,00280000
RPQSNLSLOHGGFAF78CB,新都段,.47,都市：住,1000000,3237,持分移轉,00290000
RPQSNLSLOHGGFAF78CB,新都段,.73,都市：住,1000000,3237,持分移轉,00300000
RPSSNLSLOHGGFAF98CB,新都段,.14,都市：住,1000000,3237,持分移轉,00220001
RPSSNLSLOHGGFAF98CB,新都段,3.40,都市：住,1000000,3237,持分移轉,00220000
RPSSNLSLOHGGFAF98CB,新都段,.15,都市：住,1000000,3237,持分移轉,00230001
RPSSNLSLOHGGFAF98CB,新都段,3.32,都市：住,1000000,3237,持分移轉,00230000
RPSSNLSLOHGGFAF98CB,新都段,2.46,都市：住,1000000,3237,持分移轉,00240000
RPSSNLSLOHGGFAF98CB,新都段,.82,都市：住,1000000,3237,持分移轉,00250000
RPSSNLSLOHGGFAF98CB,新都段,.87,都市：住,1000000,3237,持分移轉,00260000
RPSSNLSLOHGGFAF98CB,新都段,.74,都市：住,1000000,3237,持分移轉,00270000
RPSSNLSLOHGGFAF98CB,新都段,1.87,都市：住,1000000,3237,持分移轉,00280000
RPSSNLSLOHGGFAF98CB,新都段,.47,都市：住,1000000,3237,持分移轉,00290000
RPSSNLSLOHGGFAF98CB,新都段,.73,都市：住,1000000,3237,持分移轉,00300000
RPTSNLSLOHGGFAF09CB,新都段,.29,都市：住,1000000,6736,持分移轉,00220001
RPTSNLSLOHGGFAF09CB,新都段,7.08,都市：住,1000000,6736,持分移轉,00220000
RPTSNLSLOHGGFAF09CB,新都段,.30,都市：住,1000000,6736,持分移轉,00230001
RPTSNLSLOHGGFAF09CB,新都段,6.92,都市：住,1000000,6736,持分移轉,00230000
RPTSNLSLOHGGFAF09CB,新都段,5.12,都市：住,1000000,6736,持分移轉,00240000
RPTSNLSLOHGGFAF09CB,新都段,1.71,都市：住,1000000,6736,持分移轉,00250000
RPTSNLSLOHGGFAF09CB,新都段,1.81,都市：住,1000000,6736,持分移轉,00260000
RPTSNLSLOHGGFAF09CB,新都段,1.54,都市：住,1000000,6736,持分移轉,00270000
RPTSNLSLOHGGFAF09CB,新都段,3.89,都市：住,1000000,6736,持分移轉,00280000
RPOTNLSLOHGGFAF68CB,新都段,.29,都市：住,1000000,6691,持分移轉,00220001
RPTSNLSLOHGGFAF09CB,新都段,.98,都市：住,1000000,6736,持分移轉,00290000
RPOTNLSLOHGGFAF68CB,新都段,7.03,都市：住,1000000,6691,持分移轉,00220000
RPTSNLSLOHGGFAF09CB,新都段,1.52,都市：住,1000000,6736,持分移轉,00300000
RPOTNLSLOHGGFAF68CB,新都段,.30,都市：住,1000000,6691,持分移轉,00230001
RPOTNLSLOHGGFAF68CB,新都段,6.87,都市：住,1000000,6691,持分移轉,00230000
RPOTNLSLOHGGFAF68CB,新都段,5.09,都市：住,1000000,6691,持分移轉,00240000
RPVSNLSLOHGGFAF66CB,江翠段,.53,都市：住,100000,274,持分移轉,00820000
RPOTNLSLOHGGFAF68CB,新都段,1.70,都市：住,1000000,6691,持分移轉,00250000
RPVSNLSLOHGGFAF66CB,江翠段,.99,都市：住,100000,274,持分移轉,00730000
RPOTNLSLOHGGFAF68CB,新都段,1.80,都市：住,1000000,6691,持分移轉,00260000
RPVSNLSLOHGGFAF66CB,江翠段,1.51,都市：住,100000,274,持分移轉,00780000
RPOTNLSLOHGGFAF68CB,新都段,1.53,都市：住,1000000,6691,持分移轉,00270000
RPOTNLSLOHGGFAF68CB,新都段,3.87,都市：住,1000000,6691,持分移轉,00280000
RPVSNLSLOHGGFAF66CB,江翠段,1.50,都市：住,100000,274,持分移轉,00790000
RPOTNLSLOHGGFAF68CB,新都段,.97,都市：住,1000000,6691,持分移轉,00290000
RPOTNLSLOHGGFAF68CB,新都段,1.51,都市：住,1000000,6691,持分移轉,00300000
RPVSNLSLOHGGFAF66CB,江翠段,2.00,都市：住,100000,274,持分移轉,00800000
RPVSNLSLOHGGFAF66CB,江翠段,1.40,都市：住,100000,274,持分移轉,00830000
RPVSNLSLOHGGFAF66CB,江翠段,3.28,都市：住,100000,274,持分移轉,00750000
RPUSNLSLOHGGFAF56CB,新都段,.29,都市：住,1000000,6691,持分移轉,00220001
RPVSNLSLOHGGFAF66CB,江翠段,.03,都市：住,100000,274,持分移轉,00760001
RPUSNLSLOHGGFAF56CB,新都段,7.03,都市：住,1000000,6691,持分移轉,00220000
RPVSNLSLOHGGFAF66CB,江翠段,.99,都市：住,100000,274,持分移轉,00810000
RPUSNLSLOHGGFAF56CB,新都段,.30,都市：住,1000000,6691,持分移轉,00230001
RPVSNLSLOHGGFAF66CB,江翠段,1.35,都市：住,100000,274,持分移轉,00720000
RPUSNLSLOHGGFAF56CB,新都段,6.87,都市：住,1000000,6691,持分移轉,00230000
RPUSNLSLOHGGFAF56CB,新都段,5.09,都市：住,1000000,6691,持分移轉,00240000
RPUSNLSLOHGGFAF56CB,新都段,1.70,都市：住,1000000,6691,持分移轉,00250000
RPUSNLSLOHGGFAF56CB,新都段,1.80,都市：住,1000000,6691,持分移轉,00260000
RPUSNLSLOHGGFAF56CB,新都段,1.53,都市：住,1000000,6691,持分移轉,00270000
RPUSNLSLOHGGFAF56CB,新都段,3.87,都市：住,1000000,6691,持分移轉,00280000
RPUSNLSLOHGGFAF56CB,新都段,.97,都市：住,1000000,6691,持分移轉,00290000
RPUSNLSLOHGGFAF56CB,新都段,1.51,都市：住,1000000,6691,持分移轉,00300000
RPWSNLSLOHGGFAF76CB,新都段,.29,都市：住,1000000,6691,持分移轉,00220001
RPWSNLSLOHGGFAF76CB,新都段,7.03,都市：住,1000000,6691,持分移轉,00220000
RPWSNLSLOHGGFAF76CB,新都段,.30,都市：住,1000000,6691,持分移轉,00230001
RPWSNLSLOHGGFAF76CB,新都段,6.87,都市：住,1000000,6691,持分移轉,00230000
RPWSNLSLOHGGFAF76CB,新都段,5.09,都市：住,1000000,6691,持分移轉,00240000
RPWSNLSLOHGGFAF76CB,新都段,1.70,都市：住,1000000,6691,持分移轉,00250000
RPWSNLSLOHGGFAF76CB,新都段,1.80,都市：住,1000000,6691,持分移轉,00260000
RPQTNLSLOHGGFAF88CB,新都段,.29,都市：住,1000000,6691,持分移轉,00220001
RPQTNLSLOHGGFAF88CB,新都段,7.03,都市：住,1000000,6691,持分移轉,00220000
RPQTNLSLOHGGFAF88CB,新都段,.30,都市：住,1000000,6691,持分移轉,00230001
RPQTNLSLOHGGFAF88CB,新都段,6.87,都市：住,1000000,6691,持分移轉,00230000
RPWSNLSLOHGGFAF76CB,新都段,1.53,都市：住,1000000,6691,持分移轉,00270000
RPQTNLSLOHGGFAF88CB,新都段,5.09,都市：住,1000000,6691,持分移轉,00240000
RPQTNLSLOHGGFAF88CB,新都段,1.70,都市：住,1000000,6691,持分移轉,00250000
RPWSNLSLOHGGFAF76CB,新都段,3.87,都市：住,1000000,6691,持分移轉,00280000
RPQTNLSLOHGGFAF88CB,新都段,1.80,都市：住,1000000,6691,持分移轉,00260000
RPWSNLSLOHGGFAF76CB,新都段,.97,都市：住,1000000,6691,持分移轉,00290000
RPPTNLSLOHGGFAF78CB,新都段,.29,都市：住,1000000,6691,持分移轉,00220001
RPQTNLSLOHGGFAF88CB,新都段,1.53,都市：住,1000000,6691,持分移轉,00270000
RPWSNLSLOHGGFAF76CB,新都段,1.51,都市：住,1000000,6691,持分移轉,00300000
RPPTNLSLOHGGFAF78CB,新都段,7.03,都市：住,1000000,6691,持分移轉,00220000
RPQTNLSLOHGGFAF88CB,新都段,3.87,都市：住,1000000,6691,持分移轉,00280000
RPPTNLSLOHGGFAF78CB,新都段,.30,都市：住,1000000,6691,持分移轉,00230001
RPQTNLSLOHGGFAF88CB,新都段,.97,都市：住,1000000,6691,持分移轉,00290000
RPPTNLSLOHGGFAF78CB,新都段,6.87,都市：住,1000000,6691,持分移轉,00230000
RPQTNLSLOHGGFAF88CB,新都段,1.51,都市：住,1000000,6691,持分移轉,00300000
RPPTNLSLOHGGFAF78CB,新都段,5.09,都市：住,1000000,6691,持分移轉,00240000
RPPTNLSLOHGGFAF78CB,新都段,1.70,都市：住,1000000,6691,持分移轉,00250000
RPPTNLSLOHGGFAF78CB,新都段,1.80,都市：住,1000000,6691,持分移轉,00260000
RPPTNLSLOHGGFAF78CB,新都段,1.53,都市：住,1000000,6691,持分移轉,00270000
RPPTNLSLOHGGFAF78CB,新都段,3.87,都市：住,1000000,6691,持分移轉,00280000
RPPTNLSLOHGGFAF78CB,新都段,.97,都市：住,1000000,6691,持分移轉,00290000
RPPTNLSLOHGGFAF78CB,新都段,1.51,都市：住,1000000,6691,持分移轉,00300000
RPTTNLSLOHGGFAF56CB,江翠段,.65,都市：住,100000,340,持分移轉,00820000
RPTTNLSLOHGGFAF56CB,江翠段,1.23,都市：住,100000,340,持分移轉,00730000
RPTTNLSLOHGGFAF56CB,江翠段,1.87,都市：住,100000,340,持分移轉,00780000
RPTTNLSLOHGGFAF56CB,江翠段,1.86,都市：住,100000,340,持分移轉,00790000
RPTTNLSLOHGGFAF56CB,江翠段,2.49,都市：住,100000,340,持分移轉,00800000
RPTTNLSLOHGGFAF56CB,江翠段,1.74,都市：住,100000,340,持分移轉,00830000
RPTTNLSLOHGGFAF56CB,江翠段,4.07,都市：住,100000,340,持分移轉,00750000
RPTTNLSLOHGGFAF56CB,江翠段,.04,都市：住,100000,340,持分移轉,00760001
RPTTNLSLOHGGFAF56CB,江翠段,1.23,都市：住,100000,340,持分移轉,00810000
RPTTNLSLOHGGFAF56CB,江翠段,1.67,都市：住,100000,340,持分移轉,00720000
RPWTNLSLOHGGFAF86CB,新都段,.29,都市：住,1000000,6691,持分移轉,00220001
RPWTNLSLOHGGFAF86CB,新都段,7.03,都市：住,1000000,6691,持分移轉,00220000
RPWTNLSLOHGGFAF86CB,新都段,.30,都市：住,1000000,6691,持分移轉,00230001
RPWTNLSLOHGGFAF86CB,新都段,6.87,都市：住,1000000,6691,持分移轉,00230000
RPWTNLSLOHGGFAF86CB,新都段,5.09,都市：住,1000000,6691,持分移轉,00240000
RPWTNLSLOHGGFAF86CB,新都段,1.70,都市：住,1000000,6691,持分移轉,00250000
RPVTNLSLOHGGFAF76CB,新都段,.29,都市：住,1000000,6691,持分移轉,00220001
RPVTNLSLOHGGFAF76CB,新都段,7.03,都市：住,1000000,6691,持分移轉,00220000
RPWTNLSLOHGGFAF86CB,新都段,1.80,都市：住,1000000,6691,持分移轉,00260000
RPVTNLSLOHGGFAF76CB,新都段,.30,都市：住,1000000,6691,持分移轉,00230001
RPWTNLSLOHGGFAF86CB,新都段,1.53,都市：住,1000000,6691,持分移轉,00270000
RPVTNLSLOHGGFAF76CB,新都段,6.87,都市：住,1000000,6691,持分移轉,00230000
RPWTNLSLOHGGFAF86CB,新都段,3.87,都市：住,1000000,6691,持分移轉,00280000
RPVTNLSLOHGGFAF76CB,新都段,5.09,都市：住,1000000,6691,持分移轉,00240000
RPWTNLSLOHGGFAF86CB,新都段,.97,都市：住,1000000,6691,持分移轉,00290000
RPVTNLSLOHGGFAF76CB,新都段,1.70,都市：住,1000000,6691,持分移轉,00250000
RPWTNLSLOHGGFAF86CB,新都段,1.51,都市：住,1000000,6691,持分移轉,00300000
RPVTNLSLOHGGFAF76CB,新都段,1.80,都市：住,1000000,6691,持分移轉,00260000
RPVTNLSLOHGGFAF76CB,新都段,1.53,都市：住,1000000,6691,持分移轉,00270000
RPVTNLSLOHGGFAF76CB,新都段,3.87,都市：住,1000000,6691,持分移轉,00280000
RPVTNLSLOHGGFAF76CB,新都段,.97,都市：住,1000000,6691,持分移轉,00290000
RPVTNLSLOHGGFAF76CB,新都段,1.51,都市：住,1000000,6691,持分移轉,00300000
RPRUNLSLOHGGFAF09CB,江翠段,.83,都市：住,100000,434,持分移轉,00820000
RPRUNLSLOHGGFAF09CB,江翠段,1.57,都市：住,100000,434,持分移轉,00730000
RPRUNLSLOHGGFAF09CB,江翠段,2.39,都市：住,100000,434,持分移轉,00780000
RPRUNLSLOHGGFAF09CB,江翠段,2.37,都市：住,100000,434,持分移轉,00790000
RPRUNLSLOHGGFAF09CB,江翠段,3.17,都市：住,100000,434,持分移轉,00800000
RPRUNLSLOHGGFAF09CB,江翠段,2.22,都市：住,100000,434,持分移轉,00830000
RPTUNLSLOHGGFAF66CB,新都段,.29,都市：住,1000000,6691,持分移轉,00220001
RPRUNLSLOHGGFAF09CB,江翠段,5.20,都市：住,100000,434,持分移轉,00750000
RPTUNLSLOHGGFAF66CB,新都段,7.03,都市：住,1000000,6691,持分移轉,00220000
RPRUNLSLOHGGFAF09CB,江翠段,.05,都市：住,100000,434,持分移轉,00760001
RPTUNLSLOHGGFAF66CB,新都段,.30,都市：住,1000000,6691,持分移轉,00230001
RPRUNLSLOHGGFAF09CB,江翠段,1.57,都市：住,100000,434,持分移轉,00810000
RPTUNLSLOHGGFAF66CB,新都段,6.87,都市：住,1000000,6691,持分移轉,00230000
RPRUNLSLOHGGFAF09CB,江翠段,2.13,都市：住,100000,434,持分移轉,00720000
RPTUNLSLOHGGFAF66CB,新都段,5.09,都市：住,1000000,6691,持分移轉,00240000
RPTUNLSLOHGGFAF66CB,新都段,1.70,都市：住,1000000,6691,持分移轉,00250000
RPTUNLSLOHGGFAF66CB,新都段,1.80,都市：住,1000000,6691,持分移轉,00260000
RPTUNLSLOHGGFAF66CB,新都段,1.53,都市：住,1000000,6691,持分移轉,00270000
RPTUNLSLOHGGFAF66CB,新都段,3.87,都市：住,1000000,6691,持分移轉,00280000
RPTUNLSLOHGGFAF66CB,新都段,.97,都市：住,1000000,6691,持分移轉,00290000
RPTUNLSLOHGGFAF66CB,新都段,1.51,都市：住,1000000,6691,持分移轉,00300000
RPSUNLSLOHGGFAF56CB,新都段,.29,都市：住,1000000,6691,持分移轉,00220001
RPSUNLSLOHGGFAF56CB,新都段,7.03,都市：住,1000000,6691,持分移轉,00220000
RPSUNLSLOHGGFAF56CB,新都段,.30,都市：住,1000000,6691,持分移轉,00230001
RPSUNLSLOHGGFAF56CB,新都段,6.87,都市：住,1000000,6691,持分移轉,00230000
RPSUNLSLOHGGFAF56CB,新都段,5.09,都市：住,1000000,6691,持分移轉,00240000
RPSUNLSLOHGGFAF56CB,新都段,1.70,都市：住,1000000,6691,持分移轉,00250000
RPVUNLSLOHGGFAF86CB,新都段,.24,都市：住,1000000,5560,持分移轉,00220001
RPSUNLSLOHGGFAF56CB,新都段,1.80,都市：住,1000000,6691,持分移轉,00260000
RPSUNLSLOHGGFAF56CB,新都段,1.53,都市：住,1000000,6691,持分移轉,00270000
RPVUNLSLOHGGFAF86CB,新都段,5.84,都市：住,1000000,5560,持分移轉,00220000
RPSUNLSLOHGGFAF56CB,新都段,3.87,都市：住,1000000,6691,持分移轉,00280000
RPSUNLSLOHGGFAF56CB,新都段,.97,都市：住,1000000,6691,持分移轉,00290000
RPVUNLSLOHGGFAF86CB,新都段,.25,都市：住,1000000,5560,持分移轉,00230001
RPSUNLSLOHGGFAF56CB,新都段,1.51,都市：住,1000000,6691,持分移轉,00300000
RPVUNLSLOHGGFAF86CB,新都段,5.71,都市：住,1000000,5560,持分移轉,00230000
RPVUNLSLOHGGFAF86CB,新都段,4.23,都市：住,1000000,5560,持分移轉,00240000
RPVUNLSLOHGGFAF86CB,新都段,1.42,都市：住,1000000,5560,持分移轉,00250000
RPVUNLSLOHGGFAF86CB,新都段,1.50,都市：住,1000000,5560,持分移轉,00260000
RPVUNLSLOHGGFAF86CB,新都段,1.27,都市：住,1000000,5560,持分移轉,00270000
RPVUNLSLOHGGFAF86CB,新都段,3.21,都市：住,1000000,5560,持分移轉,00280000
RPVUNLSLOHGGFAF86CB,新都段,.81,都市：住,1000000,5560,持分移轉,00290000
RPVUNLSLOHGGFAF86CB,新都段,1.26,都市：住,1000000,5560,持分移轉,00300000
RPXUNLSLOHGGFAF07CB,新都段,.24,都市：住,1000000,5560,持分移轉,00220001
RPXUNLSLOHGGFAF07CB,新都段,5.84,都市：住,1000000,5560,持分移轉,00220000
RPXUNLSLOHGGFAF07CB,新都段,.25,都市：住,1000000,5560,持分移轉,00230001
RPXUNLSLOHGGFAF07CB,新都段,5.71,都市：住,1000000,5560,持分移轉,00230000
RPXUNLSLOHGGFAF07CB,新都段,4.23,都市：住,1000000,5560,持分移轉,00240000
RPXUNLSLOHGGFAF07CB,新都段,1.42,都市：住,1000000,5560,持分移轉,00250000
RPXUNLSLOHGGFAF07CB,新都段,1.50,都市：住,1000000,5560,持分移轉,00260000
RPXUNLSLOHGGFAF07CB,新都段,1.27,都市：住,1000000,5560,持分移轉,00270000
RPXUNLSLOHGGFAF07CB,新都段,3.21,都市：住,1000000,5560,持分移轉,00280000
RPXUNLSLOHGGFAF07CB,新都段,.81,都市：住,1000000,5560,持分移轉,00290000
RPXUNLSLOHGGFAF07CB,新都段,1.26,都市：住,1000000,5560,持分移轉,00300000
RPPVNLSLOHGGFAF98CB,新都段,.24,都市：住,1000000,5599,持分移轉,00220001
RPPVNLSLOHGGFAF98CB,新都段,5.88,都市：住,1000000,5599,持分移轉,00220000
RPPVNLSLOHGGFAF98CB,新都段,.25,都市：住,1000000,5599,持分移轉,00230001
RPPVNLSLOHGGFAF98CB,新都段,5.75,都市：住,1000000,5599,持分移轉,00230000
RPWUNLSLOHGGFAF96CB,新都段,.24,都市：住,1000000,5560,持分移轉,00220001
RPPVNLSLOHGGFAF98CB,新都段,4.26,都市：住,1000000,5599,持分移轉,00240000
RPPVNLSLOHGGFAF98CB,新都段,1.43,都市：住,1000000,5599,持分移轉,00250000
RPPVNLSLOHGGFAF98CB,新都段,1.51,都市：住,1000000,5599,持分移轉,00260000
RPWUNLSLOHGGFAF96CB,新都段,5.84,都市：住,1000000,5560,持分移轉,00220000
RPPVNLSLOHGGFAF98CB,新都段,1.28,都市：住,1000000,5599,持分移轉,00270000
RPWUNLSLOHGGFAF96CB,新都段,.25,都市：住,1000000,5560,持分移轉,00230001
RPPVNLSLOHGGFAF98CB,新都段,3.24,都市：住,1000000,5599,持分移轉,00280000
RPWUNLSLOHGGFAF96CB,新都段,5.71,都市：住,1000000,5560,持分移轉,00230000
RPPVNLSLOHGGFAF98CB,新都段,.81,都市：住,1000000,5599,持分移轉,00290000
RPWUNLSLOHGGFAF96CB,新都段,4.23,都市：住,1000000,5560,持分移轉,00240000
RPPVNLSLOHGGFAF98CB,新都段,1.27,都市：住,1000000,5599,持分移轉,00300000
RPWUNLSLOHGGFAF96CB,新都段,1.42,都市：住,1000000,5560,持分移轉,00250000
RPWUNLSLOHGGFAF96CB,新都段,1.50,都市：住,1000000,5560,持分移轉,00260000
RPWUNLSLOHGGFAF96CB,新都段,1.27,都市：住,1000000,5560,持分移轉,00270000
RPWUNLSLOHGGFAF96CB,新都段,3.21,都市：住,1000000,5560,持分移轉,00280000
RPWUNLSLOHGGFAF96CB,新都段,.81,都市：住,1000000,5560,持分移轉,00290000
RPWUNLSLOHGGFAF96CB,新都段,1.26,都市：住,1000000,5560,持分移轉,00300000
RPRVNLSLOHGGFAF56CB,新都段,.24,都市：住,1000000,5599,持分移轉,00220001
RPRVNLSLOHGGFAF56CB,新都段,5.88,都市：住,1000000,5599,持分移轉,00220000
RPRVNLSLOHGGFAF56CB,新都段,.25,都市：住,1000000,5599,持分移轉,00230001
RPRVNLSLOHGGFAF56CB,新都段,5.75,都市：住,1000000,5599,持分移轉,00230000
RPRVNLSLOHGGFAF56CB,新都段,4.26,都市：住,1000000,5599,持分移轉,00240000
RPRVNLSLOHGGFAF56CB,新都段,1.43,都市：住,1000000,5599,持分移轉,00250000
RPRVNLSLOHGGFAF56CB,新都段,1.51,都市：住,1000000,5599,持分移轉,00260000
RPRVNLSLOHGGFAF56CB,新都段,1.28,都市：住,1000000,5599,持分移轉,00270000
RPRVNLSLOHGGFAF56CB,新都段,3.24,都市：住,1000000,5599,持分移轉,00280000
RPRVNLSLOHGGFAF56CB,新都段,.81,都市：住,1000000,5599,持分移轉,00290000
RPRVNLSLOHGGFAF56CB,新都段,1.27,都市：住,1000000,5599,持分移轉,00300000
RPXVNLSLOHGGFAF17CB,新都段,.24,都市：住,1000000,5599,持分移轉,00220001
RPXVNLSLOHGGFAF17CB,新都段,5.88,都市：住,1000000,5599,持分移轉,00220000
RPXVNLSLOHGGFAF17CB,新都段,.25,都市：住,1000000,5599,持分移轉,00230001
RPXVNLSLOHGGFAF17CB,新都段,5.75,都市：住,1000000,5599,持分移轉,00230000
RPXVNLSLOHGGFAF17CB,新都段,4.26,都市：住,1000000,5599,持分移轉,00240000
RPXVNLSLOHGGFAF17CB,新都段,1.43,都市：住,1000000,5599,持分移轉,00250000
RPXVNLSLOHGGFAF17CB,新都段,1.51,都市：住,1000000,5599,持分移轉,00260000
RPXVNLSLOHGGFAF17CB,新都段,1.28,都市：住,1000000,5599,持分移轉,00270000
RPXVNLSLOHGGFAF17CB,新都段,3.24,都市：住,1000000,5599,持分移轉,00280000
RPXVNLSLOHGGFAF17CB,新都段,.81,都市：住,1000000,5599,持分移轉,00290000
RPXVNLSLOHGGFAF17CB,新都段,1.27,都市：住,1000000,5599,持分移轉,00300000
RPRWNLSLOHGGFAF66CB,江翠段,.84,都市：住,100000,439,持分移轉,00820000
RPRWNLSLOHGGFAF66CB,江翠段,1.59,都市：住,100000,439,持分移轉,00730000
RPRWNLSLOHGGFAF66CB,江翠段,2.42,都市：住,100000,439,持分移轉,00780000
RPRWNLSLOHGGFAF66CB,江翠段,2.40,都市：住,100000,439,持分移轉,00790000
RPRWNLSLOHGGFAF66CB,江翠段,3.21,都市：住,100000,439,持分移轉,00800000
RPSWNLSLOHGGFAF76CB,新都段,.24,都市：住,1000000,5599,持分移轉,00220001
RPRWNLSLOHGGFAF66CB,江翠段,2.24,都市：住,100000,439,持分移轉,00830000
RPRWNLSLOHGGFAF66CB,江翠段,5.26,都市：住,100000,439,持分移轉,00750000
RPSWNLSLOHGGFAF76CB,新都段,5.88,都市：住,1000000,5599,持分移轉,00220000
RPRWNLSLOHGGFAF66CB,江翠段,.05,都市：住,100000,439,持分移轉,00760001
RPRWNLSLOHGGFAF66CB,江翠段,1.59,都市：住,100000,439,持分移轉,00810000
RPSWNLSLOHGGFAF76CB,新都段,.25,都市：住,1000000,5599,持分移轉,00230001
RPRWNLSLOHGGFAF66CB,江翠段,2.16,都市：住,100000,439,持分移轉,00720000
RPSWNLSLOHGGFAF76CB,新都段,5.75,都市：住,1000000,5599,持分移轉,00230000
RPSWNLSLOHGGFAF76CB,新都段,4.26,都市：住,1000000,5599,持分移轉,00240000
RPSWNLSLOHGGFAF76CB,新都段,1.43,都市：住,1000000,5599,持分移轉,00250000
RPSWNLSLOHGGFAF76CB,新都段,1.51,都市：住,1000000,5599,持分移轉,00260000
RPSWNLSLOHGGFAF76CB,新都段,1.28,都市：住,1000000,5599,持分移轉,00270000
RPSWNLSLOHGGFAF76CB,新都段,3.24,都市：住,1000000,5599,持分移轉,00280000
RPSWNLSLOHGGFAF76CB,新都段,.81,都市：住,1000000,5599,持分移轉,00290000
RPSWNLSLOHGGFAF76CB,新都段,1.27,都市：住,1000000,5599,持分移轉,00300000
RPTWNLSLOHGGFAF86CB,新都段,.24,都市：住,1000000,5599,持分移轉,00220001
RPTWNLSLOHGGFAF86CB,新都段,5.88,都市：住,1000000,5599,持分移轉,00220000
RPTWNLSLOHGGFAF86CB,新都段,.25,都市：住,1000000,5599,持分移轉,00230001
RPTWNLSLOHGGFAF86CB,新都段,5.75,都市：住,1000000,5599,持分移轉,00230000
RPTWNLSLOHGGFAF86CB,新都段,4.26,都市：住,1000000,5599,持分移轉,00240000
RPTWNLSLOHGGFAF86CB,新都段,1.43,都市：住,1000000,5599,持分移轉,00250000
RPTWNLSLOHGGFAF86CB,新都段,1.51,都市：住,1000000,5599,持分移轉,00260000
RPTWNLSLOHGGFAF86CB,新都段,1.28,都市：住,1000000,5599,持分移轉,00270000
RPTWNLSLOHGGFAF86CB,新都段,3.24,都市：住,1000000,5599,持分移轉,00280000
RPTWNLSLOHGGFAF86CB,新都段,.81,都市：住,1000000,5599,持分移轉,00290000
RPTWNLSLOHGGFAF86CB,新都段,1.27,都市：住,1000000,5599,持分移轉,00300000
RPUVNLSLOHGGFAF86CB,江翠段,.84,都市：住,100000,439,持分移轉,00820000
RPUVNLSLOHGGFAF86CB,江翠段,1.59,都市：住,100000,439,持分移轉,00730000
RPUVNLSLOHGGFAF86CB,江翠段,2.42,都市：住,100000,439,持分移轉,00780000
RPUVNLSLOHGGFAF86CB,江翠段,2.40,都市：住,100000,439,持分移轉,00790000
RPUVNLSLOHGGFAF86CB,江翠段,3.21,都市：住,100000,439,持分移轉,00800000
RPUVNLSLOHGGFAF86CB,江翠段,2.24,都市：住,100000,439,持分移轉,00830000
RPUVNLSLOHGGFAF86CB,江翠段,5.26,都市：住,100000,439,持分移轉,00750000
RPUVNLSLOHGGFAF86CB,江翠段,.05,都市：住,100000,439,持分移轉,00760001
RPUVNLSLOHGGFAF86CB,江翠段,1.59,都市：住,100000,439,持分移轉,00810000
RPUVNLSLOHGGFAF86CB,江翠段,2.16,都市：住,100000,439,持分移轉,00720000
RPUWNLSLOHGGFAF96CB,新都段,.24,都市：住,1000000,5599,持分移轉,00220001
RPUWNLSLOHGGFAF96CB,新都段,5.88,都市：住,1000000,5599,持分移轉,00220000
RPUWNLSLOHGGFAF96CB,新都段,.25,都市：住,1000000,5599,持分移轉,00230001
RPUWNLSLOHGGFAF96CB,新都段,5.75,都市：住,1000000,5599,持分移轉,00230000
RPUWNLSLOHGGFAF96CB,新都段,4.26,都市：住,1000000,5599,持分移轉,00240000
RPUWNLSLOHGGFAF96CB,新都段,1.43,都市：住,1000000,5599,持分移轉,00250000
RPUWNLSLOHGGFAF96CB,新都段,1.51,都市：住,1000000,5599,持分移轉,00260000
RPUWNLSLOHGGFAF96CB,新都段,1.28,都市：住,1000000,5599,持分移轉,00270000
RPUWNLSLOHGGFAF96CB,新都段,3.24,都市：住,1000000,5599,持分移轉,00280000
RPUWNLSLOHGGFAF96CB,新都段,.81,都市：住,1000000,5599,持分移轉,00290000
RPUWNLSLOHGGFAF96CB,新都段,1.27,都市：住,1000000,5599,持分移轉,00300000
RPWWNLSLOHGGFAF17CB,新都段,.24,都市：住,1000000,5599,持分移轉,00220001
RPWWNLSLOHGGFAF17CB,新都段,5.88,都市：住,1000000,5599,持分移轉,00220000
RPWWNLSLOHGGFAF17CB,新都段,.25,都市：住,1000000,5599,持分移轉,00230001
RPXWNLSLOHGGFAF27CB,明德段,15.12,都市：住,100000,454,持分移轉,03580000
RPWWNLSLOHGGFAF17CB,新都段,5.75,都市：住,1000000,5599,持分移轉,00230000
RPWWNLSLOHGGFAF17CB,新都段,4.26,都市：住,1000000,5599,持分移轉,00240000
RPWWNLSLOHGGFAF17CB,新都段,1.43,都市：住,1000000,5599,持分移轉,00250000
RPWWNLSLOHGGFAF17CB,新都段,1.51,都市：住,1000000,5599,持分移轉,00260000
RPVWNLSLOHGGFAF07CB,新都段,.24,都市：住,1000000,5599,持分移轉,00220001
RPWWNLSLOHGGFAF17CB,新都段,1.28,都市：住,1000000,5599,持分移轉,00270000
RPVWNLSLOHGGFAF07CB,新都段,5.88,都市：住,1000000,5599,持分移轉,00220000
RPWWNLSLOHGGFAF17CB,新都段,3.24,都市：住,1000000,5599,持分移轉,00280000
RPVWNLSLOHGGFAF07CB,新都段,.25,都市：住,1000000,5599,持分移轉,00230001
RPWWNLSLOHGGFAF17CB,新都段,.81,都市：住,1000000,5599,持分移轉,00290000
RPVWNLSLOHGGFAF07CB,新都段,5.75,都市：住,1000000,5599,持分移轉,00230000
RPWWNLSLOHGGFAF17CB,新都段,1.27,都市：住,1000000,5599,持分移轉,00300000
RPVWNLSLOHGGFAF07CB,新都段,4.26,都市：住,1000000,5599,持分移轉,00240000
RPVWNLSLOHGGFAF07CB,新都段,1.43,都市：住,1000000,5599,持分移轉,00250000
RPVWNLSLOHGGFAF07CB,新都段,1.51,都市：住,1000000,5599,持分移轉,00260000
RPVWNLSLOHGGFAF07CB,新都段,1.28,都市：住,1000000,5599,持分移轉,00270000
RPVWNLSLOHGGFAF07CB,新都段,3.24,都市：住,1000000,5599,持分移轉,00280000
RPVWNLSLOHGGFAF07CB,新都段,.81,都市：住,1000000,5599,持分移轉,00290000
RPVWNLSLOHGGFAF07CB,新都段,1.27,都市：住,1000000,5599,持分移轉,00300000
RPONOLSLOHGGFAF18CB,新都段,.24,都市：住,1000000,5599,持分移轉,00220001
RPONOLSLOHGGFAF18CB,新都段,5.88,都市：住,1000000,5599,持分移轉,00220000
RPONOLSLOHGGFAF18CB,新都段,.25,都市：住,1000000,5599,持分移轉,00230001
RPONOLSLOHGGFAF18CB,新都段,5.75,都市：住,1000000,5599,持分移轉,00230000
RPONOLSLOHGGFAF18CB,新都段,4.26,都市：住,1000000,5599,持分移轉,00240000
RPONOLSLOHGGFAF18CB,新都段,1.43,都市：住,1000000,5599,持分移轉,00250000
RPONOLSLOHGGFAF18CB,新都段,1.51,都市：住,1000000,5599,持分移轉,00260000
RPONOLSLOHGGFAF18CB,新都段,1.28,都市：住,1000000,5599,持分移轉,00270000
RPONOLSLOHGGFAF18CB,新都段,3.24,都市：住,1000000,5599,持分移轉,00280000
RPONOLSLOHGGFAF18CB,新都段,.81,都市：住,1000000,5599,持分移轉,00290000
RPONOLSLOHGGFAF18CB,新都段,1.27,都市：住,1000000,5599,持分移轉,00300000
RPPNOLSLOHGGFAF28CB,新都段,.24,都市：住,1000000,5599,持分移轉,00220001
RPPNOLSLOHGGFAF28CB,新都段,5.88,都市：住,1000000,5599,持分移轉,00220000
RPPNOLSLOHGGFAF28CB,新都段,.25,都市：住,1000000,5599,持分移轉,00230001
RPPNOLSLOHGGFAF28CB,新都段,5.75,都市：住,1000000,5599,持分移轉,00230000
RPPNOLSLOHGGFAF28CB,新都段,4.26,都市：住,1000000,5599,持分移轉,00240000
RPPNOLSLOHGGFAF28CB,新都段,1.43,都市：住,1000000,5599,持分移轉,00250000
RPPNOLSLOHGGFAF28CB,新都段,1.51,都市：住,1000000,5599,持分移轉,00260000
RPPNOLSLOHGGFAF28CB,新都段,1.28,都市：住,1000000,5599,持分移轉,00270000
RPPNOLSLOHGGFAF28CB,新都段,3.24,都市：住,1000000,5599,持分移轉,00280000
RPPNOLSLOHGGFAF28CB,新都段,.81,都市：住,1000000,5599,持分移轉,00290000
RPPNOLSLOHGGFAF28CB,新都段,1.27,都市：住,1000000,5599,持分移轉,00300000
RPSNOLSLOHGGFAF58CB,新都段,.24,都市：住,1000000,5599,持分移轉,00220001
RPSNOLSLOHGGFAF58CB,新都段,5.88,都市：住,1000000,5599,持分移轉,00220000
RPSNOLSLOHGGFAF58CB,新都段,.25,都市：住,1000000,5599,持分移轉,00230001
RPSNOLSLOHGGFAF58CB,新都段,5.75,都市：住,1000000,5599,持分移轉,00230000
RPSNOLSLOHGGFAF58CB,新都段,4.26,都市：住,1000000,5599,持分移轉,00240000
RPSNOLSLOHGGFAF58CB,新都段,1.43,都市：住,1000000,5599,持分移轉,00250000
RPSNOLSLOHGGFAF58CB,新都段,1.51,都市：住,1000000,5599,持分移轉,00260000
RPSNOLSLOHGGFAF58CB,新都段,1.28,都市：住,1000000,5599,持分移轉,00270000
RPSNOLSLOHGGFAF58CB,新都段,3.24,都市：住,1000000,5599,持分移轉,00280000
RPSNOLSLOHGGFAF58CB,新都段,.81,都市：住,1000000,5599,持分移轉,00290000
RPSNOLSLOHGGFAF58CB,新都段,1.27,都市：住,1000000,5599,持分移轉,00300000
RPVNOLSLOHGGFAF88CB,江翠段,.83,都市：住,100000,434,持分移轉,00820000
RPVNOLSLOHGGFAF88CB,江翠段,1.57,都市：住,100000,434,持分移轉,00730000
RPVNOLSLOHGGFAF88CB,江翠段,2.39,都市：住,100000,434,持分移轉,00780000
RPVNOLSLOHGGFAF88CB,江翠段,2.37,都市：住,100000,434,持分移轉,00790000
RPVNOLSLOHGGFAF88CB,江翠段,3.17,都市：住,100000,434,持分移轉,00800000
RPVNOLSLOHGGFAF88CB,江翠段,2.22,都市：住,100000,434,持分移轉,00830000
RPVNOLSLOHGGFAF88CB,江翠段,5.20,都市：住,100000,434,持分移轉,00750000
RPVNOLSLOHGGFAF88CB,江翠段,.05,都市：住,100000,434,持分移轉,00760001
RPVNOLSLOHGGFAF88CB,江翠段,1.57,都市：住,100000,434,持分移轉,00810000
RPVNOLSLOHGGFAF88CB,江翠段,2.13,都市：住,100000,434,持分移轉,00720000
RPTNOLSLOHGGFAF68CB,新都段,.24,都市：住,1000000,5599,持分移轉,00220001
RPTNOLSLOHGGFAF68CB,新都段,5.88,都市：住,1000000,5599,持分移轉,00220000
RPTNOLSLOHGGFAF68CB,新都段,.25,都市：住,1000000,5599,持分移轉,00230001
RPTNOLSLOHGGFAF68CB,新都段,5.75,都市：住,1000000,5599,持分移轉,00230000
RPTNOLSLOHGGFAF68CB,新都段,4.26,都市：住,1000000,5599,持分移轉,00240000
RPTNOLSLOHGGFAF68CB,新都段,1.43,都市：住,1000000,5599,持分移轉,00250000
RPTNOLSLOHGGFAF68CB,新都段,1.51,都市：住,1000000,5599,持分移轉,00260000
RPTNOLSLOHGGFAF68CB,新都段,1.28,都市：住,1000000,5599,持分移轉,00270000
RPTNOLSLOHGGFAF68CB,新都段,3.24,都市：住,1000000,5599,持分移轉,00280000
RPTNOLSLOHGGFAF68CB,新都段,.81,都市：住,1000000,5599,持分移轉,00290000
RPTNOLSLOHGGFAF68CB,新都段,1.27,都市：住,1000000,5599,持分移轉,00300000
RPSOOLSLOHGGFAF68CB,新都段,.25,都市：住,1000000,5894,持分移轉,00220001
RPSOOLSLOHGGFAF68CB,新都段,6.19,都市：住,1000000,5894,持分移轉,00220000
RPSOOLSLOHGGFAF68CB,新都段,.27,都市：住,1000000,5894,持分移轉,00230001
RPSOOLSLOHGGFAF68CB,新都段,6.05,都市：住,1000000,5894,持分移轉,00230000
RPSOOLSLOHGGFAF68CB,新都段,4.48,都市：住,1000000,5894,持分移轉,00240000
RPSOOLSLOHGGFAF68CB,新都段,1.50,都市：住,1000000,5894,持分移轉,00250000
RPSOOLSLOHGGFAF68CB,新都段,1.59,都市：住,1000000,5894,持分移轉,00260000
RPSOOLSLOHGGFAF68CB,新都段,1.35,都市：住,1000000,5894,持分移轉,00270000
RPSOOLSLOHGGFAF68CB,新都段,3.41,都市：住,1000000,5894,持分移轉,00280000
RPSOOLSLOHGGFAF68CB,新都段,.86,都市：住,1000000,5894,持分移轉,00290000
RPSOOLSLOHGGFAF68CB,新都段,1.33,都市：住,1000000,5894,持分移轉,00300000
RPPOOLSLOHGGFAF38CB,新都段,.25,都市：住,1000000,5854,持分移轉,00220001
RPPOOLSLOHGGFAF38CB,新都段,6.15,都市：住,1000000,5854,持分移轉,00220000
RPQOOLSLOHGGFAF48CB,江翠段,.85,都市：住,100000,445,持分移轉,00820000
RPPOOLSLOHGGFAF38CB,新都段,.26,都市：住,1000000,5854,持分移轉,00230001
RPQOOLSLOHGGFAF48CB,江翠段,1.61,都市：住,100000,445,持分移轉,00730000
RPQOOLSLOHGGFAF48CB,江翠段,2.45,都市：住,100000,445,持分移轉,00780000
RPPOOLSLOHGGFAF38CB,新都段,6.01,都市：住,1000000,5854,持分移轉,00230000
RPQOOLSLOHGGFAF48CB,江翠段,2.43,都市：住,100000,445,持分移轉,00790000
RPQOOLSLOHGGFAF48CB,江翠段,3.25,都市：住,100000,445,持分移轉,00800000
RPPOOLSLOHGGFAF38CB,新都段,4.45,都市：住,1000000,5854,持分移轉,00240000
RPQOOLSLOHGGFAF48CB,江翠段,2.27,都市：住,100000,445,持分移轉,00830000
RPPOOLSLOHGGFAF38CB,新都段,1.49,都市：住,1000000,5854,持分移轉,00250000
RPQOOLSLOHGGFAF48CB,江翠段,5.33,都市：住,100000,445,持分移轉,00750000
RPPOOLSLOHGGFAF38CB,新都段,1.58,都市：住,1000000,5854,持分移轉,00260000
RPQOOLSLOHGGFAF48CB,江翠段,.05,都市：住,100000,445,持分移轉,00760001
RPPOOLSLOHGGFAF38CB,新都段,1.34,都市：住,1000000,5854,持分移轉,00270000
RPQOOLSLOHGGFAF48CB,江翠段,1.61,都市：住,100000,445,持分移轉,00810000
RPPOOLSLOHGGFAF38CB,新都段,3.38,都市：住,1000000,5854,持分移轉,00280000
RPQOOLSLOHGGFAF48CB,江翠段,2.19,都市：住,100000,445,持分移轉,00720000
RPPOOLSLOHGGFAF38CB,新都段,.85,都市：住,1000000,5854,持分移轉,00290000
RPPOOLSLOHGGFAF38CB,新都段,1.32,都市：住,1000000,5854,持分移轉,00300000
RPROOLSLOHGGFAF58CB,新都段,.25,都市：住,1000000,5894,持分移轉,00220001
RPROOLSLOHGGFAF58CB,新都段,6.19,都市：住,1000000,5894,持分移轉,00220000
RPROOLSLOHGGFAF58CB,新都段,.27,都市：住,1000000,5894,持分移轉,00230001
RPROOLSLOHGGFAF58CB,新都段,6.05,都市：住,1000000,5894,持分移轉,00230000
RPROOLSLOHGGFAF58CB,新都段,4.48,都市：住,1000000,5894,持分移轉,00240000
RPROOLSLOHGGFAF58CB,新都段,1.50,都市：住,1000000,5894,持分移轉,00250000
RPROOLSLOHGGFAF58CB,新都段,1.59,都市：住,1000000,5894,持分移轉,00260000
RPROOLSLOHGGFAF58CB,新都段,1.35,都市：住,1000000,5894,持分移轉,00270000
RPROOLSLOHGGFAF58CB,新都段,3.41,都市：住,1000000,5894,持分移轉,00280000
RPROOLSLOHGGFAF58CB,新都段,.86,都市：住,1000000,5894,持分移轉,00290000
RPROOLSLOHGGFAF58CB,新都段,1.33,都市：住,1000000,5894,持分移轉,00300000
RPUOOLSLOHGGFAF88CB,新都段,.25,都市：住,1000000,5894,持分移轉,00220001
RPUOOLSLOHGGFAF88CB,新都段,6.19,都市：住,1000000,5894,持分移轉,00220000
RPUOOLSLOHGGFAF88CB,新都段,.27,都市：住,1000000,5894,持分移轉,00230001
RPUOOLSLOHGGFAF88CB,新都段,6.05,都市：住,1000000,5894,持分移轉,00230000
RPUOOLSLOHGGFAF88CB,新都段,4.48,都市：住,1000000,5894,持分移轉,00240000
RPUOOLSLOHGGFAF88CB,新都段,1.50,都市：住,1000000,5894,持分移轉,00250000
RPUOOLSLOHGGFAF88CB,新都段,1.59,都市：住,1000000,5894,持分移轉,00260000
RPUOOLSLOHGGFAF88CB,新都段,1.35,都市：住,1000000,5894,持分移轉,00270000
RPUOOLSLOHGGFAF88CB,新都段,3.41,都市：住,1000000,5894,持分移轉,00280000
RPUOOLSLOHGGFAF88CB,新都段,.86,都市：住,1000000,5894,持分移轉,00290000
RPUOOLSLOHGGFAF88CB,新都段,1.33,都市：住,1000000,5894,持分移轉,00300000
RPWOOLSLOHGGFAF09CB,新都段,.25,都市：住,1000000,5894,持分移轉,00220001
RPOOOLSLOHGGFAF28CB,新都段,.25,都市：住,1000000,5854,持分移轉,00220001
RPWOOLSLOHGGFAF09CB,新都段,6.19,都市：住,1000000,5894,持分移轉,00220000
RPOOOLSLOHGGFAF28CB,新都段,6.15,都市：住,1000000,5854,持分移轉,00220000
RPWOOLSLOHGGFAF09CB,新都段,.27,都市：住,1000000,5894,持分移轉,00230001
RPOOOLSLOHGGFAF28CB,新都段,.26,都市：住,1000000,5854,持分移轉,00230001
RPWOOLSLOHGGFAF09CB,新都段,6.05,都市：住,1000000,5894,持分移轉,00230000
RPOOOLSLOHGGFAF28CB,新都段,6.01,都市：住,1000000,5854,持分移轉,00230000
RPWOOLSLOHGGFAF09CB,新都段,4.48,都市：住,1000000,5894,持分移轉,00240000
RPOOOLSLOHGGFAF28CB,新都段,4.45,都市：住,1000000,5854,持分移轉,00240000
RPWOOLSLOHGGFAF09CB,新都段,1.50,都市：住,1000000,5894,持分移轉,00250000
RPOOOLSLOHGGFAF28CB,新都段,1.49,都市：住,1000000,5854,持分移轉,00250000
RPWOOLSLOHGGFAF09CB,新都段,1.59,都市：住,1000000,5894,持分移轉,00260000
RPOOOLSLOHGGFAF28CB,新都段,1.58,都市：住,1000000,5854,持分移轉,00260000
RPWOOLSLOHGGFAF09CB,新都段,1.35,都市：住,1000000,5894,持分移轉,00270000
RPOOOLSLOHGGFAF28CB,新都段,1.34,都市：住,1000000,5854,持分移轉,00270000
RPWOOLSLOHGGFAF09CB,新都段,3.41,都市：住,1000000,5894,持分移轉,00280000
RPOOOLSLOHGGFAF28CB,新都段,3.38,都市：住,1000000,5854,持分移轉,00280000
RPWOOLSLOHGGFAF09CB,新都段,.86,都市：住,1000000,5894,持分移轉,00290000
RPOOOLSLOHGGFAF28CB,新都段,.85,都市：住,1000000,5854,持分移轉,00290000
RPWOOLSLOHGGFAF09CB,新都段,1.33,都市：住,1000000,5894,持分移轉,00300000
RPOOOLSLOHGGFAF28CB,新都段,1.32,都市：住,1000000,5854,持分移轉,00300000
RPOPOLSLOHGGFAF38CB,新都段,.25,都市：住,1000000,5894,持分移轉,00220001
RPOPOLSLOHGGFAF38CB,新都段,6.19,都市：住,1000000,5894,持分移轉,00220000
RPOPOLSLOHGGFAF38CB,新都段,.27,都市：住,1000000,5894,持分移轉,00230001
RPOPOLSLOHGGFAF38CB,新都段,6.05,都市：住,1000000,5894,持分移轉,00230000
RPOPOLSLOHGGFAF38CB,新都段,4.48,都市：住,1000000,5894,持分移轉,00240000
RPOPOLSLOHGGFAF38CB,新都段,1.50,都市：住,1000000,5894,持分移轉,00250000
RPOPOLSLOHGGFAF38CB,新都段,1.59,都市：住,1000000,5894,持分移轉,00260000
RPOPOLSLOHGGFAF38CB,新都段,1.35,都市：住,1000000,5894,持分移轉,00270000
RPOPOLSLOHGGFAF38CB,新都段,3.41,都市：住,1000000,5894,持分移轉,00280000
RPOPOLSLOHGGFAF38CB,新都段,.86,都市：住,1000000,5894,持分移轉,00290000
RPOPOLSLOHGGFAF38CB,新都段,1.33,都市：住,1000000,5894,持分移轉,00300000
RPRPOLSLOHGGFAF68CB,新都段,.25,都市：住,1000000,5894,持分移轉,00220001
RPRPOLSLOHGGFAF68CB,新都段,6.19,都市：住,1000000,5894,持分移轉,00220000
RPRPOLSLOHGGFAF68CB,新都段,.27,都市：住,1000000,5894,持分移轉,00230001
RPRPOLSLOHGGFAF68CB,新都段,6.05,都市：住,1000000,5894,持分移轉,00230000
RPRPOLSLOHGGFAF68CB,新都段,4.48,都市：住,1000000,5894,持分移轉,00240000
RPRPOLSLOHGGFAF68CB,新都段,1.50,都市：住,1000000,5894,持分移轉,00250000
RPRPOLSLOHGGFAF68CB,新都段,1.59,都市：住,1000000,5894,持分移轉,00260000
RPRPOLSLOHGGFAF68CB,新都段,1.35,都市：住,1000000,5894,持分移轉,00270000
RPRPOLSLOHGGFAF68CB,新都段,3.41,都市：住,1000000,5894,持分移轉,00280000
RPRPOLSLOHGGFAF68CB,新都段,.86,都市：住,1000000,5894,持分移轉,00290000
RPRPOLSLOHGGFAF68CB,新都段,1.33,都市：住,1000000,5894,持分移轉,00300000
RPQPOLSLOHGGFAF58CB,新都段,.25,都市：住,1000000,5894,持分移轉,00220001
RPQPOLSLOHGGFAF58CB,新都段,6.19,都市：住,1000000,5894,持分移轉,00220000
RPQPOLSLOHGGFAF58CB,新都段,.27,都市：住,1000000,5894,持分移轉,00230001
RPQPOLSLOHGGFAF58CB,新都段,6.05,都市：住,1000000,5894,持分移轉,00230000
RPQPOLSLOHGGFAF58CB,新都段,4.48,都市：住,1000000,5894,持分移轉,00240000
RPQPOLSLOHGGFAF58CB,新都段,1.50,都市：住,1000000,5894,持分移轉,00250000
RPQPOLSLOHGGFAF58CB,新都段,1.59,都市：住,1000000,5894,持分移轉,00260000
RPQPOLSLOHGGFAF58CB,新都段,1.35,都市：住,1000000,5894,持分移轉,00270000
RPQPOLSLOHGGFAF58CB,新都段,3.41,都市：住,1000000,5894,持分移轉,00280000
RPQPOLSLOHGGFAF58CB,新都段,.86,都市：住,1000000,5894,持分移轉,00290000
RPQPOLSLOHGGFAF58CB,新都段,1.33,都市：住,1000000,5894,持分移轉,00300000
RPUPOLSLOHGGFAF98CB,江翠段,.84,都市：住,100000,439,持分移轉,00820000
RPUPOLSLOHGGFAF98CB,江翠段,1.59,都市：住,100000,439,持分移轉,00730000
RPUPOLSLOHGGFAF98CB,江翠段,2.42,都市：住,100000,439,持分移轉,00780000
RPUPOLSLOHGGFAF98CB,江翠段,2.40,都市：住,100000,439,持分移轉,00790000
RPUPOLSLOHGGFAF98CB,江翠段,3.21,都市：住,100000,439,持分移轉,00800000
RPUPOLSLOHGGFAF98CB,江翠段,2.24,都市：住,100000,439,持分移轉,00830000
RPUPOLSLOHGGFAF98CB,江翠段,5.26,都市：住,100000,439,持分移轉,00750000
RPUPOLSLOHGGFAF98CB,江翠段,.05,都市：住,100000,439,持分移轉,00760001
RPUPOLSLOHGGFAF98CB,江翠段,1.59,都市：住,100000,439,持分移轉,00810000
RPTPOLSLOHGGFAF88CB,新都段,.25,都市：住,1000000,5894,持分移轉,00220001
RPUPOLSLOHGGFAF98CB,江翠段,2.16,都市：住,100000,439,持分移轉,00720000
RPTPOLSLOHGGFAF88CB,新都段,6.19,都市：住,1000000,5894,持分移轉,00220000
RPTPOLSLOHGGFAF88CB,新都段,.27,都市：住,1000000,5894,持分移轉,00230001
RPTPOLSLOHGGFAF88CB,新都段,6.05,都市：住,1000000,5894,持分移轉,00230000
RPTPOLSLOHGGFAF88CB,新都段,4.48,都市：住,1000000,5894,持分移轉,00240000
RPTPOLSLOHGGFAF88CB,新都段,1.50,都市：住,1000000,5894,持分移轉,00250000
RPTPOLSLOHGGFAF88CB,新都段,1.59,都市：住,1000000,5894,持分移轉,00260000
RPTPOLSLOHGGFAF88CB,新都段,1.35,都市：住,1000000,5894,持分移轉,00270000
RPTPOLSLOHGGFAF88CB,新都段,3.41,都市：住,1000000,5894,持分移轉,00280000
RPTPOLSLOHGGFAF88CB,新都段,.86,都市：住,1000000,5894,持分移轉,00290000
RPTPOLSLOHGGFAF88CB,新都段,1.33,都市：住,1000000,5894,持分移轉,00300000
RPXPOLSLOHGGFAF66CB,新都段,.25,都市：住,1000000,5894,持分移轉,00220001
RPXPOLSLOHGGFAF66CB,新都段,6.19,都市：住,1000000,5894,持分移轉,00220000
RPXPOLSLOHGGFAF66CB,新都段,.27,都市：住,1000000,5894,持分移轉,00230001
RPXPOLSLOHGGFAF66CB,新都段,6.05,都市：住,1000000,5894,持分移轉,00230000
RPXPOLSLOHGGFAF66CB,新都段,4.48,都市：住,1000000,5894,持分移轉,00240000
RPXPOLSLOHGGFAF66CB,新都段,1.50,都市：住,1000000,5894,持分移轉,00250000
RPXPOLSLOHGGFAF66CB,新都段,1.59,都市：住,1000000,5894,持分移轉,00260000
RPXPOLSLOHGGFAF66CB,新都段,1.35,都市：住,1000000,5894,持分移轉,00270000
RPXPOLSLOHGGFAF66CB,新都段,3.41,都市：住,1000000,5894,持分移轉,00280000
RPXPOLSLOHGGFAF66CB,新都段,.86,都市：住,1000000,5894,持分移轉,00290000
RPXPOLSLOHGGFAF66CB,新都段,1.33,都市：住,1000000,5894,持分移轉,00300000
RPQQOLSLOHGGFAF68CB,江翠段,.84,都市：住,100000,439,持分移轉,00820000
RPQQOLSLOHGGFAF68CB,江翠段,1.59,都市：住,100000,439,持分移轉,00730000
RPQQOLSLOHGGFAF68CB,江翠段,2.42,都市：住,100000,439,持分移轉,00780000
RPQQOLSLOHGGFAF68CB,江翠段,2.40,都市：住,100000,439,持分移轉,00790000
RPQQOLSLOHGGFAF68CB,江翠段,3.21,都市：住,100000,439,持分移轉,00800000
RPQQOLSLOHGGFAF68CB,江翠段,2.24,都市：住,100000,439,持分移轉,00830000
RPQQOLSLOHGGFAF68CB,江翠段,5.26,都市：住,100000,439,持分移轉,00750000
RPQQOLSLOHGGFAF68CB,江翠段,.05,都市：住,100000,439,持分移轉,00760001
RPQQOLSLOHGGFAF68CB,江翠段,1.59,都市：住,100000,439,持分移轉,00810000
RPQQOLSLOHGGFAF68CB,江翠段,2.16,都市：住,100000,439,持分移轉,00720000
RPRQOLSLOHGGFAF78CB,新都段,.25,都市：住,1000000,5894,持分移轉,00220001
RPRQOLSLOHGGFAF78CB,新都段,6.19,都市：住,1000000,5894,持分移轉,00220000
RPRQOLSLOHGGFAF78CB,新都段,.27,都市：住,1000000,5894,持分移轉,00230001
RPRQOLSLOHGGFAF78CB,新都段,6.05,都市：住,1000000,5894,持分移轉,00230000
RPRQOLSLOHGGFAF78CB,新都段,4.48,都市：住,1000000,5894,持分移轉,00240000
RPRQOLSLOHGGFAF78CB,新都段,1.50,都市：住,1000000,5894,持分移轉,00250000
RPRQOLSLOHGGFAF78CB,新都段,1.59,都市：住,1000000,5894,持分移轉,00260000
RPRQOLSLOHGGFAF78CB,新都段,1.35,都市：住,1000000,5894,持分移轉,00270000
RPRQOLSLOHGGFAF78CB,新都段,3.41,都市：住,1000000,5894,持分移轉,00280000
RPRQOLSLOHGGFAF78CB,新都段,.86,都市：住,1000000,5894,持分移轉,00290000
RPRQOLSLOHGGFAF78CB,新都段,1.33,都市：住,1000000,5894,持分移轉,00300000
RPUQOLSLOHGGFAF09CB,江翠段,25.31,都市：住,1000000,13204,持分移轉,01450000
RPUQOLSLOHGGFAF09CB,江翠段,1.21,都市：住,1000000,13204,持分移轉,01450001
RPSQOLSLOHGGFAF88CB,江翠段,.84,都市：住,100000,439,持分移轉,00820000
RPSQOLSLOHGGFAF88CB,江翠段,1.59,都市：住,100000,439,持分移轉,00730000
RPSQOLSLOHGGFAF88CB,江翠段,2.42,都市：住,100000,439,持分移轉,00780000
RPSQOLSLOHGGFAF88CB,江翠段,2.40,都市：住,100000,439,持分移轉,00790000
RPSQOLSLOHGGFAF88CB,江翠段,3.21,都市：住,100000,439,持分移轉,00800000
RPSQOLSLOHGGFAF88CB,江翠段,2.24,都市：住,100000,439,持分移轉,00830000
RPSQOLSLOHGGFAF88CB,江翠段,5.26,都市：住,100000,439,持分移轉,00750000
RPSQOLSLOHGGFAF88CB,江翠段,.05,都市：住,100000,439,持分移轉,00760001
RPSQOLSLOHGGFAF88CB,江翠段,1.59,都市：住,100000,439,持分移轉,00810000
RPSQOLSLOHGGFAF88CB,江翠段,2.16,都市：住,100000,439,持分移轉,00720000
RPXQOLSLOHGGFAF76CB,江翠段,29.30,都市：住,1000000,15284,持分移轉,01450000
RPXQOLSLOHGGFAF76CB,江翠段,1.40,都市：住,1000000,15284,持分移轉,01450001
RPPROLSLOHGGFAF68CB,江翠段,29.30,都市：住,1000000,15284,持分移轉,01450000
RPPROLSLOHGGFAF68CB,江翠段,1.40,都市：住,1000000,15284,持分移轉,01450001
RPWQOLSLOHGGFAF66CB,江翠段,25.31,都市：住,1000000,13204,持分移轉,01450000
RPWQOLSLOHGGFAF66CB,江翠段,1.21,都市：住,1000000,13204,持分移轉,01450001
RPQROLSLOHGGFAF78CB,江翠段,29.49,都市：住,1000000,15384,持分移轉,01450000
RPQROLSLOHGGFAF78CB,江翠段,1.41,都市：住,1000000,15384,持分移轉,01450001
RPVQOLSLOHGGFAF56CB,江翠段,25.31,都市：住,1000000,13204,持分移轉,01450000
RPVQOLSLOHGGFAF56CB,江翠段,1.21,都市：住,1000000,13204,持分移轉,01450001
RPRROLSLOHGGFAF88CB,江翠段,29.30,都市：住,1000000,15284,持分移轉,01450000
RPRROLSLOHGGFAF88CB,江翠段,1.40,都市：住,1000000,15284,持分移轉,01450001
RPSROLSLOHGGFAF98CB,江翠段,29.30,都市：住,1000000,15284,持分移轉,01450000
RPSROLSLOHGGFAF98CB,江翠段,1.40,都市：住,1000000,15284,持分移轉,01450001
RPTROLSLOHGGFAF09CB,江翠段,29.30,都市：住,1000000,15284,持分移轉,01450000
RPTROLSLOHGGFAF09CB,江翠段,1.40,都市：住,1000000,15284,持分移轉,01450001
RPWROLSLOHGGFAF76CB,江翠段,29.30,都市：住,1000000,15284,持分移轉,01450000
RPWROLSLOHGGFAF76CB,江翠段,1.40,都市：住,1000000,15284,持分移轉,01450001
RPVROLSLOHGGFAF66CB,江翠段,3.21,都市：住,100000,439,持分移轉,00800000
RPVROLSLOHGGFAF66CB,江翠段,2.24,都市：住,100000,439,持分移轉,00830000
RPVROLSLOHGGFAF66CB,江翠段,5.26,都市：住,100000,439,持分移轉,00750000
RPVROLSLOHGGFAF66CB,江翠段,.05,都市：住,100000,439,持分移轉,00760001
RPVROLSLOHGGFAF66CB,江翠段,1.59,都市：住,100000,439,持分移轉,00810000
RPVROLSLOHGGFAF66CB,江翠段,2.16,都市：住,100000,439,持分移轉,00720000
RPVROLSLOHGGFAF66CB,江翠段,.84,都市：住,100000,439,持分移轉,00820000
RPVROLSLOHGGFAF66CB,江翠段,1.59,都市：住,100000,439,持分移轉,00730000
RPVROLSLOHGGFAF66CB,江翠段,2.42,都市：住,100000,439,持分移轉,00780000
RPVROLSLOHGGFAF66CB,江翠段,2.40,都市：住,100000,439,持分移轉,00790000
RPPSOLSLOHGGFAF78CB,江翠段,25.31,都市：住,1000000,13204,持分移轉,01450000
RPPSOLSLOHGGFAF78CB,江翠段,1.21,都市：住,1000000,13204,持分移轉,01450001
RPOSOLSLOHGGFAF68CB,江翠段,29.30,都市：住,1000000,15284,持分移轉,01450000
RPOSOLSLOHGGFAF68CB,江翠段,1.40,都市：住,1000000,15284,持分移轉,01450001
RPQSOLSLOHGGFAF88CB,江翠段,25.31,都市：住,1000000,13204,持分移轉,01450000
RPQSOLSLOHGGFAF88CB,江翠段,1.21,都市：住,1000000,13204,持分移轉,01450001
RPRSOLSLOHGGFAF98CB,江翠段,25.31,都市：住,1000000,13204,持分移轉,01450000
RPRSOLSLOHGGFAF98CB,江翠段,1.21,都市：住,1000000,13204,持分移轉,01450001
RPXSOLSLOHGGFAF96CB,江翠段,29.30,都市：住,1000000,15284,持分移轉,01450000
RPSSOLSLOHGGFAF09CB,江翠段,25.31,都市：住,1000000,13204,持分移轉,01450000
RPXSOLSLOHGGFAF96CB,江翠段,1.40,都市：住,1000000,15284,持分移轉,01450001
RPSSOLSLOHGGFAF09CB,江翠段,1.21,都市：住,1000000,13204,持分移轉,01450001
RPUSOLSLOHGGFAF66CB,江翠段,25.31,都市：住,1000000,13204,持分移轉,01450000
RPUSOLSLOHGGFAF66CB,江翠段,1.21,都市：住,1000000,13204,持分移轉,01450001
RPOTOLSLOHGGFAF78CB,江翠段,29.30,都市：住,1000000,15284,持分移轉,01450000
RPOTOLSLOHGGFAF78CB,江翠段,1.40,都市：住,1000000,15284,持分移轉,01450001
RPPTOLSLOHGGFAF88CB,江翠段,29.30,都市：住,1000000,15284,持分移轉,01450000
RPPTOLSLOHGGFAF88CB,江翠段,1.40,都市：住,1000000,15284,持分移轉,01450001
RPQTOLSLOHGGFAF98CB,江翠段,10.28,都市：住,1000000,5362,持分移轉,01450000
RPQTOLSLOHGGFAF98CB,江翠段,.49,都市：住,1000000,5362,持分移轉,01450001
RPSTOLSLOHGGFAF56CB,江翠段,10.28,都市：住,1000000,5362,持分移轉,01450000
RPSTOLSLOHGGFAF56CB,江翠段,.49,都市：住,1000000,5362,持分移轉,01450001
RPTTOLSLOHGGFAF66CB,江翠段,10.28,都市：住,1000000,5362,持分移轉,01450000
RPTTOLSLOHGGFAF66CB,江翠段,.49,都市：住,1000000,5362,持分移轉,01450001
RPVTOLSLOHGGFAF86CB,江翠段,10.09,都市：住,1000000,5262,持分移轉,01450000
RPVTOLSLOHGGFAF86CB,江翠段,.48,都市：住,1000000,5262,持分移轉,01450001
RPWTOLSLOHGGFAF96CB,江翠段,10.37,都市：住,1000000,5407,持分移轉,01450000
RPXTOLSLOHGGFAF07CB,江翠段,10.37,都市：住,1000000,5407,持分移轉,01450000
RPWTOLSLOHGGFAF96CB,江翠段,.50,都市：住,1000000,5407,持分移轉,01450001
RPXTOLSLOHGGFAF07CB,江翠段,.50,都市：住,1000000,5407,持分移轉,01450001
RPUTOLSLOHGGFAF76CB,江翠段,10.28,都市：住,1000000,5362,持分移轉,01450000
RPUTOLSLOHGGFAF76CB,江翠段,.49,都市：住,1000000,5362,持分移轉,01450001
RPOUOLSLOHGGFAF88CB,江翠段,10.37,都市：住,1000000,5407,持分移轉,01450000
RPOUOLSLOHGGFAF88CB,江翠段,.50,都市：住,1000000,5407,持分移轉,01450001
RPXUOLSLOHGGFAF17CB,江翠段,10.37,都市：住,1000000,5407,持分移轉,01450000
RPXUOLSLOHGGFAF17CB,江翠段,.50,都市：住,1000000,5407,持分移轉,01450001
RPRUOLSLOHGGFAF56CB,江翠段,10.37,都市：住,1000000,5407,持分移轉,01450000
RPRUOLSLOHGGFAF56CB,江翠段,.50,都市：住,1000000,5407,持分移轉,01450001
RPQVOLSLOHGGFAF56CB,江翠段,17.24,都市：住,1000000,8994,持分移轉,01450000
RPQVOLSLOHGGFAF56CB,江翠段,.82,都市：住,1000000,8994,持分移轉,01450001
RPOVOLSLOHGGFAF98CB,江翠段,10.37,都市：住,1000000,5407,持分移轉,01450000
RPOVOLSLOHGGFAF98CB,江翠段,.50,都市：住,1000000,5407,持分移轉,01450001
RPPVOLSLOHGGFAF09CB,江翠段,10.37,都市：住,1000000,5407,持分移轉,01450000
RPPVOLSLOHGGFAF09CB,江翠段,.50,都市：住,1000000,5407,持分移轉,01450001
RPRVOLSLOHGGFAF66CB,江翠段,17.24,都市：住,1000000,8994,持分移轉,01450000
RPRVOLSLOHGGFAF66CB,江翠段,.82,都市：住,1000000,8994,持分移轉,01450001
RPUVOLSLOHGGFAF96CB,江翠段,17.51,都市：住,1000000,9135,持分移轉,01450000
RPUVOLSLOHGGFAF96CB,江翠段,.84,都市：住,1000000,9135,持分移轉,01450001
RPTVOLSLOHGGFAF86CB,江翠段,17.24,都市：住,1000000,8994,持分移轉,01450000
RPTVOLSLOHGGFAF86CB,江翠段,.82,都市：住,1000000,8994,持分移轉,01450001
RPSVOLSLOHGGFAF76CB,江翠段,17.24,都市：住,1000000,8994,持分移轉,01450000
RPSVOLSLOHGGFAF76CB,江翠段,.82,都市：住,1000000,8994,持分移轉,01450001
RPVVOLSLOHGGFAF07CB,江翠段,17.51,都市：住,1000000,9135,持分移轉,01450000
RPVVOLSLOHGGFAF07CB,江翠段,.84,都市：住,1000000,9135,持分移轉,01450001
RPWVOLSLOHGGFAF17CB,明德段,22.15,都市：住,100000,665,持分移轉,03580000
RPXVOLSLOHGGFAF27CB,江翠段,17.51,都市：住,1000000,9135,持分移轉,01450000
RPXVOLSLOHGGFAF27CB,江翠段,.84,都市：住,1000000,9135,持分移轉,01450001
RPOWOLSLOHGGFAF09CB,明德段,22.15,都市：住,100000,665,持分移轉,03580000
RPQWOLSLOHGGFAF66CB,江翠段,10.28,都市：住,1000000,5362,持分移轉,01450000
RPQWOLSLOHGGFAF66CB,江翠段,.49,都市：住,1000000,5362,持分移轉,01450001
RPTOPLSLOHGGFHF07DB,興南段,4.35,都市：住,100000,1084,持分移轉,06160000
RPTOPLSLOHGGFHF07DB,興南段,12.82,都市：住,100000,1084,持分移轉,06170000
RPPWOLSLOHGGFAF56CB,明德段,22.15,都市：住,100000,665,持分移轉,03580000
RPXNPLSLOHGGFHF37DB,興南段,3.18,都市：住,100000,791,持分移轉,06160000
RPXNPLSLOHGGFHF37DB,興南段,9.35,都市：住,100000,791,持分移轉,06170000
RPPOPLSLOHGGFHF66DB,興南段,3.95,都市：住,100000,984,持分移轉,06160000
RPPOPLSLOHGGFHF66DB,興南段,11.64,都市：住,100000,984,持分移轉,06170000
RPVOPLSLOHGGFHF27DB,興南段,3.18,都市：住,100000,791,持分移轉,06160000
RPVOPLSLOHGGFHF27DB,興南段,9.35,都市：住,100000,791,持分移轉,06170000
RPPPPLSLOHGGFHF76DB,興南段,4.35,都市：住,100000,1084,持分移轉,06160000
RPPPPLSLOHGGFHF76DB,興南段,12.82,都市：住,100000,1084,持分移轉,06170000
RPRPPLSLOHGGFHF96DB,興南段,3.18,都市：住,100000,791,持分移轉,06160000
RPRPPLSLOHGGFHF96DB,興南段,9.35,都市：住,100000,791,持分移轉,06170000
RPSPPLSLOHGGFHF07DB,興南段,4.35,都市：住,100000,1084,持分移轉,06160000
RPSPPLSLOHGGFHF07DB,興南段,12.82,都市：住,100000,1084,持分移轉,06170000
RPTQPLSLOHGGFHF27DB,興南段,3.58,都市：住,100000,891,持分移轉,06160000
RPTQPLSLOHGGFHF27DB,興南段,10.54,都市：住,100000,891,持分移轉,06170000
RPPQPLSLOHGGFHF86DB,興南段,4.35,都市：住,100000,1084,持分移轉,06160000
RPPQPLSLOHGGFHF86DB,興南段,12.82,都市：住,100000,1084,持分移轉,06170000
RPPRPLSLOHGGFHF96DB,興南段,4.35,都市：住,100000,1084,持分移轉,06160000
RPPRPLSLOHGGFHF96DB,興南段,12.82,都市：住,100000,1084,持分移轉,06170000
RPRQPLSLOHGGFHF07DB,興南段,4.15,都市：住,100000,1034,持分移轉,06160000
RPRQPLSLOHGGFHF07DB,興南段,12.23,都市：住,100000,1034,持分移轉,06170000
RPRRPLSLOHGGFHF17DB,興南段,3.18,都市：住,100000,791,持分移轉,06160000
RPRRPLSLOHGGFHF17DB,興南段,9.35,都市：住,100000,791,持分移轉,06170000
RPWRPLSLOHGGFHF67DB,興南段,4.35,都市：住,100000,1084,持分移轉,06160000
RPWRPLSLOHGGFHF67DB,興南段,12.82,都市：住,100000,1084,持分移轉,06170000
RPOSPLSLOHGGFHF96DB,興南段,3.18,都市：住,100000,791,持分移轉,06160000
RPOSPLSLOHGGFHF96DB,興南段,9.35,都市：住,100000,791,持分移轉,06170000
RPUSPLSLOHGGFHF57DB,興南段,4.35,都市：住,100000,1084,持分移轉,06160000
RPUSPLSLOHGGFHF57DB,興南段,12.82,都市：住,100000,1084,持分移轉,06170000
RPXSPLSLOHGGFHF87DB,興南段,3.18,都市：住,100000,791,持分移轉,06160000
RPXSPLSLOHGGFHF87DB,興南段,9.35,都市：住,100000,791,持分移轉,06170000
RPTTPLSLOHGGFHF57DB,興南段,4.35,都市：住,100000,1084,持分移轉,06160000
RPTTPLSLOHGGFHF57DB,興南段,12.82,都市：住,100000,1084,持分移轉,06170000
RPRSQLSLOHGGFHF37DB,興南段,4.35,都市：住,100000,1084,持分移轉,06160000
RPRSQLSLOHGGFHF37DB,興南段,12.82,都市：住,100000,1084,持分移轉,06170000
RPTPQLSLOHGGFHF27DB,興南段,4.15,都市：住,100000,1034,持分移轉,06160000
RPTPQLSLOHGGFHF27DB,興南段,12.23,都市：住,100000,1034,持分移轉,06170000
RPTSQLSLOHGGFHF57DB,興南段,3.18,都市：住,100000,791,持分移轉,06160000
RPTSQLSLOHGGFHF57DB,興南段,9.35,都市：住,100000,791,持分移轉,06170000
RPVQQLSLOHGGFHF57DB,興南段,4.35,都市：住,100000,1084,持分移轉,06160000
RPVQQLSLOHGGFHF57DB,興南段,12.82,都市：住,100000,1084,持分移轉,06170000
RPWVPLSLOHGGFHF08DB,興南段,4.15,都市：住,100000,1034,持分移轉,06160000
RPWVPLSLOHGGFHF08DB,興南段,12.23,都市：住,100000,1034,持分移轉,06170000
RPWQQLSLOHGGFHF67DB,興南段,3.18,都市：住,100000,791,持分移轉,06160000
RPWQQLSLOHGGFHF67DB,興南段,9.35,都市：住,100000,791,持分移轉,06170000
RPRTQLSLOHGGFHF47DB,興南段,4.35,都市：住,100000,1084,持分移轉,06160000
RPRTQLSLOHGGFHF47DB,興南段,12.82,都市：住,100000,1084,持分移轉,06170000
RPPUQLSLOHGGFHF37DB,興南段,3.18,都市：住,100000,791,持分移轉,06160000
RPPUQLSLOHGGFHF37DB,興南段,9.35,都市：住,100000,791,持分移轉,06170000
RPSUQLSLOHGGFHF67DB,興南段,4.35,都市：住,100000,1084,持分移轉,06160000
RPSUQLSLOHGGFHF67DB,興南段,12.82,都市：住,100000,1084,持分移轉,06170000
RPQUQLSLOHGGFHF47DB,興南段,4.35,都市：住,100000,1084,持分移轉,06160000
RPQUQLSLOHGGFHF47DB,興南段,12.82,都市：住,100000,1084,持分移轉,06170000
RPTUQLSLOHGGFHF77DB,興南段,3.18,都市：住,100000,791,持分移轉,06160000
RPTUQLSLOHGGFHF77DB,興南段,9.35,都市：住,100000,791,持分移轉,06170000
RPVUQLSLOHGGFHF97DB,興南段,4.35,都市：住,100000,1084,持分移轉,06160000
RPVUQLSLOHGGFHF97DB,興南段,12.82,都市：住,100000,1084,持分移轉,06170000
RPWUQLSLOHGGFHF08DB,興南段,3.95,都市：住,100000,984,持分移轉,06160000
RPWUQLSLOHGGFHF08DB,興南段,11.64,都市：住,100000,984,持分移轉,06170000
RPUUQLSLOHGGFHF87DB,興南段,4.35,都市：住,100000,1084,持分移轉,06160000
RPUUQLSLOHGGFHF87DB,興南段,12.82,都市：住,100000,1084,持分移轉,06170000
RPPVQLSLOHGGFHF47DB,興南段,2.43,都市：住,100000,605,持分移轉,06160000
RPPVQLSLOHGGFHF47DB,興南段,7.15,都市：住,100000,605,持分移轉,06170000
RPOVQLSLOHGGFHF37DB,興南段,2.23,都市：住,100000,555,持分移轉,06160000
RPOVQLSLOHGGFHF37DB,興南段,6.56,都市：住,100000,555,持分移轉,06170000
RPRVQLSLOHGGFHF67DB,興南段,2.63,都市：住,100000,655,持分移轉,06160000
RPRVQLSLOHGGFHF67DB,興南段,7.74,都市：住,100000,655,持分移轉,06170000
RPSVQLSLOHGGFHF77DB,興南段,2.23,都市：住,100000,555,持分移轉,06160000
RPSVQLSLOHGGFHF77DB,興南段,6.56,都市：住,100000,555,持分移轉,06170000
RPTVQLSLOHGGFHF87DB,興南段,2.23,都市：住,100000,555,持分移轉,06160000
RPTVQLSLOHGGFHF87DB,興南段,6.56,都市：住,100000,555,持分移轉,06170000
RPUVQLSLOHGGFHF97DB,興南段,2.23,都市：住,100000,555,持分移轉,06160000
RPUVQLSLOHGGFHF97DB,興南段,6.56,都市：住,100000,555,持分移轉,06170000
RPVVQLSLOHGGFHF08DB,興南段,2.23,都市：住,100000,555,持分移轉,06160000
RPVVQLSLOHGGFHF08DB,興南段,6.56,都市：住,100000,555,持分移轉,06170000
RPWVQLSLOHGGFHF18DB,興南段,2.23,都市：住,100000,555,持分移轉,06160000
RPWVQLSLOHGGFHF18DB,興南段,6.56,都市：住,100000,555,持分移轉,06170000
RPPWQLSLOHGGFHF57DB,興南段,2.23,都市：住,100000,555,持分移轉,06160000
RPPWQLSLOHGGFHF57DB,興南段,6.56,都市：住,100000,555,持分移轉,06170000
RPQWQLSLOHGGFHF67DB,興南段,2.23,都市：住,100000,555,持分移轉,06160000
RPQWQLSLOHGGFHF67DB,興南段,6.56,都市：住,100000,555,持分移轉,06170000
RPXVQLSLOHGGFHF28DB,興南段,2.23,都市：住,100000,555,持分移轉,06160000
RPXVQLSLOHGGFHF28DB,興南段,6.56,都市：住,100000,555,持分移轉,06170000
RPRWQLSLOHGGFHF77DB,興南段,2.23,都市：住,100000,555,持分移轉,06160000
RPRWQLSLOHGGFHF77DB,興南段,6.56,都市：住,100000,555,持分移轉,06170000
RPOWQLSLOHGGFHF47DB,興南段,2.23,都市：住,100000,555,持分移轉,06160000
RPOWQLSLOHGGFHF47DB,興南段,6.56,都市：住,100000,555,持分移轉,06170000
RPSWQLSLOHGGFHF87DB,興南段,2.23,都市：住,100000,555,持分移轉,06160000
RPSWQLSLOHGGFHF87DB,興南段,6.56,都市：住,100000,555,持分移轉,06170000
RPTWQLSLOHGGFHF97DB,興南段,2.23,都市：住,100000,555,持分移轉,06160000
RPTWQLSLOHGGFHF97DB,興南段,6.56,都市：住,100000,555,持分移轉,06170000
RPUWQLSLOHGGFHF08DB,興南段,2.43,都市：住,100000,605,持分移轉,06160000
RPUWQLSLOHGGFHF08DB,興南段,7.15,都市：住,100000,605,持分移轉,06170000
RPVWQLSLOHGGFHF18DB,興南段,2.23,都市：住,100000,555,持分移轉,06160000
RPVWQLSLOHGGFHF18DB,興南段,6.56,都市：住,100000,555,持分移轉,06170000
RPXWQLSLOHGGFHF38DB,興南段,2.23,都市：住,100000,555,持分移轉,06160000
RPXWQLSLOHGGFHF38DB,興南段,6.56,都市：住,100000,555,持分移轉,06170000
RPQNRLSLOHGGFHF86DB,興南段,2.23,都市：住,100000,555,持分移轉,06160000
RPQNRLSLOHGGFHF86DB,興南段,6.56,都市：住,100000,555,持分移轉,06170000
RPONRLSLOHGGFHF66DB,興南段,2.23,都市：住,100000,555,持分移轉,06160000
RPONRLSLOHGGFHF66DB,興南段,6.56,都市：住,100000,555,持分移轉,06170000
RPTNRLSLOHGGFHF17DB,興南段,3.18,都市：住,100000,791,持分移轉,06160000
RPTNRLSLOHGGFHF17DB,興南段,9.35,都市：住,100000,791,持分移轉,06170000
RPPNRLSLOHGGFHF76DB,興南段,2.23,都市：住,100000,555,持分移轉,06160000
RPPNRLSLOHGGFHF76DB,興南段,6.56,都市：住,100000,555,持分移轉,06170000
RPSNRLSLOHGGFHF07DB,興南段,3.58,都市：住,100000,891,持分移轉,06160000
RPSNRLSLOHGGFHF07DB,興南段,10.54,都市：住,100000,891,持分移轉,06170000
RPRNRLSLOHGGFHF96DB,興南段,3.58,都市：住,100000,891,持分移轉,06160000
RPRNRLSLOHGGFHF96DB,興南段,10.54,都市：住,100000,891,持分移轉,06170000
RPUNRLSLOHGGFHF27DB,興南段,3.18,都市：住,100000,791,持分移轉,06160000
RPUNRLSLOHGGFHF27DB,興南段,9.35,都市：住,100000,791,持分移轉,06170000
RPVNRLSLOHGGFHF37DB,興南段,3.58,都市：住,100000,891,持分移轉,06160000
RPVNRLSLOHGGFHF37DB,興南段,10.54,都市：住,100000,891,持分移轉,06170000
RPWNRLSLOHGGFHF47DB,興南段,3.38,都市：住,100000,841,持分移轉,06160000
RPWNRLSLOHGGFHF47DB,興南段,9.94,都市：住,100000,841,持分移轉,06170000
RPPORLSLOHGGFHF86DB,興南段,3.18,都市：住,100000,791,持分移轉,06160000
RPPORLSLOHGGFHF86DB,興南段,9.35,都市：住,100000,791,持分移轉,06170000
RPOORLSLOHGGFHF76DB,興南段,3.18,都市：住,100000,791,持分移轉,06160000
RPOORLSLOHGGFHF76DB,興南段,9.35,都市：住,100000,791,持分移轉,06170000
RPXNRLSLOHGGFHF57DB,興南段,3.18,都市：住,100000,791,持分移轉,06160000
RPXNRLSLOHGGFHF57DB,興南段,9.35,都市：住,100000,791,持分移轉,06170000
RPQVMLTLOHGGFHF27DB,興南段,3.38,都市：住,100000,841,持分移轉,06160000
RPQORLSLOHGGFHF96DB,興南段,3.38,都市：住,100000,841,持分移轉,06160000
RPQVMLTLOHGGFHF27DB,興南段,9.94,都市：住,100000,841,持分移轉,06170000
RPQORLSLOHGGFHF96DB,興南段,9.94,都市：住,100000,841,持分移轉,06170000
RPPNMLTLOHGGFHF98DB,興南段,3.18,都市：住,100000,791,持分移轉,06160000
RPPNMLTLOHGGFHF98DB,興南段,9.35,都市：住,100000,791,持分移轉,06170000
RPWVMLTLOHGGFHF87DB,興南段,2.23,都市：住,100000,555,持分移轉,06160000
RPWVMLTLOHGGFHF87DB,興南段,6.56,都市：住,100000,555,持分移轉,06170000
RPXVMLTLOHGGFHF97DB,興南段,4.35,都市：住,100000,1084,持分移轉,06160000
RPXVMLTLOHGGFHF97DB,興南段,12.82,都市：住,100000,1084,持分移轉,06170000
RPRWMLTLOHGGFHF47DB,興南段,2.23,都市：住,100000,555,持分移轉,06160000
RPRWMLTLOHGGFHF47DB,興南段,6.56,都市：住,100000,555,持分移轉,06170000
RPPNMLTLOHGGFAF18CB,江翠段,.83,都市：住,100000,434,持分移轉,00820000
RPPNMLTLOHGGFAF18CB,江翠段,1.57,都市：住,100000,434,持分移轉,00730000
RPPNMLTLOHGGFAF18CB,江翠段,2.39,都市：住,100000,434,持分移轉,00780000
RPPNMLTLOHGGFAF18CB,江翠段,2.37,都市：住,100000,434,持分移轉,00790000
RPPNMLTLOHGGFAF18CB,江翠段,3.17,都市：住,100000,434,持分移轉,00800000
RPPNMLTLOHGGFAF18CB,江翠段,2.22,都市：住,100000,434,持分移轉,00830000
RPPNMLTLOHGGFAF18CB,江翠段,5.20,都市：住,100000,434,持分移轉,00750000
RPPNMLTLOHGGFAF18CB,江翠段,.05,都市：住,100000,434,持分移轉,00760001
RPPNMLTLOHGGFAF18CB,江翠段,1.57,都市：住,100000,434,持分移轉,00810000
RPPNMLTLOHGGFAF18CB,江翠段,2.13,都市：住,100000,434,持分移轉,00720000
RPQNMLTLOHGGFAF28CB,江翠段,.83,都市：住,100000,434,持分移轉,00820000
RPQNMLTLOHGGFAF28CB,江翠段,1.57,都市：住,100000,434,持分移轉,00730000
RPQNMLTLOHGGFAF28CB,江翠段,2.39,都市：住,100000,434,持分移轉,00780000
RPQNMLTLOHGGFAF28CB,江翠段,2.37,都市：住,100000,434,持分移轉,00790000
RPRNMLTLOHGGFAF38CB,江翠段,1.11,都市：住,100000,577,持分移轉,00820000
RPQNMLTLOHGGFAF28CB,江翠段,3.17,都市：住,100000,434,持分移轉,00800000
RPRNMLTLOHGGFAF38CB,江翠段,2.09,都市：住,100000,577,持分移轉,00730000
RPQNMLTLOHGGFAF28CB,江翠段,2.22,都市：住,100000,434,持分移轉,00830000
RPRNMLTLOHGGFAF38CB,江翠段,3.18,都市：住,100000,577,持分移轉,00780000
RPQNMLTLOHGGFAF28CB,江翠段,5.20,都市：住,100000,434,持分移轉,00750000
RPRNMLTLOHGGFAF38CB,江翠段,3.16,都市：住,100000,577,持分移轉,00790000
RPQNMLTLOHGGFAF28CB,江翠段,.05,都市：住,100000,434,持分移轉,00760001
RPRNMLTLOHGGFAF38CB,江翠段,4.22,都市：住,100000,577,持分移轉,00800000
RPQNMLTLOHGGFAF28CB,江翠段,1.57,都市：住,100000,434,持分移轉,00810000
RPRNMLTLOHGGFAF38CB,江翠段,2.95,都市：住,100000,577,持分移轉,00830000
RPQNMLTLOHGGFAF28CB,江翠段,2.13,都市：住,100000,434,持分移轉,00720000
RPRNMLTLOHGGFAF38CB,江翠段,6.91,都市：住,100000,577,持分移轉,00750000
RPRNMLTLOHGGFAF38CB,江翠段,.07,都市：住,100000,577,持分移轉,00760001
RPRNMLTLOHGGFAF38CB,江翠段,2.09,都市：住,100000,577,持分移轉,00810000
RPTNMLTLOHGGFAF58CB,江翠段,1.11,都市：住,100000,577,持分移轉,00820000
RPRNMLTLOHGGFAF38CB,江翠段,2.84,都市：住,100000,577,持分移轉,00720000
RPTNMLTLOHGGFAF58CB,江翠段,2.09,都市：住,100000,577,持分移轉,00730000
RPTNMLTLOHGGFAF58CB,江翠段,3.18,都市：住,100000,577,持分移轉,00780000
RPTNMLTLOHGGFAF58CB,江翠段,3.16,都市：住,100000,577,持分移轉,00790000
RPTNMLTLOHGGFAF58CB,江翠段,4.22,都市：住,100000,577,持分移轉,00800000
RPTNMLTLOHGGFAF58CB,江翠段,2.95,都市：住,100000,577,持分移轉,00830000
RPTNMLTLOHGGFAF58CB,江翠段,6.91,都市：住,100000,577,持分移轉,00750000
RPTNMLTLOHGGFAF58CB,江翠段,.07,都市：住,100000,577,持分移轉,00760001
RPTNMLTLOHGGFAF58CB,江翠段,2.09,都市：住,100000,577,持分移轉,00810000
RPTNMLTLOHGGFAF58CB,江翠段,2.84,都市：住,100000,577,持分移轉,00720000
RPSNMLTLOHGGFAF48CB,江翠段,1.11,都市：住,100000,577,持分移轉,00820000
RPSNMLTLOHGGFAF48CB,江翠段,2.09,都市：住,100000,577,持分移轉,00730000
RPSNMLTLOHGGFAF48CB,江翠段,3.18,都市：住,100000,577,持分移轉,00780000
RPSNMLTLOHGGFAF48CB,江翠段,3.16,都市：住,100000,577,持分移轉,00790000
RPSNMLTLOHGGFAF48CB,江翠段,4.22,都市：住,100000,577,持分移轉,00800000
RPSNMLTLOHGGFAF48CB,江翠段,2.95,都市：住,100000,577,持分移轉,00830000
RPSNMLTLOHGGFAF48CB,江翠段,6.91,都市：住,100000,577,持分移轉,00750000
RPSNMLTLOHGGFAF48CB,江翠段,.07,都市：住,100000,577,持分移轉,00760001
RPSNMLTLOHGGFAF48CB,江翠段,2.09,都市：住,100000,577,持分移轉,00810000
RPSNMLTLOHGGFAF48CB,江翠段,2.84,都市：住,100000,577,持分移轉,00720000
RPVNMLTLOHGGFAF78CB,江翠段,1.11,都市：住,100000,577,持分移轉,00820000
RPVNMLTLOHGGFAF78CB,江翠段,2.09,都市：住,100000,577,持分移轉,00730000
RPVNMLTLOHGGFAF78CB,江翠段,3.18,都市：住,100000,577,持分移轉,00780000
RPVNMLTLOHGGFAF78CB,江翠段,3.16,都市：住,100000,577,持分移轉,00790000
RPVNMLTLOHGGFAF78CB,江翠段,4.22,都市：住,100000,577,持分移轉,00800000
RPVNMLTLOHGGFAF78CB,江翠段,2.95,都市：住,100000,577,持分移轉,00830000
RPVNMLTLOHGGFAF78CB,江翠段,6.91,都市：住,100000,577,持分移轉,00750000
RPVNMLTLOHGGFAF78CB,江翠段,.07,都市：住,100000,577,持分移轉,00760001
RPVNMLTLOHGGFAF78CB,江翠段,2.09,都市：住,100000,577,持分移轉,00810000
RPVNMLTLOHGGFAF78CB,江翠段,2.84,都市：住,100000,577,持分移轉,00720000
RPWNMLTLOHGGFAF88CB,江翠段,1.11,都市：住,100000,577,持分移轉,00820000
RPWNMLTLOHGGFAF88CB,江翠段,2.09,都市：住,100000,577,持分移轉,00730000
RPWNMLTLOHGGFAF88CB,江翠段,3.18,都市：住,100000,577,持分移轉,00780000
RPWNMLTLOHGGFAF88CB,江翠段,3.16,都市：住,100000,577,持分移轉,00790000
RPWNMLTLOHGGFAF88CB,江翠段,4.22,都市：住,100000,577,持分移轉,00800000
RPWNMLTLOHGGFAF88CB,江翠段,2.95,都市：住,100000,577,持分移轉,00830000
RPWNMLTLOHGGFAF88CB,江翠段,6.91,都市：住,100000,577,持分移轉,00750000
RPWNMLTLOHGGFAF88CB,江翠段,.07,都市：住,100000,577,持分移轉,00760001
RPWNMLTLOHGGFAF88CB,江翠段,2.09,都市：住,100000,577,持分移轉,00810000
RPWNMLTLOHGGFAF88CB,江翠段,2.84,都市：住,100000,577,持分移轉,00720000
RPUNMLTLOHGGFAF68CB,江翠段,1.11,都市：住,100000,577,持分移轉,00820000
RPUNMLTLOHGGFAF68CB,江翠段,2.09,都市：住,100000,577,持分移轉,00730000
RPUNMLTLOHGGFAF68CB,江翠段,3.18,都市：住,100000,577,持分移轉,00780000
RPUNMLTLOHGGFAF68CB,江翠段,3.16,都市：住,100000,577,持分移轉,00790000
RPUNMLTLOHGGFAF68CB,江翠段,4.22,都市：住,100000,577,持分移轉,00800000
RPUNMLTLOHGGFAF68CB,江翠段,2.95,都市：住,100000,577,持分移轉,00830000
RPUNMLTLOHGGFAF68CB,江翠段,6.91,都市：住,100000,577,持分移轉,00750000
RPUNMLTLOHGGFAF68CB,江翠段,.07,都市：住,100000,577,持分移轉,00760001
RPUNMLTLOHGGFAF68CB,江翠段,2.09,都市：住,100000,577,持分移轉,00810000
RPUNMLTLOHGGFAF68CB,江翠段,2.84,都市：住,100000,577,持分移轉,00720000
RPXNMLTLOHGGFAF98CB,江翠段,1.11,都市：住,100000,577,持分移轉,00820000
RPXNMLTLOHGGFAF98CB,江翠段,2.09,都市：住,100000,577,持分移轉,00730000
RPXNMLTLOHGGFAF98CB,江翠段,3.18,都市：住,100000,577,持分移轉,00780000
RPXNMLTLOHGGFAF98CB,江翠段,3.16,都市：住,100000,577,持分移轉,00790000
RPXNMLTLOHGGFAF98CB,江翠段,4.22,都市：住,100000,577,持分移轉,00800000
RPXNMLTLOHGGFAF98CB,江翠段,2.95,都市：住,100000,577,持分移轉,00830000
RPXNMLTLOHGGFAF98CB,江翠段,6.91,都市：住,100000,577,持分移轉,00750000
RPXNMLTLOHGGFAF98CB,江翠段,.07,都市：住,100000,577,持分移轉,00760001
RPXNMLTLOHGGFAF98CB,江翠段,2.09,都市：住,100000,577,持分移轉,00810000
RPXNMLTLOHGGFAF98CB,江翠段,2.84,都市：住,100000,577,持分移轉,00720000
RPROMLTLOHGGFAF48CB,江翠段,1.14,都市：住,100000,596,持分移轉,00820000
RPROMLTLOHGGFAF48CB,江翠段,2.16,都市：住,100000,596,持分移轉,00730000
RPROMLTLOHGGFAF48CB,江翠段,3.28,都市：住,100000,596,持分移轉,00780000
RPROMLTLOHGGFAF48CB,江翠段,3.26,都市：住,100000,596,持分移轉,00790000
RPROMLTLOHGGFAF48CB,江翠段,4.36,都市：住,100000,596,持分移轉,00800000
RPROMLTLOHGGFAF48CB,江翠段,3.04,都市：住,100000,596,持分移轉,00830000
RPROMLTLOHGGFAF48CB,江翠段,7.13,都市：住,100000,596,持分移轉,00750000
RPWOMLTLOHGGFAF98CB,江翠段,1.13,都市：住,100000,590,持分移轉,00820000
RPROMLTLOHGGFAF48CB,江翠段,.07,都市：住,100000,596,持分移轉,00760001
RPWOMLTLOHGGFAF98CB,江翠段,2.14,都市：住,100000,590,持分移轉,00730000
RPROMLTLOHGGFAF48CB,江翠段,2.16,都市：住,100000,596,持分移轉,00810000
RPWOMLTLOHGGFAF98CB,江翠段,3.25,都市：住,100000,590,持分移轉,00780000
RPROMLTLOHGGFAF48CB,江翠段,2.93,都市：住,100000,596,持分移轉,00720000
RPWOMLTLOHGGFAF98CB,江翠段,3.23,都市：住,100000,590,持分移轉,00790000
RPWOMLTLOHGGFAF98CB,江翠段,4.32,都市：住,100000,590,持分移轉,00800000
RPWOMLTLOHGGFAF98CB,江翠段,3.01,都市：住,100000,590,持分移轉,00830000
RPWOMLTLOHGGFAF98CB,江翠段,7.06,都市：住,100000,590,持分移轉,00750000
RPWOMLTLOHGGFAF98CB,江翠段,.07,都市：住,100000,590,持分移轉,00760001
RPWOMLTLOHGGFAF98CB,江翠段,2.14,都市：住,100000,590,持分移轉,00810000
RPWOMLTLOHGGFAF98CB,江翠段,2.90,都市：住,100000,590,持分移轉,00720000
RPOOMLTLOHGGFAF18CB,江翠段,1.14,都市：住,100000,596,持分移轉,00820000
RPOOMLTLOHGGFAF18CB,江翠段,2.16,都市：住,100000,596,持分移轉,00730000
RPOOMLTLOHGGFAF18CB,江翠段,3.28,都市：住,100000,596,持分移轉,00780000
RPOOMLTLOHGGFAF18CB,江翠段,3.26,都市：住,100000,596,持分移轉,00790000
RPOOMLTLOHGGFAF18CB,江翠段,4.36,都市：住,100000,596,持分移轉,00800000
RPOOMLTLOHGGFAF18CB,江翠段,3.04,都市：住,100000,596,持分移轉,00830000
RPOOMLTLOHGGFAF18CB,江翠段,7.13,都市：住,100000,596,持分移轉,00750000
RPOOMLTLOHGGFAF18CB,江翠段,.07,都市：住,100000,596,持分移轉,00760001
RPOOMLTLOHGGFAF18CB,江翠段,2.16,都市：住,100000,596,持分移轉,00810000
RPOOMLTLOHGGFAF18CB,江翠段,2.93,都市：住,100000,596,持分移轉,00720000
RPSPMLTLOHGGFAF68CB,江翠段,1.13,都市：住,100000,590,持分移轉,00820000
RPSPMLTLOHGGFAF68CB,江翠段,2.14,都市：住,100000,590,持分移轉,00730000
RPSPMLTLOHGGFAF68CB,江翠段,3.25,都市：住,100000,590,持分移轉,00780000
RPSPMLTLOHGGFAF68CB,江翠段,3.23,都市：住,100000,590,持分移轉,00790000
RPSPMLTLOHGGFAF68CB,江翠段,4.32,都市：住,100000,590,持分移轉,00800000
RPSPMLTLOHGGFAF68CB,江翠段,3.01,都市：住,100000,590,持分移轉,00830000
RPSPMLTLOHGGFAF68CB,江翠段,7.06,都市：住,100000,590,持分移轉,00750000
RPSPMLTLOHGGFAF68CB,江翠段,.07,都市：住,100000,590,持分移轉,00760001
RPSPMLTLOHGGFAF68CB,江翠段,2.14,都市：住,100000,590,持分移轉,00810000
RPSPMLTLOHGGFAF68CB,江翠段,2.90,都市：住,100000,590,持分移轉,00720000
RPPQMLTLOHGGFAF48CB,江翠段,1.12,都市：住,100000,585,持分移轉,00820000
RPPQMLTLOHGGFAF48CB,江翠段,2.12,都市：住,100000,585,持分移轉,00730000
RPPQMLTLOHGGFAF48CB,江翠段,3.22,都市：住,100000,585,持分移轉,00780000
RPPQMLTLOHGGFAF48CB,江翠段,3.20,都市：住,100000,585,持分移轉,00790000
RPPQMLTLOHGGFAF48CB,江翠段,4.28,都市：住,100000,585,持分移轉,00800000
RPPQMLTLOHGGFAF48CB,江翠段,2.99,都市：住,100000,585,持分移轉,00830000
RPPQMLTLOHGGFAF48CB,江翠段,7.00,都市：住,100000,585,持分移轉,00750000
RPPQMLTLOHGGFAF48CB,江翠段,.07,都市：住,100000,585,持分移轉,00760001
RPPQMLTLOHGGFAF48CB,江翠段,2.12,都市：住,100000,585,持分移轉,00810000
RPPQMLTLOHGGFAF48CB,江翠段,2.88,都市：住,100000,585,持分移轉,00720000
RPSQMLTLOHGGFAF78CB,江翠段,1.13,都市：住,100000,590,持分移轉,00820000
RPSQMLTLOHGGFAF78CB,江翠段,2.14,都市：住,100000,590,持分移轉,00730000
RPSQMLTLOHGGFAF78CB,江翠段,3.25,都市：住,100000,590,持分移轉,00780000
RPSQMLTLOHGGFAF78CB,江翠段,3.23,都市：住,100000,590,持分移轉,00790000
RPVQMLTLOHGGFAF09CB,江翠段,1.20,都市：住,100000,627,持分移轉,00820000
RPSQMLTLOHGGFAF78CB,江翠段,4.32,都市：住,100000,590,持分移轉,00800000
RPVQMLTLOHGGFAF09CB,江翠段,2.28,都市：住,100000,627,持分移轉,00730000
RPSQMLTLOHGGFAF78CB,江翠段,3.01,都市：住,100000,590,持分移轉,00830000
RPVQMLTLOHGGFAF09CB,江翠段,3.45,都市：住,100000,627,持分移轉,00780000
RPSQMLTLOHGGFAF78CB,江翠段,7.06,都市：住,100000,590,持分移轉,00750000
RPSQMLTLOHGGFAF78CB,江翠段,.07,都市：住,100000,590,持分移轉,00760001
RPVQMLTLOHGGFAF09CB,江翠段,3.43,都市：住,100000,627,持分移轉,00790000
RPSQMLTLOHGGFAF78CB,江翠段,2.14,都市：住,100000,590,持分移轉,00810000
RPSQMLTLOHGGFAF78CB,江翠段,2.90,都市：住,100000,590,持分移轉,00720000
RPVQMLTLOHGGFAF09CB,江翠段,4.59,都市：住,100000,627,持分移轉,00800000
RPVQMLTLOHGGFAF09CB,江翠段,3.20,都市：住,100000,627,持分移轉,00830000
RPVQMLTLOHGGFAF09CB,江翠段,7.51,都市：住,100000,627,持分移轉,00750000
RPVQMLTLOHGGFAF09CB,江翠段,.07,都市：住,100000,627,持分移轉,00760001
RPVQMLTLOHGGFAF09CB,江翠段,2.27,都市：住,100000,627,持分移轉,00810000
RPVQMLTLOHGGFAF09CB,江翠段,3.08,都市：住,100000,627,持分移轉,00720000
RPORMLTLOHGGFAF48CB,江翠段,1.20,都市：住,100000,627,持分移轉,00820000
RPORMLTLOHGGFAF48CB,江翠段,2.28,都市：住,100000,627,持分移轉,00730000
RPORMLTLOHGGFAF48CB,江翠段,3.45,都市：住,100000,627,持分移轉,00780000
RPORMLTLOHGGFAF48CB,江翠段,3.43,都市：住,100000,627,持分移轉,00790000
RPORMLTLOHGGFAF48CB,江翠段,4.59,都市：住,100000,627,持分移轉,00800000
RPORMLTLOHGGFAF48CB,江翠段,3.20,都市：住,100000,627,持分移轉,00830000
RPORMLTLOHGGFAF48CB,江翠段,7.51,都市：住,100000,627,持分移轉,00750000
RPORMLTLOHGGFAF48CB,江翠段,.07,都市：住,100000,627,持分移轉,00760001
RPORMLTLOHGGFAF48CB,江翠段,2.27,都市：住,100000,627,持分移轉,00810000
RPORMLTLOHGGFAF48CB,江翠段,3.08,都市：住,100000,627,持分移轉,00720000
RPTRMLTLOHGGFAF98CB,江翠段,.65,都市：商,1000000,3831,持分移轉,01590001
RPRRMLTLOHGGFAF78CB,江翠段,.65,都市：商,1000000,3831,持分移轉,01590001
RPTRMLTLOHGGFAF98CB,江翠段,11.64,都市：商,1000000,3831,持分移轉,01590000
RPRRMLTLOHGGFAF78CB,江翠段,11.64,都市：商,1000000,3831,持分移轉,01590000
RPTRMLTLOHGGFAF98CB,江翠段,1.53,都市：商,1000000,3831,持分移轉,01640000
RPRRMLTLOHGGFAF78CB,江翠段,1.53,都市：商,1000000,3831,持分移轉,01640000
RPSRMLTLOHGGFAF88CB,江翠段,1.20,都市：住,100000,627,持分移轉,00820000
RPSRMLTLOHGGFAF88CB,江翠段,2.28,都市：住,100000,627,持分移轉,00730000
RPSRMLTLOHGGFAF88CB,江翠段,3.45,都市：住,100000,627,持分移轉,00780000
RPSRMLTLOHGGFAF88CB,江翠段,3.43,都市：住,100000,627,持分移轉,00790000
RPSRMLTLOHGGFAF88CB,江翠段,4.59,都市：住,100000,627,持分移轉,00800000
RPSRMLTLOHGGFAF88CB,江翠段,3.20,都市：住,100000,627,持分移轉,00830000
RPSRMLTLOHGGFAF88CB,江翠段,7.51,都市：住,100000,627,持分移轉,00750000
RPSRMLTLOHGGFAF88CB,江翠段,.07,都市：住,100000,627,持分移轉,00760001
RPSRMLTLOHGGFAF88CB,江翠段,2.27,都市：住,100000,627,持分移轉,00810000
RPSRMLTLOHGGFAF88CB,江翠段,3.08,都市：住,100000,627,持分移轉,00720000
RPURMLTLOHGGFAF09CB,江翠段,.65,都市：商,1000000,3831,持分移轉,01590001
RPURMLTLOHGGFAF09CB,江翠段,11.64,都市：商,1000000,3831,持分移轉,01590000
RPURMLTLOHGGFAF09CB,江翠段,1.53,都市：商,1000000,3831,持分移轉,01640000
RPVRMLTLOHGGFAF56CB,江翠段,.65,都市：商,1000000,3831,持分移轉,01590001
RPVRMLTLOHGGFAF56CB,江翠段,11.64,都市：商,1000000,3831,持分移轉,01590000
RPVRMLTLOHGGFAF56CB,江翠段,1.53,都市：商,1000000,3831,持分移轉,01640000
RPOSMLTLOHGGFAF58CB,江翠段,.65,都市：商,1000000,3831,持分移轉,01590001
RPOSMLTLOHGGFAF58CB,江翠段,11.64,都市：商,1000000,3831,持分移轉,01590000
RPOSMLTLOHGGFAF58CB,江翠段,1.53,都市：商,1000000,3831,持分移轉,01640000
RPXRMLTLOHGGFAF76CB,江翠段,.65,都市：商,1000000,3831,持分移轉,01590001
RPXRMLTLOHGGFAF76CB,江翠段,11.64,都市：商,1000000,3831,持分移轉,01590000
RPXRMLTLOHGGFAF76CB,江翠段,1.53,都市：商,1000000,3831,持分移轉,01640000
RPPSMLTLOHGGFAF68CB,江翠段,.65,都市：商,1000000,3831,持分移轉,01590001
RPPSMLTLOHGGFAF68CB,江翠段,11.64,都市：商,1000000,3831,持分移轉,01590000
RPPSMLTLOHGGFAF68CB,江翠段,1.53,都市：商,1000000,3831,持分移轉,01640000
RPTSMLTLOHGGFAF09CB,江翠段,.36,都市：商,1000000,2128,持分移轉,01590001
RPTSMLTLOHGGFAF09CB,江翠段,6.47,都市：商,1000000,2128,持分移轉,01590000
RPTSMLTLOHGGFAF09CB,江翠段,.85,都市：商,1000000,2128,持分移轉,01640000
RPQSMLTLOHGGFAF78CB,江翠段,.65,都市：商,1000000,3831,持分移轉,01590001
RPQSMLTLOHGGFAF78CB,江翠段,11.64,都市：商,1000000,3831,持分移轉,01590000
RPQSMLTLOHGGFAF78CB,江翠段,1.53,都市：商,1000000,3831,持分移轉,01640000
RPRSMLTLOHGGFAF88CB,江翠段,.65,都市：商,1000000,3831,持分移轉,01590001
RPRSMLTLOHGGFAF88CB,江翠段,11.64,都市：商,1000000,3831,持分移轉,01590000
RPUSMLTLOHGGFAF56CB,江翠段,.36,都市：商,1000000,2128,持分移轉,01590001
RPUSMLTLOHGGFAF56CB,江翠段,6.47,都市：商,1000000,2128,持分移轉,01590000
RPUSMLTLOHGGFAF56CB,江翠段,.85,都市：商,1000000,2128,持分移轉,01640000
RPSSMLTLOHGGFAF98CB,江翠段,.65,都市：商,1000000,3831,持分移轉,01590001
RPSSMLTLOHGGFAF98CB,江翠段,11.64,都市：商,1000000,3831,持分移轉,01590000
RPSSMLTLOHGGFAF98CB,江翠段,1.53,都市：商,1000000,3831,持分移轉,01640000
RPRSMLTLOHGGFAF88CB,江翠段,1.53,都市：商,1000000,3831,持分移轉,01640000
RPTTMLTLOHGGFAF56CB,江翠段,.45,都市：商,1000000,2683,持分移轉,01590001
RPTTMLTLOHGGFAF56CB,江翠段,8.15,都市：商,1000000,2683,持分移轉,01590000
RPTTMLTLOHGGFAF56CB,江翠段,1.07,都市：商,1000000,2683,持分移轉,01640000
RPOTMLTLOHGGFAF68CB,江翠段,.45,都市：商,1000000,2683,持分移轉,01590001
RPOTMLTLOHGGFAF68CB,江翠段,8.15,都市：商,1000000,2683,持分移轉,01590000
RPOTMLTLOHGGFAF68CB,江翠段,1.07,都市：商,1000000,2683,持分移轉,01640000
RPVTMLTLOHGGFAF76CB,江翠段,.45,都市：商,1000000,2683,持分移轉,01590001
RPVTMLTLOHGGFAF76CB,江翠段,8.15,都市：商,1000000,2683,持分移轉,01590000
RPVTMLTLOHGGFAF76CB,江翠段,1.07,都市：商,1000000,2683,持分移轉,01640000
RPXTMLTLOHGGFAF96CB,江翠段,.45,都市：商,1000000,2683,持分移轉,01590001
RPXTMLTLOHGGFAF96CB,江翠段,8.15,都市：商,1000000,2683,持分移轉,01590000
RPXTMLTLOHGGFAF96CB,江翠段,1.07,都市：商,1000000,2683,持分移轉,01640000
RPTUMLTLOHGGFAF66CB,江翠段,.65,都市：商,1000000,3840,持分移轉,01590001
RPTUMLTLOHGGFAF66CB,江翠段,11.67,都市：商,1000000,3840,持分移轉,01590000
RPTUMLTLOHGGFAF66CB,江翠段,1.53,都市：商,1000000,3840,持分移轉,01640000
RPWTMLTLOHGGFAF86CB,江翠段,.45,都市：商,1000000,2683,持分移轉,01590001
RPWTMLTLOHGGFAF86CB,江翠段,8.15,都市：商,1000000,2683,持分移轉,01590000
RPWTMLTLOHGGFAF86CB,江翠段,1.07,都市：商,1000000,2683,持分移轉,01640000
RPUUMLTLOHGGFAF76CB,江翠段,.65,都市：商,1000000,3840,持分移轉,01590001
RPUUMLTLOHGGFAF76CB,江翠段,11.67,都市：商,1000000,3840,持分移轉,01590000
RPUUMLTLOHGGFAF76CB,江翠段,1.53,都市：商,1000000,3840,持分移轉,01640000
RPPUMLTLOHGGFAF88CB,江翠段,1.46,都市：住,100000,760,持分移轉,00820000
RPPUMLTLOHGGFAF88CB,江翠段,2.76,都市：住,100000,760,持分移轉,00730000
RPPUMLTLOHGGFAF88CB,江翠段,4.19,都市：住,100000,760,持分移轉,00780000
RPPUMLTLOHGGFAF88CB,江翠段,4.16,都市：住,100000,760,持分移轉,00790000
RPPUMLTLOHGGFAF88CB,江翠段,5.56,都市：住,100000,760,持分移轉,00800000
RPPUMLTLOHGGFAF88CB,江翠段,3.88,都市：住,100000,760,持分移轉,00830000
RPPUMLTLOHGGFAF88CB,江翠段,9.10,都市：住,100000,760,持分移轉,00750000
RPPUMLTLOHGGFAF88CB,江翠段,.09,都市：住,100000,760,持分移轉,00760001
RPVUMLTLOHGGFAF86CB,江翠段,.65,都市：商,1000000,3840,持分移轉,01590001
RPPUMLTLOHGGFAF88CB,江翠段,2.75,都市：住,100000,760,持分移轉,00810000
RPVUMLTLOHGGFAF86CB,江翠段,11.67,都市：商,1000000,3840,持分移轉,01590000
RPVUMLTLOHGGFAF86CB,江翠段,1.53,都市：商,1000000,3840,持分移轉,01640000
RPPUMLTLOHGGFAF88CB,江翠段,3.74,都市：住,100000,760,持分移轉,00720000
RPOVMLTLOHGGFAF88CB,江翠段,.65,都市：商,1000000,3840,持分移轉,01590001
RPOVMLTLOHGGFAF88CB,江翠段,11.67,都市：商,1000000,3840,持分移轉,01590000
RPOVMLTLOHGGFAF88CB,江翠段,1.53,都市：商,1000000,3840,持分移轉,01640000
RPWUMLTLOHGGFAF96CB,江翠段,1.33,都市：住,100000,693,持分移轉,00820000
RPWUMLTLOHGGFAF96CB,江翠段,2.51,都市：住,100000,693,持分移轉,00730000
RPWUMLTLOHGGFAF96CB,江翠段,3.82,都市：住,100000,693,持分移轉,00780000
RPWUMLTLOHGGFAF96CB,江翠段,3.79,都市：住,100000,693,持分移轉,00790000
RPWUMLTLOHGGFAF96CB,江翠段,5.07,都市：住,100000,693,持分移轉,00800000
RPWUMLTLOHGGFAF96CB,江翠段,3.54,都市：住,100000,693,持分移轉,00830000
RPWUMLTLOHGGFAF96CB,江翠段,8.30,都市：住,100000,693,持分移轉,00750000
RPWUMLTLOHGGFAF96CB,江翠段,.08,都市：住,100000,693,持分移轉,00760001
RPWUMLTLOHGGFAF96CB,江翠段,2.51,都市：住,100000,693,持分移轉,00810000
RPWUMLTLOHGGFAF96CB,江翠段,3.41,都市：住,100000,693,持分移轉,00720000
RPPVMLTLOHGGFAF98CB,江翠段,.65,都市：商,1000000,3815,持分移轉,01590001
RPPVMLTLOHGGFAF98CB,江翠段,11.59,都市：商,1000000,3815,持分移轉,01590000
RPPVMLTLOHGGFAF98CB,江翠段,1.52,都市：商,1000000,3815,持分移轉,01640000
RPSVMLTLOHGGFAF66CB,江翠段,.65,都市：商,1000000,3815,持分移轉,01590001
RPSVMLTLOHGGFAF66CB,江翠段,11.59,都市：商,1000000,3815,持分移轉,01590000
RPSVMLTLOHGGFAF66CB,江翠段,1.52,都市：商,1000000,3815,持分移轉,01640000
RPTVMLTLOHGGFAF76CB,江翠段,.65,都市：商,1000000,3815,持分移轉,01590001
RPTVMLTLOHGGFAF76CB,江翠段,11.59,都市：商,1000000,3815,持分移轉,01590000
RPTVMLTLOHGGFAF76CB,江翠段,1.52,都市：商,1000000,3815,持分移轉,01640000
RPQVMLTLOHGGFAF09CB,江翠段,1.24,都市：住,100000,645,持分移轉,00820000
RPQVMLTLOHGGFAF09CB,江翠段,2.34,都市：住,100000,645,持分移轉,00730000
RPQVMLTLOHGGFAF09CB,江翠段,3.55,都市：住,100000,645,持分移轉,00780000
RPQVMLTLOHGGFAF09CB,江翠段,3.53,都市：住,100000,645,持分移轉,00790000
RPQVMLTLOHGGFAF09CB,江翠段,4.72,都市：住,100000,645,持分移轉,00800000
RPQVMLTLOHGGFAF09CB,江翠段,3.29,都市：住,100000,645,持分移轉,00830000
RPQVMLTLOHGGFAF09CB,江翠段,7.72,都市：住,100000,645,持分移轉,00750000
RPQVMLTLOHGGFAF09CB,江翠段,.08,都市：住,100000,645,持分移轉,00760001
RPQVMLTLOHGGFAF09CB,江翠段,2.34,都市：住,100000,645,持分移轉,00810000
RPQVMLTLOHGGFAF09CB,江翠段,3.17,都市：住,100000,645,持分移轉,00720000
RPVVMLTLOHGGFAF96CB,江翠段,.65,都市：商,1000000,3815,持分移轉,01590001
RPVVMLTLOHGGFAF96CB,江翠段,11.59,都市：商,1000000,3815,持分移轉,01590000
RPVVMLTLOHGGFAF96CB,江翠段,1.52,都市：商,1000000,3815,持分移轉,01640000
RPWVMLTLOHGGFAF07CB,江翠段,.36,都市：商,1000000,2144,持分移轉,01590001
RPWVMLTLOHGGFAF07CB,江翠段,6.52,都市：商,1000000,2144,持分移轉,01590000
RPWVMLTLOHGGFAF07CB,江翠段,.86,都市：商,1000000,2144,持分移轉,01640000
RPOWMLTLOHGGFAF98CB,江翠段,.36,都市：商,1000000,2144,持分移轉,01590001
RPOWMLTLOHGGFAF98CB,江翠段,6.52,都市：商,1000000,2144,持分移轉,01590000
RPOWMLTLOHGGFAF98CB,江翠段,.86,都市：商,1000000,2144,持分移轉,01640000
RPUWMLTLOHGGFAF96CB,江翠段,.36,都市：商,1000000,2128,持分移轉,01590001
RPUWMLTLOHGGFAF96CB,江翠段,6.47,都市：商,1000000,2128,持分移轉,01590000
RPUWMLTLOHGGFAF96CB,江翠段,.85,都市：商,1000000,2128,持分移轉,01640000
RPRWMLTLOHGGFAF66CB,江翠段,1.24,都市：住,100000,645,持分移轉,00820000
RPRWMLTLOHGGFAF66CB,江翠段,2.34,都市：住,100000,645,持分移轉,00730000
RPRWMLTLOHGGFAF66CB,江翠段,3.55,都市：住,100000,645,持分移轉,00780000
RPRWMLTLOHGGFAF66CB,江翠段,3.53,都市：住,100000,645,持分移轉,00790000
RPRWMLTLOHGGFAF66CB,江翠段,4.72,都市：住,100000,645,持分移轉,00800000
RPRWMLTLOHGGFAF66CB,江翠段,3.29,都市：住,100000,645,持分移轉,00830000
RPRWMLTLOHGGFAF66CB,江翠段,7.72,都市：住,100000,645,持分移轉,00750000
RPRWMLTLOHGGFAF66CB,江翠段,.08,都市：住,100000,645,持分移轉,00760001
RPRWMLTLOHGGFAF66CB,江翠段,2.34,都市：住,100000,645,持分移轉,00810000
RPRWMLTLOHGGFAF66CB,江翠段,3.17,都市：住,100000,645,持分移轉,00720000
RPONNLTLOHGGFAF18CB,江翠段,.36,都市：商,1000000,2128,持分移轉,01590001
RPONNLTLOHGGFAF18CB,江翠段,6.47,都市：商,1000000,2128,持分移轉,01590000
RPONNLTLOHGGFAF18CB,江翠段,.85,都市：商,1000000,2128,持分移轉,01640000
RPXWMLTLOHGGFAF27CB,江翠段,1.25,都市：住,100000,651,持分移轉,00820000
RPXWMLTLOHGGFAF27CB,江翠段,2.36,都市：住,100000,651,持分移轉,00730000
RPXWMLTLOHGGFAF27CB,江翠段,3.59,都市：住,100000,651,持分移轉,00780000
RPXWMLTLOHGGFAF27CB,江翠段,3.56,都市：住,100000,651,持分移轉,00790000
RPXWMLTLOHGGFAF27CB,江翠段,4.76,都市：住,100000,651,持分移轉,00800000
RPXWMLTLOHGGFAF27CB,江翠段,3.33,都市：住,100000,651,持分移轉,00830000
RPXWMLTLOHGGFAF27CB,江翠段,7.79,都市：住,100000,651,持分移轉,00750000
RPXWMLTLOHGGFAF27CB,江翠段,.08,都市：住,100000,651,持分移轉,00760001
RPXWMLTLOHGGFAF27CB,江翠段,2.36,都市：住,100000,651,持分移轉,00810000
RPXWMLTLOHGGFAF27CB,江翠段,3.20,都市：住,100000,651,持分移轉,00720000
RPSNNLTLOHGGFAF58CB,江翠段,.36,都市：商,1000000,2128,持分移轉,01590001
RPSNNLTLOHGGFAF58CB,江翠段,6.47,都市：商,1000000,2128,持分移轉,01590000
RPSNNLTLOHGGFAF58CB,江翠段,.85,都市：商,1000000,2128,持分移轉,01640000
RPTNNLTLOHGGFAF68CB,江翠段,.36,都市：商,1000000,2128,持分移轉,01590001
RPTNNLTLOHGGFAF68CB,江翠段,6.47,都市：商,1000000,2128,持分移轉,01590000
RPTNNLTLOHGGFAF68CB,江翠段,.85,都市：商,1000000,2128,持分移轉,01640000
RPUNNLTLOHGGFAF78CB,江翠段,1.35,都市：住,100000,706,持分移轉,00820000
RPUNNLTLOHGGFAF78CB,江翠段,2.56,都市：住,100000,706,持分移轉,00730000
RPUNNLTLOHGGFAF78CB,江翠段,3.89,都市：住,100000,706,持分移轉,00780000
RPUNNLTLOHGGFAF78CB,江翠段,3.86,都市：住,100000,706,持分移轉,00790000
RPUNNLTLOHGGFAF78CB,江翠段,5.16,都市：住,100000,706,持分移轉,00800000
RPUNNLTLOHGGFAF78CB,江翠段,3.61,都市：住,100000,706,持分移轉,00830000
RPUNNLTLOHGGFAF78CB,江翠段,8.45,都市：住,100000,706,持分移轉,00750000
RPUNNLTLOHGGFAF78CB,江翠段,.08,都市：住,100000,706,持分移轉,00760001
RPUNNLTLOHGGFAF78CB,江翠段,2.56,都市：住,100000,706,持分移轉,00810000
RPUNNLTLOHGGFAF78CB,江翠段,3.47,都市：住,100000,706,持分移轉,00720000
RPRONLTLOHGGFAF58CB,江翠段,.56,都市：商,1000000,3309,持分移轉,01590001
RPRONLTLOHGGFAF58CB,江翠段,10.06,都市：商,1000000,3309,持分移轉,01590000
RPRONLTLOHGGFAF58CB,江翠段,1.32,都市：商,1000000,3309,持分移轉,01640000
RPUONLTLOHGGFAF88CB,江翠段,1.35,都市：住,100000,706,持分移轉,00820000
RPUONLTLOHGGFAF88CB,江翠段,2.56,都市：住,100000,706,持分移轉,00730000
RPUONLTLOHGGFAF88CB,江翠段,3.89,都市：住,100000,706,持分移轉,00780000
RPUONLTLOHGGFAF88CB,江翠段,3.86,都市：住,100000,706,持分移轉,00790000
RPUONLTLOHGGFAF88CB,江翠段,5.16,都市：住,100000,706,持分移轉,00800000
RPUONLTLOHGGFAF88CB,江翠段,3.61,都市：住,100000,706,持分移轉,00830000
RPUONLTLOHGGFAF88CB,江翠段,8.45,都市：住,100000,706,持分移轉,00750000
RPUONLTLOHGGFAF88CB,江翠段,.08,都市：住,100000,706,持分移轉,00760001
RPUONLTLOHGGFAF88CB,江翠段,2.56,都市：住,100000,706,持分移轉,00810000
RPUONLTLOHGGFAF88CB,江翠段,3.47,都市：住,100000,706,持分移轉,00720000
RPOPNLTLOHGGFAF38CB,江翠段,1.24,都市：住,100000,645,持分移轉,00820000
RPOPNLTLOHGGFAF38CB,江翠段,2.34,都市：住,100000,645,持分移轉,00730000
RPOPNLTLOHGGFAF38CB,江翠段,3.55,都市：住,100000,645,持分移轉,00780000
RPOPNLTLOHGGFAF38CB,江翠段,3.53,都市：住,100000,645,持分移轉,00790000
RPOPNLTLOHGGFAF38CB,江翠段,4.72,都市：住,100000,645,持分移轉,00800000
RPOPNLTLOHGGFAF38CB,江翠段,3.29,都市：住,100000,645,持分移轉,00830000
RPOPNLTLOHGGFAF38CB,江翠段,7.72,都市：住,100000,645,持分移轉,00750000
RPOPNLTLOHGGFAF38CB,江翠段,.08,都市：住,100000,645,持分移轉,00760001
RPOPNLTLOHGGFAF38CB,江翠段,2.34,都市：住,100000,645,持分移轉,00810000
RPOPNLTLOHGGFAF38CB,江翠段,3.17,都市：住,100000,645,持分移轉,00720000
RPRPNLTLOHGGFAF68CB,江翠段,.29,都市：商,1000000,1734,持分移轉,01590001
RPRPNLTLOHGGFAF68CB,江翠段,5.27,都市：商,1000000,1734,持分移轉,01590000
RPRPNLTLOHGGFAF68CB,江翠段,.69,都市：商,1000000,1734,持分移轉,01640000
RPPPNLTLOHGGFAF48CB,江翠段,.29,都市：商,1000000,1734,持分移轉,01590001
RPPPNLTLOHGGFAF48CB,江翠段,5.27,都市：商,1000000,1734,持分移轉,01590000
RPPPNLTLOHGGFAF48CB,江翠段,.69,都市：商,1000000,1734,持分移轉,01640000
RPTPNLTLOHGGFAF88CB,明德段,22.15,都市：住,100000,665,持分移轉,03580000
RPXONLTLOHGGFAF56CB,江翠段,.29,都市：商,1000000,1734,持分移轉,01590001
RPXONLTLOHGGFAF56CB,江翠段,5.27,都市：商,1000000,1734,持分移轉,01590000
RPXONLTLOHGGFAF56CB,江翠段,.69,都市：商,1000000,1734,持分移轉,01640000
RPUPNLTLOHGGFAF98CB,江翠段,.29,都市：商,1000000,1734,持分移轉,01590001
RPUPNLTLOHGGFAF98CB,江翠段,5.27,都市：商,1000000,1734,持分移轉,01590000
RPUPNLTLOHGGFAF98CB,江翠段,.69,都市：商,1000000,1734,持分移轉,01640000
RPXPNLTLOHGGFAF66CB,江翠段,.29,都市：商,1000000,1734,持分移轉,01590001
RPXPNLTLOHGGFAF66CB,江翠段,5.27,都市：商,1000000,1734,持分移轉,01590000
RPXPNLTLOHGGFAF66CB,江翠段,.69,都市：商,1000000,1734,持分移轉,01640000
RPOQNLTLOHGGFAF48CB,江翠段,.29,都市：商,1000000,1734,持分移轉,01590001
RPOQNLTLOHGGFAF48CB,江翠段,5.27,都市：商,1000000,1734,持分移轉,01590000
RPOQNLTLOHGGFAF48CB,江翠段,.69,都市：商,1000000,1734,持分移轉,01640000
RPRQNLTLOHGGFAF78CB,江翠段,.29,都市：商,1000000,1734,持分移轉,01590001
RPTQNLTLOHGGFAF98CB,明德段,22.15,都市：住,100000,665,持分移轉,03580000
RPRQNLTLOHGGFAF78CB,江翠段,5.27,都市：商,1000000,1734,持分移轉,01590000
RPRQNLTLOHGGFAF78CB,江翠段,.69,都市：商,1000000,1734,持分移轉,01640000
RPQQNLTLOHGGFAF68CB,江翠段,.29,都市：商,1000000,1734,持分移轉,01590001
RPQQNLTLOHGGFAF68CB,江翠段,5.27,都市：商,1000000,1734,持分移轉,01590000
RPQQNLTLOHGGFAF68CB,江翠段,.69,都市：商,1000000,1734,持分移轉,01640000
RPVQNLTLOHGGFAF56CB,板翠段,1.61,都市：住,1000000,9268,持分移轉,00230000
RPVQNLTLOHGGFAF56CB,板翠段,2.82,都市：住,1000000,9268,持分移轉,00240000
RPVQNLTLOHGGFAF56CB,板翠段,2.11,都市：住,1000000,9268,持分移轉,00250000
RPVQNLTLOHGGFAF56CB,板翠段,8.74,都市：住,1000000,9268,持分移轉,00260000
RPVQNLTLOHGGFAF56CB,板翠段,1.15,都市：住,1000000,9268,持分移轉,00470000
RPVQNLTLOHGGFAF56CB,板翠段,2.36,都市：住,1000000,9268,持分移轉,00480000
RPVQNLTLOHGGFAF56CB,板翠段,9.83,都市：住,1000000,9268,持分移轉,00490000
RPVQNLTLOHGGFAF56CB,板翠段,1.59,都市：住,1000000,9268,持分移轉,00500000
RPVQNLTLOHGGFAF56CB,板翠段,.09,都市：住,1000000,9268,持分移轉,00500001
RPWQNLTLOHGGFAF66CB,板翠段,1.61,都市：住,1000000,9268,持分移轉,00230000
RPWQNLTLOHGGFAF66CB,板翠段,2.82,都市：住,1000000,9268,持分移轉,00240000
RPWQNLTLOHGGFAF66CB,板翠段,2.11,都市：住,1000000,9268,持分移轉,00250000
RPWQNLTLOHGGFAF66CB,板翠段,8.74,都市：住,1000000,9268,持分移轉,00260000
RPWQNLTLOHGGFAF66CB,板翠段,1.15,都市：住,1000000,9268,持分移轉,00470000
RPWQNLTLOHGGFAF66CB,板翠段,2.36,都市：住,1000000,9268,持分移轉,00480000
RPWQNLTLOHGGFAF66CB,板翠段,9.83,都市：住,1000000,9268,持分移轉,00490000
RPWQNLTLOHGGFAF66CB,板翠段,1.59,都市：住,1000000,9268,持分移轉,00500000
RPWQNLTLOHGGFAF66CB,板翠段,.09,都市：住,1000000,9268,持分移轉,00500001
RPORNLTLOHGGFAF58CB,板翠段,1.61,都市：住,1000000,9268,持分移轉,00230000
RPORNLTLOHGGFAF58CB,板翠段,2.82,都市：住,1000000,9268,持分移轉,00240000
RPORNLTLOHGGFAF58CB,板翠段,2.11,都市：住,1000000,9268,持分移轉,00250000
RPORNLTLOHGGFAF58CB,板翠段,8.74,都市：住,1000000,9268,持分移轉,00260000
RPORNLTLOHGGFAF58CB,板翠段,1.15,都市：住,1000000,9268,持分移轉,00470000
RPORNLTLOHGGFAF58CB,板翠段,2.36,都市：住,1000000,9268,持分移轉,00480000
RPORNLTLOHGGFAF58CB,板翠段,9.83,都市：住,1000000,9268,持分移轉,00490000
RPORNLTLOHGGFAF58CB,板翠段,1.59,都市：住,1000000,9268,持分移轉,00500000
RPORNLTLOHGGFAF58CB,板翠段,.09,都市：住,1000000,9268,持分移轉,00500001
RPXQNLTLOHGGFAF76CB,板翠段,1.61,都市：住,1000000,9268,持分移轉,00230000
RPXQNLTLOHGGFAF76CB,板翠段,2.82,都市：住,1000000,9268,持分移轉,00240000
RPXQNLTLOHGGFAF76CB,板翠段,2.11,都市：住,1000000,9268,持分移轉,00250000
RPXQNLTLOHGGFAF76CB,板翠段,8.74,都市：住,1000000,9268,持分移轉,00260000
RPXQNLTLOHGGFAF76CB,板翠段,1.15,都市：住,1000000,9268,持分移轉,00470000
RPXQNLTLOHGGFAF76CB,板翠段,2.36,都市：住,1000000,9268,持分移轉,00480000
RPXQNLTLOHGGFAF76CB,板翠段,9.83,都市：住,1000000,9268,持分移轉,00490000
RPXQNLTLOHGGFAF76CB,板翠段,1.59,都市：住,1000000,9268,持分移轉,00500000
RPXQNLTLOHGGFAF76CB,板翠段,.09,都市：住,1000000,9268,持分移轉,00500001
RPPRNLTLOHGGFAF68CB,板翠段,1.61,都市：住,1000000,9268,持分移轉,00230000
RPPRNLTLOHGGFAF68CB,板翠段,2.82,都市：住,1000000,9268,持分移轉,00240000
RPPRNLTLOHGGFAF68CB,板翠段,2.11,都市：住,1000000,9268,持分移轉,00250000
RPPRNLTLOHGGFAF68CB,板翠段,8.74,都市：住,1000000,9268,持分移轉,00260000
RPPRNLTLOHGGFAF68CB,板翠段,1.15,都市：住,1000000,9268,持分移轉,00470000
RPPRNLTLOHGGFAF68CB,板翠段,2.36,都市：住,1000000,9268,持分移轉,00480000
RPPRNLTLOHGGFAF68CB,板翠段,9.83,都市：住,1000000,9268,持分移轉,00490000
RPPRNLTLOHGGFAF68CB,板翠段,1.59,都市：住,1000000,9268,持分移轉,00500000
RPPRNLTLOHGGFAF68CB,板翠段,.09,都市：住,1000000,9268,持分移轉,00500001
RPRRNLTLOHGGFAF88CB,板翠段,1.61,都市：住,1000000,9268,持分移轉,00230000
RPRRNLTLOHGGFAF88CB,板翠段,2.82,都市：住,1000000,9268,持分移轉,00240000
RPRRNLTLOHGGFAF88CB,板翠段,2.11,都市：住,1000000,9268,持分移轉,00250000
RPRRNLTLOHGGFAF88CB,板翠段,8.74,都市：住,1000000,9268,持分移轉,00260000
RPRRNLTLOHGGFAF88CB,板翠段,1.15,都市：住,1000000,9268,持分移轉,00470000
RPRRNLTLOHGGFAF88CB,板翠段,2.36,都市：住,1000000,9268,持分移轉,00480000
RPRRNLTLOHGGFAF88CB,板翠段,9.83,都市：住,1000000,9268,持分移轉,00490000
RPRRNLTLOHGGFAF88CB,板翠段,1.59,都市：住,1000000,9268,持分移轉,00500000
RPRRNLTLOHGGFAF88CB,板翠段,.09,都市：住,1000000,9268,持分移轉,00500001
RPQRNLTLOHGGFAF78CB,板翠段,1.61,都市：住,1000000,9268,持分移轉,00230000
RPQRNLTLOHGGFAF78CB,板翠段,2.82,都市：住,1000000,9268,持分移轉,00240000
RPQRNLTLOHGGFAF78CB,板翠段,2.11,都市：住,1000000,9268,持分移轉,00250000
RPQRNLTLOHGGFAF78CB,板翠段,8.74,都市：住,1000000,9268,持分移轉,00260000
RPSRNLTLOHGGFAF98CB,板翠段,1.61,都市：住,1000000,9268,持分移轉,00230000
RPQRNLTLOHGGFAF78CB,板翠段,1.15,都市：住,1000000,9268,持分移轉,00470000
RPQRNLTLOHGGFAF78CB,板翠段,2.36,都市：住,1000000,9268,持分移轉,00480000
RPQRNLTLOHGGFAF78CB,板翠段,9.83,都市：住,1000000,9268,持分移轉,00490000
RPQRNLTLOHGGFAF78CB,板翠段,1.59,都市：住,1000000,9268,持分移轉,00500000
RPQRNLTLOHGGFAF78CB,板翠段,.09,都市：住,1000000,9268,持分移轉,00500001
RPSRNLTLOHGGFAF98CB,板翠段,2.82,都市：住,1000000,9268,持分移轉,00240000
RPSRNLTLOHGGFAF98CB,板翠段,2.11,都市：住,1000000,9268,持分移轉,00250000
RPSRNLTLOHGGFAF98CB,板翠段,8.74,都市：住,1000000,9268,持分移轉,00260000
RPSRNLTLOHGGFAF98CB,板翠段,1.15,都市：住,1000000,9268,持分移轉,00470000
RPSRNLTLOHGGFAF98CB,板翠段,2.36,都市：住,1000000,9268,持分移轉,00480000
RPSRNLTLOHGGFAF98CB,板翠段,9.83,都市：住,1000000,9268,持分移轉,00490000
RPSRNLTLOHGGFAF98CB,板翠段,1.59,都市：住,1000000,9268,持分移轉,00500000
RPSRNLTLOHGGFAF98CB,板翠段,.09,都市：住,1000000,9268,持分移轉,00500001
RPTRNLTLOHGGFAF09CB,板翠段,1.61,都市：住,1000000,9268,持分移轉,00230000
RPTRNLTLOHGGFAF09CB,板翠段,2.82,都市：住,1000000,9268,持分移轉,00240000
RPTRNLTLOHGGFAF09CB,板翠段,2.11,都市：住,1000000,9268,持分移轉,00250000
RPTRNLTLOHGGFAF09CB,板翠段,8.74,都市：住,1000000,9268,持分移轉,00260000
RPTRNLTLOHGGFAF09CB,板翠段,1.15,都市：住,1000000,9268,持分移轉,00470000
RPTRNLTLOHGGFAF09CB,板翠段,2.36,都市：住,1000000,9268,持分移轉,00480000
RPTRNLTLOHGGFAF09CB,板翠段,9.83,都市：住,1000000,9268,持分移轉,00490000
RPTRNLTLOHGGFAF09CB,板翠段,1.59,都市：住,1000000,9268,持分移轉,00500000
RPTRNLTLOHGGFAF09CB,板翠段,.09,都市：住,1000000,9268,持分移轉,00500001
RPVRNLTLOHGGFAF66CB,板翠段,1.61,都市：住,1000000,9268,持分移轉,00230000
RPVRNLTLOHGGFAF66CB,板翠段,2.82,都市：住,1000000,9268,持分移轉,00240000
RPVRNLTLOHGGFAF66CB,板翠段,2.11,都市：住,1000000,9268,持分移轉,00250000
RPVRNLTLOHGGFAF66CB,板翠段,8.74,都市：住,1000000,9268,持分移轉,00260000
RPVRNLTLOHGGFAF66CB,板翠段,1.15,都市：住,1000000,9268,持分移轉,00470000
RPVRNLTLOHGGFAF66CB,板翠段,2.36,都市：住,1000000,9268,持分移轉,00480000
RPVRNLTLOHGGFAF66CB,板翠段,9.83,都市：住,1000000,9268,持分移轉,00490000
RPVRNLTLOHGGFAF66CB,板翠段,1.59,都市：住,1000000,9268,持分移轉,00500000
RPVRNLTLOHGGFAF66CB,板翠段,.09,都市：住,1000000,9268,持分移轉,00500001
RPXRNLTLOHGGFAF86CB,板翠段,1.61,都市：住,1000000,9268,持分移轉,00230000
RPXRNLTLOHGGFAF86CB,板翠段,2.82,都市：住,1000000,9268,持分移轉,00240000
RPXRNLTLOHGGFAF86CB,板翠段,2.11,都市：住,1000000,9268,持分移轉,00250000
RPXRNLTLOHGGFAF86CB,板翠段,8.74,都市：住,1000000,9268,持分移轉,00260000
RPXRNLTLOHGGFAF86CB,板翠段,1.15,都市：住,1000000,9268,持分移轉,00470000
RPXRNLTLOHGGFAF86CB,板翠段,2.36,都市：住,1000000,9268,持分移轉,00480000
RPXRNLTLOHGGFAF86CB,板翠段,9.83,都市：住,1000000,9268,持分移轉,00490000
RPXRNLTLOHGGFAF86CB,板翠段,1.59,都市：住,1000000,9268,持分移轉,00500000
RPXRNLTLOHGGFAF86CB,板翠段,.09,都市：住,1000000,9268,持分移轉,00500001
RPXPOLTLOHGGFAF96EB,沛陂段,164.18,都市：工,10000,587,持分移轉,00990000
RPUQOLTLOHGGFAF76EB,沛陂段,162.79,都市：工,10000,582,持分移轉,00990000
RPOSNLTLOHGGFAF68CB,板翠段,1.61,都市：住,1000000,9268,持分移轉,00230000
RPOSNLTLOHGGFAF68CB,板翠段,2.82,都市：住,1000000,9268,持分移轉,00240000
RPOSNLTLOHGGFAF68CB,板翠段,2.11,都市：住,1000000,9268,持分移轉,00250000
RPOSNLTLOHGGFAF68CB,板翠段,8.74,都市：住,1000000,9268,持分移轉,00260000
RPOSNLTLOHGGFAF68CB,板翠段,1.15,都市：住,1000000,9268,持分移轉,00470000
RPOSNLTLOHGGFAF68CB,板翠段,2.36,都市：住,1000000,9268,持分移轉,00480000
RPOSNLTLOHGGFAF68CB,板翠段,9.83,都市：住,1000000,9268,持分移轉,00490000
RPOSNLTLOHGGFAF68CB,板翠段,1.59,都市：住,1000000,9268,持分移轉,00500000
RPOSNLTLOHGGFAF68CB,板翠段,.09,都市：住,1000000,9268,持分移轉,00500001
RPSSNLTLOHGGFAF09CB,板翠段,1.61,都市：住,1000000,9268,持分移轉,00230000
RPSSNLTLOHGGFAF09CB,板翠段,2.82,都市：住,1000000,9268,持分移轉,00240000
RPSSNLTLOHGGFAF09CB,板翠段,2.11,都市：住,1000000,9268,持分移轉,00250000
RPSSNLTLOHGGFAF09CB,板翠段,8.74,都市：住,1000000,9268,持分移轉,00260000
RPQSNLTLOHGGFAF88CB,板翠段,1.61,都市：住,1000000,9268,持分移轉,00230000
RPSSNLTLOHGGFAF09CB,板翠段,1.15,都市：住,1000000,9268,持分移轉,00470000
RPQSNLTLOHGGFAF88CB,板翠段,2.82,都市：住,1000000,9268,持分移轉,00240000
RPSSNLTLOHGGFAF09CB,板翠段,2.36,都市：住,1000000,9268,持分移轉,00480000
RPQSNLTLOHGGFAF88CB,板翠段,2.11,都市：住,1000000,9268,持分移轉,00250000
RPSSNLTLOHGGFAF09CB,板翠段,9.83,都市：住,1000000,9268,持分移轉,00490000
RPQSNLTLOHGGFAF88CB,板翠段,8.74,都市：住,1000000,9268,持分移轉,00260000
RPSSNLTLOHGGFAF09CB,板翠段,1.59,都市：住,1000000,9268,持分移轉,00500000
RPQSNLTLOHGGFAF88CB,板翠段,1.15,都市：住,1000000,9268,持分移轉,00470000
RPSSNLTLOHGGFAF09CB,板翠段,.09,都市：住,1000000,9268,持分移轉,00500001
RPQSNLTLOHGGFAF88CB,板翠段,2.36,都市：住,1000000,9268,持分移轉,00480000
RPQSNLTLOHGGFAF88CB,板翠段,9.83,都市：住,1000000,9268,持分移轉,00490000
RPQSNLTLOHGGFAF88CB,板翠段,1.59,都市：住,1000000,9268,持分移轉,00500000
RPQSNLTLOHGGFAF88CB,板翠段,.09,都市：住,1000000,9268,持分移轉,00500001
RPRSNLTLOHGGFAF98CB,板翠段,1.61,都市：住,1000000,9268,持分移轉,00230000
RPRSNLTLOHGGFAF98CB,板翠段,2.82,都市：住,1000000,9268,持分移轉,00240000
RPRSNLTLOHGGFAF98CB,板翠段,2.11,都市：住,1000000,9268,持分移轉,00250000
RPRSNLTLOHGGFAF98CB,板翠段,8.74,都市：住,1000000,9268,持分移轉,00260000
RPRSNLTLOHGGFAF98CB,板翠段,1.15,都市：住,1000000,9268,持分移轉,00470000
RPRSNLTLOHGGFAF98CB,板翠段,2.36,都市：住,1000000,9268,持分移轉,00480000
RPTSNLTLOHGGFAF56CB,板翠段,1.61,都市：住,1000000,9268,持分移轉,00230000
RPRSNLTLOHGGFAF98CB,板翠段,9.83,都市：住,1000000,9268,持分移轉,00490000
RPTSNLTLOHGGFAF56CB,板翠段,2.82,都市：住,1000000,9268,持分移轉,00240000
RPRSNLTLOHGGFAF98CB,板翠段,1.59,都市：住,1000000,9268,持分移轉,00500000
RPTSNLTLOHGGFAF56CB,板翠段,2.11,都市：住,1000000,9268,持分移轉,00250000
RPRSNLTLOHGGFAF98CB,板翠段,.09,都市：住,1000000,9268,持分移轉,00500001
RPTSNLTLOHGGFAF56CB,板翠段,8.74,都市：住,1000000,9268,持分移轉,00260000
RPTSNLTLOHGGFAF56CB,板翠段,1.15,都市：住,1000000,9268,持分移轉,00470000
RPTSNLTLOHGGFAF56CB,板翠段,2.36,都市：住,1000000,9268,持分移轉,00480000
RPTSNLTLOHGGFAF56CB,板翠段,9.83,都市：住,1000000,9268,持分移轉,00490000
RPTSNLTLOHGGFAF56CB,板翠段,1.59,都市：住,1000000,9268,持分移轉,00500000
RPTSNLTLOHGGFAF56CB,板翠段,.09,都市：住,1000000,9268,持分移轉,00500001
RPPSNLTLOHGGFAF78CB,板翠段,1.61,都市：住,1000000,9268,持分移轉,00230000
RPPSNLTLOHGGFAF78CB,板翠段,2.82,都市：住,1000000,9268,持分移轉,00240000
RPPSNLTLOHGGFAF78CB,板翠段,2.11,都市：住,1000000,9268,持分移轉,00250000
RPPSNLTLOHGGFAF78CB,板翠段,8.74,都市：住,1000000,9268,持分移轉,00260000
RPPSNLTLOHGGFAF78CB,板翠段,1.15,都市：住,1000000,9268,持分移轉,00470000
RPPSNLTLOHGGFAF78CB,板翠段,2.36,都市：住,1000000,9268,持分移轉,00480000
RPPSNLTLOHGGFAF78CB,板翠段,9.83,都市：住,1000000,9268,持分移轉,00490000
RPPSNLTLOHGGFAF78CB,板翠段,1.59,都市：住,1000000,9268,持分移轉,00500000
RPPSNLTLOHGGFAF78CB,板翠段,.09,都市：住,1000000,9268,持分移轉,00500001
RPWSNLTLOHGGFAF86CB,板翠段,1.61,都市：住,1000000,9268,持分移轉,00230000
RPXSNLTLOHGGFAF96CB,板翠段,1.61,都市：住,1000000,9268,持分移轉,00230000
RPXSNLTLOHGGFAF96CB,板翠段,2.82,都市：住,1000000,9268,持分移轉,00240000
RPWSNLTLOHGGFAF86CB,板翠段,2.82,都市：住,1000000,9268,持分移轉,00240000
RPXSNLTLOHGGFAF96CB,板翠段,2.11,都市：住,1000000,9268,持分移轉,00250000
RPWSNLTLOHGGFAF86CB,板翠段,2.11,都市：住,1000000,9268,持分移轉,00250000
RPXSNLTLOHGGFAF96CB,板翠段,8.74,都市：住,1000000,9268,持分移轉,00260000
RPWSNLTLOHGGFAF86CB,板翠段,8.74,都市：住,1000000,9268,持分移轉,00260000
RPXSNLTLOHGGFAF96CB,板翠段,1.15,都市：住,1000000,9268,持分移轉,00470000
RPWSNLTLOHGGFAF86CB,板翠段,1.15,都市：住,1000000,9268,持分移轉,00470000
RPXSNLTLOHGGFAF96CB,板翠段,2.36,都市：住,1000000,9268,持分移轉,00480000
RPXSNLTLOHGGFAF96CB,板翠段,9.83,都市：住,1000000,9268,持分移轉,00490000
RPVSNLTLOHGGFAF76CB,板翠段,1.61,都市：住,1000000,9268,持分移轉,00230000
RPWSNLTLOHGGFAF86CB,板翠段,2.36,都市：住,1000000,9268,持分移轉,00480000
RPXSNLTLOHGGFAF96CB,板翠段,1.59,都市：住,1000000,9268,持分移轉,00500000
RPVSNLTLOHGGFAF76CB,板翠段,2.82,都市：住,1000000,9268,持分移轉,00240000
RPWSNLTLOHGGFAF86CB,板翠段,9.83,都市：住,1000000,9268,持分移轉,00490000
RPXSNLTLOHGGFAF96CB,板翠段,.09,都市：住,1000000,9268,持分移轉,00500001
RPVSNLTLOHGGFAF76CB,板翠段,2.11,都市：住,1000000,9268,持分移轉,00250000
RPWSNLTLOHGGFAF86CB,板翠段,1.59,都市：住,1000000,9268,持分移轉,00500000
RPVSNLTLOHGGFAF76CB,板翠段,8.74,都市：住,1000000,9268,持分移轉,00260000
RPWSNLTLOHGGFAF86CB,板翠段,.09,都市：住,1000000,9268,持分移轉,00500001
RPVSNLTLOHGGFAF76CB,板翠段,1.15,都市：住,1000000,9268,持分移轉,00470000
RPVSNLTLOHGGFAF76CB,板翠段,2.36,都市：住,1000000,9268,持分移轉,00480000
RPVSNLTLOHGGFAF76CB,板翠段,9.83,都市：住,1000000,9268,持分移轉,00490000
RPVSNLTLOHGGFAF76CB,板翠段,1.59,都市：住,1000000,9268,持分移轉,00500000
RPVSNLTLOHGGFAF76CB,板翠段,.09,都市：住,1000000,9268,持分移轉,00500001
RPPTNLTLOHGGFAF88CB,板翠段,1.20,都市：住,1000000,6889,持分移轉,00230000
RPPTNLTLOHGGFAF88CB,板翠段,2.10,都市：住,1000000,6889,持分移轉,00240000
RPPTNLTLOHGGFAF88CB,板翠段,1.57,都市：住,1000000,6889,持分移轉,00250000
RPPTNLTLOHGGFAF88CB,板翠段,6.49,都市：住,1000000,6889,持分移轉,00260000
RPPTNLTLOHGGFAF88CB,板翠段,.85,都市：住,1000000,6889,持分移轉,00470000
RPPTNLTLOHGGFAF88CB,板翠段,1.75,都市：住,1000000,6889,持分移轉,00480000
RPPTNLTLOHGGFAF88CB,板翠段,7.31,都市：住,1000000,6889,持分移轉,00490000
RPPTNLTLOHGGFAF88CB,板翠段,1.18,都市：住,1000000,6889,持分移轉,00500000
RPPTNLTLOHGGFAF88CB,板翠段,.07,都市：住,1000000,6889,持分移轉,00500001
RPQTNLTLOHGGFAF98CB,板翠段,1.20,都市：住,1000000,6889,持分移轉,00230000
RPQTNLTLOHGGFAF98CB,板翠段,2.10,都市：住,1000000,6889,持分移轉,00240000
RPQTNLTLOHGGFAF98CB,板翠段,1.57,都市：住,1000000,6889,持分移轉,00250000
RPQTNLTLOHGGFAF98CB,板翠段,6.49,都市：住,1000000,6889,持分移轉,00260000
RPQTNLTLOHGGFAF98CB,板翠段,.85,都市：住,1000000,6889,持分移轉,00470000
RPQTNLTLOHGGFAF98CB,板翠段,1.75,都市：住,1000000,6889,持分移轉,00480000
RPQTNLTLOHGGFAF98CB,板翠段,7.31,都市：住,1000000,6889,持分移轉,00490000
RPQTNLTLOHGGFAF98CB,板翠段,1.18,都市：住,1000000,6889,持分移轉,00500000
RPQTNLTLOHGGFAF98CB,板翠段,.07,都市：住,1000000,6889,持分移轉,00500001
RPOTNLTLOHGGFAF78CB,板翠段,1.20,都市：住,1000000,6889,持分移轉,00230000
RPOTNLTLOHGGFAF78CB,板翠段,2.10,都市：住,1000000,6889,持分移轉,00240000
RPOTNLTLOHGGFAF78CB,板翠段,1.57,都市：住,1000000,6889,持分移轉,00250000
RPOTNLTLOHGGFAF78CB,板翠段,6.49,都市：住,1000000,6889,持分移轉,00260000
RPOTNLTLOHGGFAF78CB,板翠段,.85,都市：住,1000000,6889,持分移轉,00470000
RPOTNLTLOHGGFAF78CB,板翠段,1.75,都市：住,1000000,6889,持分移轉,00480000
RPOTNLTLOHGGFAF78CB,板翠段,7.31,都市：住,1000000,6889,持分移轉,00490000
RPOTNLTLOHGGFAF78CB,板翠段,1.18,都市：住,1000000,6889,持分移轉,00500000
RPOTNLTLOHGGFAF78CB,板翠段,.07,都市：住,1000000,6889,持分移轉,00500001
RPRTNLTLOHGGFAF09CB,板翠段,1.20,都市：住,1000000,6889,持分移轉,00230000
RPRTNLTLOHGGFAF09CB,板翠段,2.10,都市：住,1000000,6889,持分移轉,00240000
RPRTNLTLOHGGFAF09CB,板翠段,1.57,都市：住,1000000,6889,持分移轉,00250000
RPRTNLTLOHGGFAF09CB,板翠段,6.49,都市：住,1000000,6889,持分移轉,00260000
RPRTNLTLOHGGFAF09CB,板翠段,.85,都市：住,1000000,6889,持分移轉,00470000
RPRTNLTLOHGGFAF09CB,板翠段,1.75,都市：住,1000000,6889,持分移轉,00480000
RPRTNLTLOHGGFAF09CB,板翠段,7.31,都市：住,1000000,6889,持分移轉,00490000
RPRTNLTLOHGGFAF09CB,板翠段,1.18,都市：住,1000000,6889,持分移轉,00500000
RPRTNLTLOHGGFAF09CB,板翠段,.07,都市：住,1000000,6889,持分移轉,00500001
RPTTNLTLOHGGFAF66CB,板翠段,1.20,都市：住,1000000,6889,持分移轉,00230000
RPTTNLTLOHGGFAF66CB,板翠段,2.10,都市：住,1000000,6889,持分移轉,00240000
RPTTNLTLOHGGFAF66CB,板翠段,1.57,都市：住,1000000,6889,持分移轉,00250000
RPTTNLTLOHGGFAF66CB,板翠段,6.49,都市：住,1000000,6889,持分移轉,00260000
RPTTNLTLOHGGFAF66CB,板翠段,.85,都市：住,1000000,6889,持分移轉,00470000
RPTTNLTLOHGGFAF66CB,板翠段,1.75,都市：住,1000000,6889,持分移轉,00480000
RPTTNLTLOHGGFAF66CB,板翠段,7.31,都市：住,1000000,6889,持分移轉,00490000
RPTTNLTLOHGGFAF66CB,板翠段,1.18,都市：住,1000000,6889,持分移轉,00500000
RPTTNLTLOHGGFAF66CB,板翠段,.07,都市：住,1000000,6889,持分移轉,00500001
RPSTNLTLOHGGFAF56CB,板翠段,1.20,都市：住,1000000,6889,持分移轉,00230000
RPSTNLTLOHGGFAF56CB,板翠段,2.10,都市：住,1000000,6889,持分移轉,00240000
RPSTNLTLOHGGFAF56CB,板翠段,1.57,都市：住,1000000,6889,持分移轉,00250000
RPSTNLTLOHGGFAF56CB,板翠段,6.49,都市：住,1000000,6889,持分移轉,00260000
RPSTNLTLOHGGFAF56CB,板翠段,.85,都市：住,1000000,6889,持分移轉,00470000
RPSTNLTLOHGGFAF56CB,板翠段,1.75,都市：住,1000000,6889,持分移轉,00480000
RPSTNLTLOHGGFAF56CB,板翠段,7.31,都市：住,1000000,6889,持分移轉,00490000
RPSTNLTLOHGGFAF56CB,板翠段,1.18,都市：住,1000000,6889,持分移轉,00500000
RPSTNLTLOHGGFAF56CB,板翠段,.07,都市：住,1000000,6889,持分移轉,00500001
RPUTNLTLOHGGFAF76CB,板翠段,1.31,都市：住,1000000,7533,持分移轉,00230000
RPUTNLTLOHGGFAF76CB,板翠段,2.29,都市：住,1000000,7533,持分移轉,00240000
RPUTNLTLOHGGFAF76CB,板翠段,1.71,都市：住,1000000,7533,持分移轉,00250000
RPUTNLTLOHGGFAF76CB,板翠段,7.10,都市：住,1000000,7533,持分移轉,00260000
RPUTNLTLOHGGFAF76CB,板翠段,.93,都市：住,1000000,7533,持分移轉,00470000
RPUTNLTLOHGGFAF76CB,板翠段,1.92,都市：住,1000000,7533,持分移轉,00480000
RPUTNLTLOHGGFAF76CB,板翠段,7.99,都市：住,1000000,7533,持分移轉,00490000
RPUTNLTLOHGGFAF76CB,板翠段,1.29,都市：住,1000000,7533,持分移轉,00500000
RPUTNLTLOHGGFAF76CB,板翠段,.07,都市：住,1000000,7533,持分移轉,00500001
RPVTNLTLOHGGFAF86CB,板翠段,1.31,都市：住,1000000,7533,持分移轉,00230000
RPVTNLTLOHGGFAF86CB,板翠段,2.29,都市：住,1000000,7533,持分移轉,00240000
RPVTNLTLOHGGFAF86CB,板翠段,1.71,都市：住,1000000,7533,持分移轉,00250000
RPVTNLTLOHGGFAF86CB,板翠段,7.10,都市：住,1000000,7533,持分移轉,00260000
RPVTNLTLOHGGFAF86CB,板翠段,.93,都市：住,1000000,7533,持分移轉,00470000
RPVTNLTLOHGGFAF86CB,板翠段,1.92,都市：住,1000000,7533,持分移轉,00480000
RPVTNLTLOHGGFAF86CB,板翠段,7.99,都市：住,1000000,7533,持分移轉,00490000
RPVTNLTLOHGGFAF86CB,板翠段,1.29,都市：住,1000000,7533,持分移轉,00500000
RPVTNLTLOHGGFAF86CB,板翠段,.07,都市：住,1000000,7533,持分移轉,00500001
RPWTNLTLOHGGFAF96CB,板翠段,1.31,都市：住,1000000,7533,持分移轉,00230000
RPWTNLTLOHGGFAF96CB,板翠段,2.29,都市：住,1000000,7533,持分移轉,00240000
RPWTNLTLOHGGFAF96CB,板翠段,1.71,都市：住,1000000,7533,持分移轉,00250000
RPWTNLTLOHGGFAF96CB,板翠段,7.10,都市：住,1000000,7533,持分移轉,00260000
RPWTNLTLOHGGFAF96CB,板翠段,.93,都市：住,1000000,7533,持分移轉,00470000
RPWTNLTLOHGGFAF96CB,板翠段,1.92,都市：住,1000000,7533,持分移轉,00480000
RPWTNLTLOHGGFAF96CB,板翠段,7.99,都市：住,1000000,7533,持分移轉,00490000
RPWTNLTLOHGGFAF96CB,板翠段,1.29,都市：住,1000000,7533,持分移轉,00500000
RPWTNLTLOHGGFAF96CB,板翠段,.07,都市：住,1000000,7533,持分移轉,00500001
RPXTNLTLOHGGFAF07CB,板翠段,1.35,都市：住,1000000,7777,持分移轉,00230000
RPXTNLTLOHGGFAF07CB,板翠段,2.37,都市：住,1000000,7777,持分移轉,00240000
RPXTNLTLOHGGFAF07CB,板翠段,1.77,都市：住,1000000,7777,持分移轉,00250000
RPXTNLTLOHGGFAF07CB,板翠段,7.33,都市：住,1000000,7777,持分移轉,00260000
RPXTNLTLOHGGFAF07CB,板翠段,.96,都市：住,1000000,7777,持分移轉,00470000
RPXTNLTLOHGGFAF07CB,板翠段,1.98,都市：住,1000000,7777,持分移轉,00480000
RPOUNLTLOHGGFAF88CB,板翠段,1.35,都市：住,1000000,7777,持分移轉,00230000
RPXTNLTLOHGGFAF07CB,板翠段,8.25,都市：住,1000000,7777,持分移轉,00490000
RPOUNLTLOHGGFAF88CB,板翠段,2.37,都市：住,1000000,7777,持分移轉,00240000
RPXTNLTLOHGGFAF07CB,板翠段,1.33,都市：住,1000000,7777,持分移轉,00500000
RPOUNLTLOHGGFAF88CB,板翠段,1.77,都市：住,1000000,7777,持分移轉,00250000
RPXTNLTLOHGGFAF07CB,板翠段,.08,都市：住,1000000,7777,持分移轉,00500001
RPOUNLTLOHGGFAF88CB,板翠段,7.33,都市：住,1000000,7777,持分移轉,00260000
RPOUNLTLOHGGFAF88CB,板翠段,.96,都市：住,1000000,7777,持分移轉,00470000
RPOUNLTLOHGGFAF88CB,板翠段,1.98,都市：住,1000000,7777,持分移轉,00480000
RPOUNLTLOHGGFAF88CB,板翠段,8.25,都市：住,1000000,7777,持分移轉,00490000
RPOUNLTLOHGGFAF88CB,板翠段,1.33,都市：住,1000000,7777,持分移轉,00500000
RPOUNLTLOHGGFAF88CB,板翠段,.08,都市：住,1000000,7777,持分移轉,00500001
RPPUNLTLOHGGFAF98CB,板翠段,1.35,都市：住,1000000,7777,持分移轉,00230000
RPPUNLTLOHGGFAF98CB,板翠段,2.37,都市：住,1000000,7777,持分移轉,00240000
RPPUNLTLOHGGFAF98CB,板翠段,1.77,都市：住,1000000,7777,持分移轉,00250000
RPPUNLTLOHGGFAF98CB,板翠段,7.33,都市：住,1000000,7777,持分移轉,00260000
RPPUNLTLOHGGFAF98CB,板翠段,.96,都市：住,1000000,7777,持分移轉,00470000
RPRUNLTLOHGGFAF56CB,板翠段,1.35,都市：住,1000000,7777,持分移轉,00230000
RPPUNLTLOHGGFAF98CB,板翠段,1.98,都市：住,1000000,7777,持分移轉,00480000
RPRUNLTLOHGGFAF56CB,板翠段,2.37,都市：住,1000000,7777,持分移轉,00240000
RPPUNLTLOHGGFAF98CB,板翠段,8.25,都市：住,1000000,7777,持分移轉,00490000
RPRUNLTLOHGGFAF56CB,板翠段,1.77,都市：住,1000000,7777,持分移轉,00250000
RPPUNLTLOHGGFAF98CB,板翠段,1.33,都市：住,1000000,7777,持分移轉,00500000
RPRUNLTLOHGGFAF56CB,板翠段,7.33,都市：住,1000000,7777,持分移轉,00260000
RPPUNLTLOHGGFAF98CB,板翠段,.08,都市：住,1000000,7777,持分移轉,00500001
RPRUNLTLOHGGFAF56CB,板翠段,.96,都市：住,1000000,7777,持分移轉,00470000
RPRUNLTLOHGGFAF56CB,板翠段,1.98,都市：住,1000000,7777,持分移轉,00480000
RPRUNLTLOHGGFAF56CB,板翠段,8.25,都市：住,1000000,7777,持分移轉,00490000
RPRUNLTLOHGGFAF56CB,板翠段,1.33,都市：住,1000000,7777,持分移轉,00500000
RPRUNLTLOHGGFAF56CB,板翠段,.08,都市：住,1000000,7777,持分移轉,00500001
RPQUNLTLOHGGFAF09CB,板翠段,1.35,都市：住,1000000,7777,持分移轉,00230000
RPQUNLTLOHGGFAF09CB,板翠段,2.37,都市：住,1000000,7777,持分移轉,00240000
RPQUNLTLOHGGFAF09CB,板翠段,1.77,都市：住,1000000,7777,持分移轉,00250000
RPQUNLTLOHGGFAF09CB,板翠段,7.33,都市：住,1000000,7777,持分移轉,00260000
RPQUNLTLOHGGFAF09CB,板翠段,.96,都市：住,1000000,7777,持分移轉,00470000
RPQUNLTLOHGGFAF09CB,板翠段,1.98,都市：住,1000000,7777,持分移轉,00480000
RPQUNLTLOHGGFAF09CB,板翠段,8.25,都市：住,1000000,7777,持分移轉,00490000
RPQUNLTLOHGGFAF09CB,板翠段,1.33,都市：住,1000000,7777,持分移轉,00500000
RPQUNLTLOHGGFAF09CB,板翠段,.08,都市：住,1000000,7777,持分移轉,00500001
RPOVNLTLOHGGFAF98CB,板翠段,1.35,都市：住,1000000,7781,持分移轉,00230000
RPOVNLTLOHGGFAF98CB,板翠段,2.37,都市：住,1000000,7781,持分移轉,00240000
RPOVNLTLOHGGFAF98CB,板翠段,1.77,都市：住,1000000,7781,持分移轉,00250000
RPOVNLTLOHGGFAF98CB,板翠段,7.34,都市：住,1000000,7781,持分移轉,00260000
RPOVNLTLOHGGFAF98CB,板翠段,.96,都市：住,1000000,7781,持分移轉,00470000
RPOVNLTLOHGGFAF98CB,板翠段,1.98,都市：住,1000000,7781,持分移轉,00480000
RPOVNLTLOHGGFAF98CB,板翠段,8.25,都市：住,1000000,7781,持分移轉,00490000
RPOVNLTLOHGGFAF98CB,板翠段,1.33,都市：住,1000000,7781,持分移轉,00500000
RPOVNLTLOHGGFAF98CB,板翠段,.08,都市：住,1000000,7781,持分移轉,00500001
RPUUNLTLOHGGFAF86CB,板翠段,1.35,都市：住,1000000,7781,持分移轉,00230000
RPUUNLTLOHGGFAF86CB,板翠段,2.37,都市：住,1000000,7781,持分移轉,00240000
RPUUNLTLOHGGFAF86CB,板翠段,1.77,都市：住,1000000,7781,持分移轉,00250000
RPUUNLTLOHGGFAF86CB,板翠段,7.34,都市：住,1000000,7781,持分移轉,00260000
RPUUNLTLOHGGFAF86CB,板翠段,.96,都市：住,1000000,7781,持分移轉,00470000
RPUUNLTLOHGGFAF86CB,板翠段,1.98,都市：住,1000000,7781,持分移轉,00480000
RPUUNLTLOHGGFAF86CB,板翠段,8.25,都市：住,1000000,7781,持分移轉,00490000
RPUUNLTLOHGGFAF86CB,板翠段,1.33,都市：住,1000000,7781,持分移轉,00500000
RPUUNLTLOHGGFAF86CB,板翠段,.08,都市：住,1000000,7781,持分移轉,00500001
RPPVNLTLOHGGFAF09CB,板翠段,1.61,都市：住,1000000,9268,持分移轉,00230000
RPPVNLTLOHGGFAF09CB,板翠段,2.82,都市：住,1000000,9268,持分移轉,00240000
RPPVNLTLOHGGFAF09CB,板翠段,2.11,都市：住,1000000,9268,持分移轉,00250000
RPPVNLTLOHGGFAF09CB,板翠段,8.74,都市：住,1000000,9268,持分移轉,00260000
RPPVNLTLOHGGFAF09CB,板翠段,1.15,都市：住,1000000,9268,持分移轉,00470000
RPPVNLTLOHGGFAF09CB,板翠段,2.36,都市：住,1000000,9268,持分移轉,00480000
RPPVNLTLOHGGFAF09CB,板翠段,9.83,都市：住,1000000,9268,持分移轉,00490000
RPPVNLTLOHGGFAF09CB,板翠段,1.59,都市：住,1000000,9268,持分移轉,00500000
RPPVNLTLOHGGFAF09CB,板翠段,.09,都市：住,1000000,9268,持分移轉,00500001
RPQVNLTLOHGGFAF56CB,板翠段,1.61,都市：住,1000000,9268,持分移轉,00230000
RPQVNLTLOHGGFAF56CB,板翠段,2.82,都市：住,1000000,9268,持分移轉,00240000
RPQVNLTLOHGGFAF56CB,板翠段,2.11,都市：住,1000000,9268,持分移轉,00250000
RPQVNLTLOHGGFAF56CB,板翠段,8.74,都市：住,1000000,9268,持分移轉,00260000
RPQVNLTLOHGGFAF56CB,板翠段,1.15,都市：住,1000000,9268,持分移轉,00470000
RPQVNLTLOHGGFAF56CB,板翠段,2.36,都市：住,1000000,9268,持分移轉,00480000
RPQVNLTLOHGGFAF56CB,板翠段,9.83,都市：住,1000000,9268,持分移轉,00490000
RPQVNLTLOHGGFAF56CB,板翠段,1.59,都市：住,1000000,9268,持分移轉,00500000
RPQVNLTLOHGGFAF56CB,板翠段,.09,都市：住,1000000,9268,持分移轉,00500001
RPOWNLTLOHGGFAF09CB,明德段,22.15,都市：住,100000,665,持分移轉,03580000
RPUVNLTLOHGGFAF96CB,板翠段,1.35,都市：住,1000000,7781,持分移轉,00230000
RPUVNLTLOHGGFAF96CB,板翠段,2.37,都市：住,1000000,7781,持分移轉,00240000
RPUVNLTLOHGGFAF96CB,板翠段,1.77,都市：住,1000000,7781,持分移轉,00250000
RPUVNLTLOHGGFAF96CB,板翠段,7.34,都市：住,1000000,7781,持分移轉,00260000
RPUVNLTLOHGGFAF96CB,板翠段,.96,都市：住,1000000,7781,持分移轉,00470000
RPUVNLTLOHGGFAF96CB,板翠段,1.98,都市：住,1000000,7781,持分移轉,00480000
RPUVNLTLOHGGFAF96CB,板翠段,8.25,都市：住,1000000,7781,持分移轉,00490000
RPUVNLTLOHGGFAF96CB,板翠段,1.33,都市：住,1000000,7781,持分移轉,00500000
RPUVNLTLOHGGFAF96CB,板翠段,.08,都市：住,1000000,7781,持分移轉,00500001
RPSVNLTLOHGGFAF76CB,板翠段,1.61,都市：住,1000000,9268,持分移轉,00230000
RPSVNLTLOHGGFAF76CB,板翠段,2.82,都市：住,1000000,9268,持分移轉,00240000
RPSVNLTLOHGGFAF76CB,板翠段,2.11,都市：住,1000000,9268,持分移轉,00250000
RPSVNLTLOHGGFAF76CB,板翠段,8.74,都市：住,1000000,9268,持分移轉,00260000
RPSVNLTLOHGGFAF76CB,板翠段,1.15,都市：住,1000000,9268,持分移轉,00470000
RPSVNLTLOHGGFAF76CB,板翠段,2.36,都市：住,1000000,9268,持分移轉,00480000
RPSVNLTLOHGGFAF76CB,板翠段,9.83,都市：住,1000000,9268,持分移轉,00490000
RPSVNLTLOHGGFAF76CB,板翠段,1.59,都市：住,1000000,9268,持分移轉,00500000
RPSVNLTLOHGGFAF76CB,板翠段,.09,都市：住,1000000,9268,持分移轉,00500001
RPRVNLTLOHGGFAF66CB,板翠段,1.61,都市：住,1000000,9268,持分移轉,00230000
RPRVNLTLOHGGFAF66CB,板翠段,2.82,都市：住,1000000,9268,持分移轉,00240000
RPQWNLTLOHGGFAF66CB,明德段,22.15,都市：住,100000,665,持分移轉,03580000
RPRVNLTLOHGGFAF66CB,板翠段,2.11,都市：住,1000000,9268,持分移轉,00250000
RPRVNLTLOHGGFAF66CB,板翠段,8.74,都市：住,1000000,9268,持分移轉,00260000
RPRVNLTLOHGGFAF66CB,板翠段,1.15,都市：住,1000000,9268,持分移轉,00470000
RPRVNLTLOHGGFAF66CB,板翠段,2.36,都市：住,1000000,9268,持分移轉,00480000
RPRVNLTLOHGGFAF66CB,板翠段,9.83,都市：住,1000000,9268,持分移轉,00490000
RPRVNLTLOHGGFAF66CB,板翠段,1.59,都市：住,1000000,9268,持分移轉,00500000
RPRVNLTLOHGGFAF66CB,板翠段,.09,都市：住,1000000,9268,持分移轉,00500001
RPUNOLTLOHGGFAF88CB,明德段,22.48,都市：住,100000,675,持分移轉,03580000
RPRNOLTLOHGGFAF58CB,明德段,22.15,都市：住,100000,665,持分移轉,03580000
RPVOOLTLOHGGFAF09CB,學成段,.41,都市：住,100000,552,持分移轉,07870002
RPVOOLTLOHGGFAF09CB,學成段,1.26,都市：住,100000,552,持分移轉,07880001
RPVOOLTLOHGGFAF09CB,學成段,16.34,都市：住,100000,552,持分移轉,08500000
RPVOOLTLOHGGFAF09CB,學成段,.28,都市：住,100000,552,持分移轉,08640000
RPVOOLTLOHGGFAF09CB,學成段,4.01,都市：住,100000,552,持分移轉,10160000
RPVOOLTLOHGGFAF09CB,學成段,5.97,都市：農,100000,552,持分移轉,07760000
RPWOOLTLOHGGFAF56CB,學成段,1.26,都市：住,100000,552,持分移轉,07880001
RPWOOLTLOHGGFAF56CB,學成段,16.34,都市：住,100000,552,持分移轉,08500000
RPWOOLTLOHGGFAF56CB,學成段,.28,都市：住,100000,552,持分移轉,08640000
RPWOOLTLOHGGFAF56CB,學成段,4.01,都市：住,100000,552,持分移轉,10160000
RPWOOLTLOHGGFAF56CB,學成段,5.97,都市：農,100000,552,持分移轉,07760000
RPWOOLTLOHGGFAF56CB,學成段,.41,都市：住,100000,552,持分移轉,07870002
RPPPOLTLOHGGFAF58CB,學成段,1.26,都市：住,100000,552,持分移轉,07880001
RPPPOLTLOHGGFAF58CB,學成段,16.34,都市：住,100000,552,持分移轉,08500000
RPPPOLTLOHGGFAF58CB,學成段,.28,都市：住,100000,552,持分移轉,08640000
RPPPOLTLOHGGFAF58CB,學成段,4.01,都市：住,100000,552,持分移轉,10160000
RPPPOLTLOHGGFAF58CB,學成段,5.97,都市：農,100000,552,持分移轉,07760000
RPPPOLTLOHGGFAF58CB,學成段,.41,都市：住,100000,552,持分移轉,07870002
RPOPOLTLOHGGFAF48CB,學成段,1.26,都市：住,100000,552,持分移轉,07880001
RPOPOLTLOHGGFAF48CB,學成段,16.34,都市：住,100000,552,持分移轉,08500000
RPOPOLTLOHGGFAF48CB,學成段,.28,都市：住,100000,552,持分移轉,08640000
RPOPOLTLOHGGFAF48CB,學成段,4.01,都市：住,100000,552,持分移轉,10160000
RPOPOLTLOHGGFAF48CB,學成段,5.97,都市：農,100000,552,持分移轉,07760000
RPOPOLTLOHGGFAF48CB,學成段,.41,都市：住,100000,552,持分移轉,07870002
RPVPOLTLOHGGFAF56CB,學成段,.72,都市：住,100000,315,持分移轉,07880001
RPVPOLTLOHGGFAF56CB,學成段,9.32,都市：住,100000,315,持分移轉,08500000
RPVPOLTLOHGGFAF56CB,學成段,.16,都市：住,100000,315,持分移轉,08640000
RPVPOLTLOHGGFAF56CB,學成段,2.29,都市：住,100000,315,持分移轉,10160000
RPRPOLTLOHGGFAF78CB,學成段,1.26,都市：住,100000,552,持分移轉,07880001
RPVPOLTLOHGGFAF56CB,學成段,3.41,都市：農,100000,315,持分移轉,07760000
RPRPOLTLOHGGFAF78CB,學成段,16.34,都市：住,100000,552,持分移轉,08500000
RPVPOLTLOHGGFAF56CB,學成段,.23,都市：住,100000,315,持分移轉,07870002
RPRPOLTLOHGGFAF78CB,學成段,.28,都市：住,100000,552,持分移轉,08640000
RPRPOLTLOHGGFAF78CB,學成段,4.01,都市：住,100000,552,持分移轉,10160000
RPRPOLTLOHGGFAF78CB,學成段,5.97,都市：農,100000,552,持分移轉,07760000
RPRPOLTLOHGGFAF78CB,學成段,.41,都市：住,100000,552,持分移轉,07870002
RPXPOLTLOHGGFAF76CB,學成段,1.26,都市：住,100000,552,持分移轉,07880001
RPXPOLTLOHGGFAF76CB,學成段,16.34,都市：住,100000,552,持分移轉,08500000
RPXPOLTLOHGGFAF76CB,學成段,.28,都市：住,100000,552,持分移轉,08640000
RPXPOLTLOHGGFAF76CB,學成段,4.01,都市：住,100000,552,持分移轉,10160000
RPXPOLTLOHGGFAF76CB,學成段,5.97,都市：農,100000,552,持分移轉,07760000
RPXPOLTLOHGGFAF76CB,學成段,.41,都市：住,100000,552,持分移轉,07870002
RPOQOLTLOHGGFAF58CB,學成段,1.26,都市：住,100000,552,持分移轉,07880001
RPOQOLTLOHGGFAF58CB,學成段,16.34,都市：住,100000,552,持分移轉,08500000
RPOQOLTLOHGGFAF58CB,學成段,.28,都市：住,100000,552,持分移轉,08640000
RPOQOLTLOHGGFAF58CB,學成段,4.01,都市：住,100000,552,持分移轉,10160000
RPOQOLTLOHGGFAF58CB,學成段,5.97,都市：農,100000,552,持分移轉,07760000
RPWPOLTLOHGGFAF66CB,江翠段,.29,都市：商,1000000,1734,持分移轉,01590001
RPOQOLTLOHGGFAF58CB,學成段,.41,都市：住,100000,552,持分移轉,07870002
RPWPOLTLOHGGFAF66CB,江翠段,5.27,都市：商,1000000,1734,持分移轉,01590000
RPWPOLTLOHGGFAF66CB,江翠段,.69,都市：商,1000000,1734,持分移轉,01640000
RPTPOLTLOHGGFAF98CB,學成段,1.26,都市：住,100000,552,持分移轉,07880001
RPTPOLTLOHGGFAF98CB,學成段,16.34,都市：住,100000,552,持分移轉,08500000
RPTPOLTLOHGGFAF98CB,學成段,.28,都市：住,100000,552,持分移轉,08640000
RPTPOLTLOHGGFAF98CB,學成段,4.01,都市：住,100000,552,持分移轉,10160000
RPTPOLTLOHGGFAF98CB,學成段,5.97,都市：農,100000,552,持分移轉,07760000
RPTPOLTLOHGGFAF98CB,學成段,.41,都市：住,100000,552,持分移轉,07870002
RPPQOLTLOHGGFAF68CB,學成段,1.26,都市：住,100000,552,持分移轉,07880001
RPPQOLTLOHGGFAF68CB,學成段,16.34,都市：住,100000,552,持分移轉,08500000
RPPQOLTLOHGGFAF68CB,學成段,.28,都市：住,100000,552,持分移轉,08640000
RPPQOLTLOHGGFAF68CB,學成段,4.01,都市：住,100000,552,持分移轉,10160000
RPPQOLTLOHGGFAF68CB,學成段,5.97,都市：農,100000,552,持分移轉,07760000
RPPQOLTLOHGGFAF68CB,學成段,.41,都市：住,100000,552,持分移轉,07870002
RPQQOLTLOHGGFAF78CB,學成段,1.26,都市：住,100000,552,持分移轉,07880001
RPQQOLTLOHGGFAF78CB,學成段,16.34,都市：住,100000,552,持分移轉,08500000
RPQQOLTLOHGGFAF78CB,學成段,.28,都市：住,100000,552,持分移轉,08640000
RPQQOLTLOHGGFAF78CB,學成段,4.01,都市：住,100000,552,持分移轉,10160000
RPQQOLTLOHGGFAF78CB,學成段,5.97,都市：農,100000,552,持分移轉,07760000
RPQQOLTLOHGGFAF78CB,學成段,.41,都市：住,100000,552,持分移轉,07870002
RPSQOLTLOHGGFAF98CB,學成段,1.26,都市：住,100000,552,持分移轉,07880001
RPSQOLTLOHGGFAF98CB,學成段,16.34,都市：住,100000,552,持分移轉,08500000
RPSQOLTLOHGGFAF98CB,學成段,.28,都市：住,100000,552,持分移轉,08640000
RPSQOLTLOHGGFAF98CB,學成段,4.01,都市：住,100000,552,持分移轉,10160000
RPSQOLTLOHGGFAF98CB,學成段,5.97,都市：農,100000,552,持分移轉,07760000
RPSQOLTLOHGGFAF98CB,學成段,.41,都市：住,100000,552,持分移轉,07870002
RPUQOLTLOHGGFAF56CB,學成段,1.36,都市：住,100000,594,持分移轉,07880001
RPUQOLTLOHGGFAF56CB,學成段,17.58,都市：住,100000,594,持分移轉,08500000
RPUQOLTLOHGGFAF56CB,學成段,.30,都市：住,100000,594,持分移轉,08640000
RPUQOLTLOHGGFAF56CB,學成段,4.32,都市：住,100000,594,持分移轉,10160000
RPUQOLTLOHGGFAF56CB,學成段,6.43,都市：農,100000,594,持分移轉,07760000
RPUQOLTLOHGGFAF56CB,學成段,.44,都市：住,100000,594,持分移轉,07870002
RPTQOLTLOHGGFAF09CB,學成段,1.26,都市：住,100000,552,持分移轉,07880001
RPTQOLTLOHGGFAF09CB,學成段,16.34,都市：住,100000,552,持分移轉,08500000
RPTQOLTLOHGGFAF09CB,學成段,.28,都市：住,100000,552,持分移轉,08640000
RPTQOLTLOHGGFAF09CB,學成段,4.01,都市：住,100000,552,持分移轉,10160000
RPTQOLTLOHGGFAF09CB,學成段,5.97,都市：農,100000,552,持分移轉,07760000
RPTQOLTLOHGGFAF09CB,學成段,.41,都市：住,100000,552,持分移轉,07870002
RPVQOLTLOHGGFAF66CB,學成段,1.36,都市：住,100000,594,持分移轉,07880001
RPVQOLTLOHGGFAF66CB,學成段,17.58,都市：住,100000,594,持分移轉,08500000
RPVQOLTLOHGGFAF66CB,學成段,.30,都市：住,100000,594,持分移轉,08640000
RPVQOLTLOHGGFAF66CB,學成段,4.32,都市：住,100000,594,持分移轉,10160000
RPVQOLTLOHGGFAF66CB,學成段,6.43,都市：農,100000,594,持分移轉,07760000
RPVQOLTLOHGGFAF66CB,學成段,.44,都市：住,100000,594,持分移轉,07870002
RPWQOLTLOHGGFAF76CB,學成段,1.36,都市：住,100000,594,持分移轉,07880001
RPWQOLTLOHGGFAF76CB,學成段,17.58,都市：住,100000,594,持分移轉,08500000
RPWQOLTLOHGGFAF76CB,學成段,.30,都市：住,100000,594,持分移轉,08640000
RPWQOLTLOHGGFAF76CB,學成段,4.32,都市：住,100000,594,持分移轉,10160000
RPWQOLTLOHGGFAF76CB,學成段,6.43,都市：農,100000,594,持分移轉,07760000
RPWQOLTLOHGGFAF76CB,學成段,.44,都市：住,100000,594,持分移轉,07870002
RPOROLTLOHGGFAF68CB,學成段,.25,都市：住,100000,344,持分移轉,07870002
RPOROLTLOHGGFAF68CB,學成段,.79,都市：住,100000,344,持分移轉,07880001
RPOROLTLOHGGFAF68CB,學成段,10.18,都市：住,100000,344,持分移轉,08500000
RPOROLTLOHGGFAF68CB,學成段,.18,都市：住,100000,344,持分移轉,08640000
RPOROLTLOHGGFAF68CB,學成段,2.50,都市：住,100000,344,持分移轉,10160000
RPOROLTLOHGGFAF68CB,學成段,3.72,都市：農,100000,344,持分移轉,07760000
RPXQOLTLOHGGFAF86CB,學成段,.23,都市：住,100000,315,持分移轉,07870002
RPXQOLTLOHGGFAF86CB,學成段,.72,都市：住,100000,315,持分移轉,07880001
RPXQOLTLOHGGFAF86CB,學成段,9.32,都市：住,100000,315,持分移轉,08500000
RPXQOLTLOHGGFAF86CB,學成段,.16,都市：住,100000,315,持分移轉,08640000
RPXQOLTLOHGGFAF86CB,學成段,2.29,都市：住,100000,315,持分移轉,10160000
RPXQOLTLOHGGFAF86CB,學成段,3.41,都市：農,100000,315,持分移轉,07760000
RPRROLTLOHGGFAF98CB,學成段,1.01,都市：住,100000,442,持分移轉,07880001
RPRROLTLOHGGFAF98CB,學成段,13.08,都市：住,100000,442,持分移轉,08500000
RPRROLTLOHGGFAF98CB,學成段,.23,都市：住,100000,442,持分移轉,08640000
RPRROLTLOHGGFAF98CB,學成段,3.21,都市：住,100000,442,持分移轉,10160000
RPRROLTLOHGGFAF98CB,學成段,4.78,都市：農,100000,442,持分移轉,07760000
RPRROLTLOHGGFAF98CB,學成段,.33,都市：住,100000,442,持分移轉,07870002
RPPROLTLOHGGFAF78CB,學成段,1.01,都市：住,100000,442,持分移轉,07880001
RPPROLTLOHGGFAF78CB,學成段,13.08,都市：住,100000,442,持分移轉,08500000
RPPROLTLOHGGFAF78CB,學成段,.23,都市：住,100000,442,持分移轉,08640000
RPPROLTLOHGGFAF78CB,學成段,3.21,都市：住,100000,442,持分移轉,10160000
RPPROLTLOHGGFAF78CB,學成段,4.78,都市：農,100000,442,持分移轉,07760000
RPPROLTLOHGGFAF78CB,學成段,.33,都市：住,100000,442,持分移轉,07870002
RPSROLTLOHGGFAF09CB,學成段,1.01,都市：住,100000,442,持分移轉,07880001
RPSROLTLOHGGFAF09CB,學成段,13.08,都市：住,100000,442,持分移轉,08500000
RPSROLTLOHGGFAF09CB,學成段,.23,都市：住,100000,442,持分移轉,08640000
RPSROLTLOHGGFAF09CB,學成段,3.21,都市：住,100000,442,持分移轉,10160000
RPSROLTLOHGGFAF09CB,學成段,4.78,都市：農,100000,442,持分移轉,07760000
RPSROLTLOHGGFAF09CB,學成段,.33,都市：住,100000,442,持分移轉,07870002
RPTROLTLOHGGFAF56CB,學成段,.33,都市：住,100000,442,持分移轉,07870002
RPTROLTLOHGGFAF56CB,學成段,1.01,都市：住,100000,442,持分移轉,07880001
RPTROLTLOHGGFAF56CB,學成段,13.08,都市：住,100000,442,持分移轉,08500000
RPTROLTLOHGGFAF56CB,學成段,.23,都市：住,100000,442,持分移轉,08640000
RPTROLTLOHGGFAF56CB,學成段,3.21,都市：住,100000,442,持分移轉,10160000
RPUROLTLOHGGFAF66CB,學成段,1.01,都市：住,100000,442,持分移轉,07880001
RPTROLTLOHGGFAF56CB,學成段,4.78,都市：農,100000,442,持分移轉,07760000
RPUROLTLOHGGFAF66CB,學成段,13.08,都市：住,100000,442,持分移轉,08500000
RPUROLTLOHGGFAF66CB,學成段,.23,都市：住,100000,442,持分移轉,08640000
RPUROLTLOHGGFAF66CB,學成段,3.21,都市：住,100000,442,持分移轉,10160000
RPUROLTLOHGGFAF66CB,學成段,4.78,都市：農,100000,442,持分移轉,07760000
RPUROLTLOHGGFAF66CB,學成段,.33,都市：住,100000,442,持分移轉,07870002
RPVROLTLOHGGFAF76CB,學成段,1.01,都市：住,100000,442,持分移轉,07880001
RPVROLTLOHGGFAF76CB,學成段,13.08,都市：住,100000,442,持分移轉,08500000
RPVROLTLOHGGFAF76CB,學成段,.23,都市：住,100000,442,持分移轉,08640000
RPVROLTLOHGGFAF76CB,學成段,3.21,都市：住,100000,442,持分移轉,10160000
RPVROLTLOHGGFAF76CB,學成段,4.78,都市：農,100000,442,持分移轉,07760000
RPVROLTLOHGGFAF76CB,學成段,.33,都市：住,100000,442,持分移轉,07870002
RPWROLTLOHGGFAF86CB,學成段,1.01,都市：住,100000,442,持分移轉,07880001
RPWROLTLOHGGFAF86CB,學成段,13.08,都市：住,100000,442,持分移轉,08500000
RPWROLTLOHGGFAF86CB,學成段,.23,都市：住,100000,442,持分移轉,08640000
RPWROLTLOHGGFAF86CB,學成段,3.21,都市：住,100000,442,持分移轉,10160000
RPWROLTLOHGGFAF86CB,學成段,4.78,都市：農,100000,442,持分移轉,07760000
RPWROLTLOHGGFAF86CB,學成段,.33,都市：住,100000,442,持分移轉,07870002
RPXROLTLOHGGFAF96CB,學成段,1.01,都市：住,100000,442,持分移轉,07880001
RPXROLTLOHGGFAF96CB,學成段,13.08,都市：住,100000,442,持分移轉,08500000
RPXROLTLOHGGFAF96CB,學成段,.23,都市：住,100000,442,持分移轉,08640000
RPXROLTLOHGGFAF96CB,學成段,3.21,都市：住,100000,442,持分移轉,10160000
RPXROLTLOHGGFAF96CB,學成段,4.78,都市：農,100000,442,持分移轉,07760000
RPXROLTLOHGGFAF96CB,學成段,.33,都市：住,100000,442,持分移轉,07870002
RPOSOLTLOHGGFAF78CB,學成段,1.01,都市：住,100000,442,持分移轉,07880001
RPOSOLTLOHGGFAF78CB,學成段,13.08,都市：住,100000,442,持分移轉,08500000
RPOSOLTLOHGGFAF78CB,學成段,.23,都市：住,100000,442,持分移轉,08640000
RPOSOLTLOHGGFAF78CB,學成段,3.21,都市：住,100000,442,持分移轉,10160000
RPOSOLTLOHGGFAF78CB,學成段,4.78,都市：農,100000,442,持分移轉,07760000
RPOSOLTLOHGGFAF78CB,學成段,.33,都市：住,100000,442,持分移轉,07870002
RPPSOLTLOHGGFAF88CB,學成段,1.01,都市：住,100000,442,持分移轉,07880001
RPPSOLTLOHGGFAF88CB,學成段,13.08,都市：住,100000,442,持分移轉,08500000
RPPSOLTLOHGGFAF88CB,學成段,.23,都市：住,100000,442,持分移轉,08640000
RPPSOLTLOHGGFAF88CB,學成段,3.21,都市：住,100000,442,持分移轉,10160000
RPPSOLTLOHGGFAF88CB,學成段,4.78,都市：農,100000,442,持分移轉,07760000
RPPSOLTLOHGGFAF88CB,學成段,.33,都市：住,100000,442,持分移轉,07870002
RPQSOLTLOHGGFAF98CB,學成段,.70,都市：住,100000,307,持分移轉,07880001
RPQSOLTLOHGGFAF98CB,學成段,9.09,都市：住,100000,307,持分移轉,08500000
RPQSOLTLOHGGFAF98CB,學成段,.16,都市：住,100000,307,持分移轉,08640000
RPQSOLTLOHGGFAF98CB,學成段,2.23,都市：住,100000,307,持分移轉,10160000
RPQSOLTLOHGGFAF98CB,學成段,3.32,都市：農,100000,307,持分移轉,07760000
RPQSOLTLOHGGFAF98CB,學成段,.23,都市：住,100000,307,持分移轉,07870002
RPRSOLTLOHGGFAF09CB,學成段,.72,都市：住,100000,315,持分移轉,07880001
RPRSOLTLOHGGFAF09CB,學成段,9.32,都市：住,100000,315,持分移轉,08500000
RPRSOLTLOHGGFAF09CB,學成段,.16,都市：住,100000,315,持分移轉,08640000
RPRSOLTLOHGGFAF09CB,學成段,2.29,都市：住,100000,315,持分移轉,10160000
RPRSOLTLOHGGFAF09CB,學成段,3.41,都市：農,100000,315,持分移轉,07760000
RPRSOLTLOHGGFAF09CB,學成段,.23,都市：住,100000,315,持分移轉,07870002
RPUSOLTLOHGGFAF76CB,學成段,.23,都市：住,100000,315,持分移轉,07870002
RPUSOLTLOHGGFAF76CB,學成段,.72,都市：住,100000,315,持分移轉,07880001
RPUSOLTLOHGGFAF76CB,學成段,9.32,都市：住,100000,315,持分移轉,08500000
RPUSOLTLOHGGFAF76CB,學成段,.16,都市：住,100000,315,持分移轉,08640000
RPUSOLTLOHGGFAF76CB,學成段,2.29,都市：住,100000,315,持分移轉,10160000
RPUSOLTLOHGGFAF76CB,學成段,3.41,都市：農,100000,315,持分移轉,07760000
RPSSOLTLOHGGFAF56CB,學成段,.23,都市：住,100000,315,持分移轉,07870002
RPSSOLTLOHGGFAF56CB,學成段,.72,都市：住,100000,315,持分移轉,07880001
RPSSOLTLOHGGFAF56CB,學成段,9.32,都市：住,100000,315,持分移轉,08500000
RPSSOLTLOHGGFAF56CB,學成段,.16,都市：住,100000,315,持分移轉,08640000
RPSSOLTLOHGGFAF56CB,學成段,2.29,都市：住,100000,315,持分移轉,10160000
RPSSOLTLOHGGFAF56CB,學成段,3.41,都市：農,100000,315,持分移轉,07760000
RPVSOLTLOHGGFAF86CB,學成段,.23,都市：住,100000,315,持分移轉,07870002
RPVSOLTLOHGGFAF86CB,學成段,.72,都市：住,100000,315,持分移轉,07880001
RPVSOLTLOHGGFAF86CB,學成段,9.32,都市：住,100000,315,持分移轉,08500000
RPVSOLTLOHGGFAF86CB,學成段,.16,都市：住,100000,315,持分移轉,08640000
RPVSOLTLOHGGFAF86CB,學成段,2.29,都市：住,100000,315,持分移轉,10160000
RPVSOLTLOHGGFAF86CB,學成段,3.41,都市：農,100000,315,持分移轉,07760000
RPXSOLTLOHGGFAF07CB,學成段,.23,都市：住,100000,315,持分移轉,07870002
RPXSOLTLOHGGFAF07CB,學成段,.72,都市：住,100000,315,持分移轉,07880001
RPXSOLTLOHGGFAF07CB,學成段,9.32,都市：住,100000,315,持分移轉,08500000
RPXSOLTLOHGGFAF07CB,學成段,.16,都市：住,100000,315,持分移轉,08640000
RPXSOLTLOHGGFAF07CB,學成段,2.29,都市：住,100000,315,持分移轉,10160000
RPXSOLTLOHGGFAF07CB,學成段,3.41,都市：農,100000,315,持分移轉,07760000
RPTSOLTLOHGGFAF66CB,學成段,.72,都市：住,100000,315,持分移轉,07880001
RPTSOLTLOHGGFAF66CB,學成段,9.32,都市：住,100000,315,持分移轉,08500000
RPTSOLTLOHGGFAF66CB,學成段,.16,都市：住,100000,315,持分移轉,08640000
RPTSOLTLOHGGFAF66CB,學成段,2.29,都市：住,100000,315,持分移轉,10160000
RPTSOLTLOHGGFAF66CB,學成段,3.41,都市：農,100000,315,持分移轉,07760000
RPTSOLTLOHGGFAF66CB,學成段,.23,都市：住,100000,315,持分移轉,07870002
RPOTOLTLOHGGFAF88CB,學成段,.23,都市：住,100000,315,持分移轉,07870002
RPOTOLTLOHGGFAF88CB,學成段,.72,都市：住,100000,315,持分移轉,07880001
RPOTOLTLOHGGFAF88CB,學成段,9.32,都市：住,100000,315,持分移轉,08500000
RPOTOLTLOHGGFAF88CB,學成段,.16,都市：住,100000,315,持分移轉,08640000
RPOTOLTLOHGGFAF88CB,學成段,2.29,都市：住,100000,315,持分移轉,10160000
RPOTOLTLOHGGFAF88CB,學成段,3.41,都市：農,100000,315,持分移轉,07760000
RPQTOLTLOHGGFAF09CB,學成段,.23,都市：住,100000,315,持分移轉,07870002
RPQTOLTLOHGGFAF09CB,學成段,.72,都市：住,100000,315,持分移轉,07880001
RPQTOLTLOHGGFAF09CB,學成段,9.32,都市：住,100000,315,持分移轉,08500000
RPQTOLTLOHGGFAF09CB,學成段,.16,都市：住,100000,315,持分移轉,08640000
RPQTOLTLOHGGFAF09CB,學成段,2.29,都市：住,100000,315,持分移轉,10160000
RPQTOLTLOHGGFAF09CB,學成段,3.41,都市：農,100000,315,持分移轉,07760000
RPRTOLTLOHGGFAF56CB,學成段,.23,都市：住,100000,315,持分移轉,07870002
RPPTOLTLOHGGFAF98CB,學成段,.23,都市：住,100000,315,持分移轉,07870002
RPRTOLTLOHGGFAF56CB,學成段,.72,都市：住,100000,315,持分移轉,07880001
RPPTOLTLOHGGFAF98CB,學成段,.72,都市：住,100000,315,持分移轉,07880001
RPRTOLTLOHGGFAF56CB,學成段,9.32,都市：住,100000,315,持分移轉,08500000
RPPTOLTLOHGGFAF98CB,學成段,9.32,都市：住,100000,315,持分移轉,08500000
RPRTOLTLOHGGFAF56CB,學成段,.16,都市：住,100000,315,持分移轉,08640000
RPPTOLTLOHGGFAF98CB,學成段,.16,都市：住,100000,315,持分移轉,08640000
RPRTOLTLOHGGFAF56CB,學成段,2.29,都市：住,100000,315,持分移轉,10160000
RPPTOLTLOHGGFAF98CB,學成段,2.29,都市：住,100000,315,持分移轉,10160000
RPRTOLTLOHGGFAF56CB,學成段,3.41,都市：農,100000,315,持分移轉,07760000
RPPTOLTLOHGGFAF98CB,學成段,3.41,都市：農,100000,315,持分移轉,07760000
RPTTOLTLOHGGFAF76CB,學成段,.23,都市：住,100000,315,持分移轉,07870002
RPTTOLTLOHGGFAF76CB,學成段,.72,都市：住,100000,315,持分移轉,07880001
RPTTOLTLOHGGFAF76CB,學成段,9.32,都市：住,100000,315,持分移轉,08500000
RPTTOLTLOHGGFAF76CB,學成段,.16,都市：住,100000,315,持分移轉,08640000
RPTTOLTLOHGGFAF76CB,學成段,2.29,都市：住,100000,315,持分移轉,10160000
RPTTOLTLOHGGFAF76CB,學成段,3.41,都市：農,100000,315,持分移轉,07760000
RPWTOLTLOHGGFAF07CB,學成段,.23,都市：住,100000,315,持分移轉,07870002
RPWTOLTLOHGGFAF07CB,學成段,.72,都市：住,100000,315,持分移轉,07880001
RPWTOLTLOHGGFAF07CB,學成段,9.32,都市：住,100000,315,持分移轉,08500000
RPWTOLTLOHGGFAF07CB,學成段,.16,都市：住,100000,315,持分移轉,08640000
RPVTOLTLOHGGFAF96CB,學成段,.23,都市：住,100000,315,持分移轉,07870002
RPWTOLTLOHGGFAF07CB,學成段,2.29,都市：住,100000,315,持分移轉,10160000
RPVTOLTLOHGGFAF96CB,學成段,.72,都市：住,100000,315,持分移轉,07880001
RPWTOLTLOHGGFAF07CB,學成段,3.41,都市：農,100000,315,持分移轉,07760000
RPVTOLTLOHGGFAF96CB,學成段,9.32,都市：住,100000,315,持分移轉,08500000
RPVTOLTLOHGGFAF96CB,學成段,.16,都市：住,100000,315,持分移轉,08640000
RPVTOLTLOHGGFAF96CB,學成段,2.29,都市：住,100000,315,持分移轉,10160000
RPVTOLTLOHGGFAF96CB,學成段,3.41,都市：農,100000,315,持分移轉,07760000
RPUTOLTLOHGGFAF86CB,學成段,.72,都市：住,100000,315,持分移轉,07880001
RPUTOLTLOHGGFAF86CB,學成段,9.32,都市：住,100000,315,持分移轉,08500000
RPUTOLTLOHGGFAF86CB,學成段,.16,都市：住,100000,315,持分移轉,08640000
RPUTOLTLOHGGFAF86CB,學成段,2.29,都市：住,100000,315,持分移轉,10160000
RPUTOLTLOHGGFAF86CB,學成段,3.41,都市：農,100000,315,持分移轉,07760000
RPUTOLTLOHGGFAF86CB,學成段,.23,都市：住,100000,315,持分移轉,07870002
RPXTOLTLOHGGFAF17CB,學成段,.23,都市：住,100000,315,持分移轉,07870002
RPXTOLTLOHGGFAF17CB,學成段,.72,都市：住,100000,315,持分移轉,07880001
RPXTOLTLOHGGFAF17CB,學成段,9.32,都市：住,100000,315,持分移轉,08500000
RPXTOLTLOHGGFAF17CB,學成段,.16,都市：住,100000,315,持分移轉,08640000
RPXTOLTLOHGGFAF17CB,學成段,2.29,都市：住,100000,315,持分移轉,10160000
RPXTOLTLOHGGFAF17CB,學成段,3.41,都市：農,100000,315,持分移轉,07760000
RPOUOLTLOHGGFAF98CB,學成段,.23,都市：住,100000,315,持分移轉,07870002
RPOUOLTLOHGGFAF98CB,學成段,.72,都市：住,100000,315,持分移轉,07880001
RPOUOLTLOHGGFAF98CB,學成段,9.32,都市：住,100000,315,持分移轉,08500000
RPOUOLTLOHGGFAF98CB,學成段,.16,都市：住,100000,315,持分移轉,08640000
RPOUOLTLOHGGFAF98CB,學成段,2.29,都市：住,100000,315,持分移轉,10160000
RPOUOLTLOHGGFAF98CB,學成段,3.41,都市：農,100000,315,持分移轉,07760000
RPRUOLTLOHGGFAF66CB,學成段,.23,都市：住,100000,315,持分移轉,07870002
RPRUOLTLOHGGFAF66CB,學成段,.72,都市：住,100000,315,持分移轉,07880001
RPRUOLTLOHGGFAF66CB,學成段,9.32,都市：住,100000,315,持分移轉,08500000
RPRUOLTLOHGGFAF66CB,學成段,.16,都市：住,100000,315,持分移轉,08640000
RPRUOLTLOHGGFAF66CB,學成段,2.29,都市：住,100000,315,持分移轉,10160000
RPSUOLTLOHGGFAF76CB,明德段,22.15,都市：住,100000,665,持分移轉,03580000
RPRUOLTLOHGGFAF66CB,學成段,3.41,都市：農,100000,315,持分移轉,07760000
RPTUOLTLOHGGFAF86CB,學成段,.33,都市：住,100000,443,持分移轉,07870002
RPTUOLTLOHGGFAF86CB,學成段,1.01,都市：住,100000,443,持分移轉,07880001
RPTUOLTLOHGGFAF86CB,學成段,13.11,都市：住,100000,443,持分移轉,08500000
RPTUOLTLOHGGFAF86CB,學成段,.23,都市：住,100000,443,持分移轉,08640000
RPTUOLTLOHGGFAF86CB,學成段,3.22,都市：住,100000,443,持分移轉,10160000
RPTUOLTLOHGGFAF86CB,學成段,4.79,都市：農,100000,443,持分移轉,07760000
RPPUOLTLOHGGFAF09CB,學成段,.23,都市：住,100000,315,持分移轉,07870002
RPPUOLTLOHGGFAF09CB,學成段,.72,都市：住,100000,315,持分移轉,07880001
RPPUOLTLOHGGFAF09CB,學成段,9.32,都市：住,100000,315,持分移轉,08500000
RPPUOLTLOHGGFAF09CB,學成段,.16,都市：住,100000,315,持分移轉,08640000
RPPUOLTLOHGGFAF09CB,學成段,2.29,都市：住,100000,315,持分移轉,10160000
RPPUOLTLOHGGFAF09CB,學成段,3.41,都市：農,100000,315,持分移轉,07760000
RPWUOLTLOHGGFAF17CB,學成段,1.01,都市：住,100000,443,持分移轉,07880001
RPWUOLTLOHGGFAF17CB,學成段,13.11,都市：住,100000,443,持分移轉,08500000
RPWUOLTLOHGGFAF17CB,學成段,.23,都市：住,100000,443,持分移轉,08640000
RPWUOLTLOHGGFAF17CB,學成段,3.22,都市：住,100000,443,持分移轉,10160000
RPVUOLTLOHGGFAF07CB,學成段,1.01,都市：住,100000,443,持分移轉,07880001
RPWUOLTLOHGGFAF17CB,學成段,4.79,都市：農,100000,443,持分移轉,07760000
RPVUOLTLOHGGFAF07CB,學成段,13.11,都市：住,100000,443,持分移轉,08500000
RPWUOLTLOHGGFAF17CB,學成段,.33,都市：住,100000,443,持分移轉,07870002
RPVUOLTLOHGGFAF07CB,學成段,.23,都市：住,100000,443,持分移轉,08640000
RPVUOLTLOHGGFAF07CB,學成段,3.22,都市：住,100000,443,持分移轉,10160000
RPVUOLTLOHGGFAF07CB,學成段,4.79,都市：農,100000,443,持分移轉,07760000
RPVUOLTLOHGGFAF07CB,學成段,.33,都市：住,100000,443,持分移轉,07870002
RPQVOLTLOHGGFAF66CB,學成段,.33,都市：住,100000,443,持分移轉,07870002
RPQVOLTLOHGGFAF66CB,學成段,1.01,都市：住,100000,443,持分移轉,07880001
RPQVOLTLOHGGFAF66CB,學成段,13.11,都市：住,100000,443,持分移轉,08500000
RPQVOLTLOHGGFAF66CB,學成段,.23,都市：住,100000,443,持分移轉,08640000
RPQVOLTLOHGGFAF66CB,學成段,3.22,都市：住,100000,443,持分移轉,10160000
RPQVOLTLOHGGFAF66CB,學成段,4.79,都市：農,100000,443,持分移轉,07760000
RPRVOLTLOHGGFAF76CB,明德段,22.15,都市：住,100000,665,持分移轉,03580000
RPPVOLTLOHGGFAF56CB,學成段,1.01,都市：住,100000,443,持分移轉,07880001
RPUUOLTLOHGGFAF96CB,學成段,1.01,都市：住,100000,443,持分移轉,07880001
RPPVOLTLOHGGFAF56CB,學成段,13.11,都市：住,100000,443,持分移轉,08500000
RPUUOLTLOHGGFAF96CB,學成段,13.11,都市：住,100000,443,持分移轉,08500000
RPPVOLTLOHGGFAF56CB,學成段,.23,都市：住,100000,443,持分移轉,08640000
RPUUOLTLOHGGFAF96CB,學成段,.23,都市：住,100000,443,持分移轉,08640000
RPPVOLTLOHGGFAF56CB,學成段,3.22,都市：住,100000,443,持分移轉,10160000
RPUUOLTLOHGGFAF96CB,學成段,3.22,都市：住,100000,443,持分移轉,10160000
RPPVOLTLOHGGFAF56CB,學成段,4.79,都市：農,100000,443,持分移轉,07760000
RPUUOLTLOHGGFAF96CB,學成段,4.79,都市：農,100000,443,持分移轉,07760000
RPPVOLTLOHGGFAF56CB,學成段,.33,都市：住,100000,443,持分移轉,07870002
RPUUOLTLOHGGFAF96CB,學成段,.33,都市：住,100000,443,持分移轉,07870002
RPTVOLTLOHGGFAF96CB,學成段,.33,都市：住,100000,443,持分移轉,07870002
RPTVOLTLOHGGFAF96CB,學成段,1.01,都市：住,100000,443,持分移轉,07880001
RPTVOLTLOHGGFAF96CB,學成段,13.11,都市：住,100000,443,持分移轉,08500000
RPTVOLTLOHGGFAF96CB,學成段,.23,都市：住,100000,443,持分移轉,08640000
RPTVOLTLOHGGFAF96CB,學成段,3.22,都市：住,100000,443,持分移轉,10160000
RPTVOLTLOHGGFAF96CB,學成段,4.79,都市：農,100000,443,持分移轉,07760000
RPSVOLTLOHGGFAF86CB,學成段,.33,都市：住,100000,443,持分移轉,07870002
RPSVOLTLOHGGFAF86CB,學成段,1.01,都市：住,100000,443,持分移轉,07880001
RPSVOLTLOHGGFAF86CB,學成段,13.11,都市：住,100000,443,持分移轉,08500000
RPSVOLTLOHGGFAF86CB,學成段,.23,都市：住,100000,443,持分移轉,08640000
RPSVOLTLOHGGFAF86CB,學成段,3.22,都市：住,100000,443,持分移轉,10160000
RPSVOLTLOHGGFAF86CB,學成段,4.79,都市：農,100000,443,持分移轉,07760000
RPUVOLTLOHGGFAF07CB,學成段,.33,都市：住,100000,443,持分移轉,07870002
RPUVOLTLOHGGFAF07CB,學成段,1.01,都市：住,100000,443,持分移轉,07880001
RPUVOLTLOHGGFAF07CB,學成段,13.11,都市：住,100000,443,持分移轉,08500000
RPUVOLTLOHGGFAF07CB,學成段,.23,都市：住,100000,443,持分移轉,08640000
RPUVOLTLOHGGFAF07CB,學成段,3.22,都市：住,100000,443,持分移轉,10160000
RPUVOLTLOHGGFAF07CB,學成段,4.79,都市：農,100000,443,持分移轉,07760000
RPVVOLTLOHGGFAF17CB,學成段,.33,都市：住,100000,443,持分移轉,07870002
RPVVOLTLOHGGFAF17CB,學成段,1.01,都市：住,100000,443,持分移轉,07880001
RPVVOLTLOHGGFAF17CB,學成段,13.11,都市：住,100000,443,持分移轉,08500000
RPVVOLTLOHGGFAF17CB,學成段,.23,都市：住,100000,443,持分移轉,08640000
RPVVOLTLOHGGFAF17CB,學成段,3.22,都市：住,100000,443,持分移轉,10160000
RPVVOLTLOHGGFAF17CB,學成段,4.79,都市：農,100000,443,持分移轉,07760000
RPWVOLTLOHGGFAF27CB,學成段,.33,都市：住,100000,443,持分移轉,07870002
RPWVOLTLOHGGFAF27CB,學成段,1.01,都市：住,100000,443,持分移轉,07880001
RPWVOLTLOHGGFAF27CB,學成段,13.11,都市：住,100000,443,持分移轉,08500000
RPWVOLTLOHGGFAF27CB,學成段,.23,都市：住,100000,443,持分移轉,08640000
RPWVOLTLOHGGFAF27CB,學成段,3.22,都市：住,100000,443,持分移轉,10160000
RPWVOLTLOHGGFAF27CB,學成段,4.79,都市：農,100000,443,持分移轉,07760000
RPOWOLTLOHGGFAF56CB,學成段,1.01,都市：住,100000,443,持分移轉,07880001
RPOWOLTLOHGGFAF56CB,學成段,13.11,都市：住,100000,443,持分移轉,08500000
RPOWOLTLOHGGFAF56CB,學成段,.23,都市：住,100000,443,持分移轉,08640000
RPOWOLTLOHGGFAF56CB,學成段,3.22,都市：住,100000,443,持分移轉,10160000
RPOWOLTLOHGGFAF56CB,學成段,4.79,都市：農,100000,443,持分移轉,07760000
RPOWOLTLOHGGFAF56CB,學成段,.33,都市：住,100000,443,持分移轉,07870002
RPRWOLTLOHGGFAF86CB,學成段,1.01,都市：住,100000,443,持分移轉,07880001
RPRWOLTLOHGGFAF86CB,學成段,13.11,都市：住,100000,443,持分移轉,08500000
RPRWOLTLOHGGFAF86CB,學成段,.23,都市：住,100000,443,持分移轉,08640000
RPRWOLTLOHGGFAF86CB,學成段,3.22,都市：住,100000,443,持分移轉,10160000
RPSWOLTLOHGGFAF96CB,明德段,22.15,都市：住,100000,665,持分移轉,03580000
RPRWOLTLOHGGFAF86CB,學成段,4.79,都市：農,100000,443,持分移轉,07760000
RPRWOLTLOHGGFAF86CB,學成段,.33,都市：住,100000,443,持分移轉,07870002
RPPWOLTLOHGGFAF66CB,學成段,1.01,都市：住,100000,443,持分移轉,07880001
RPPWOLTLOHGGFAF66CB,學成段,13.11,都市：住,100000,443,持分移轉,08500000
RPPWOLTLOHGGFAF66CB,學成段,.23,都市：住,100000,443,持分移轉,08640000
RPPWOLTLOHGGFAF66CB,學成段,3.22,都市：住,100000,443,持分移轉,10160000
RPPWOLTLOHGGFAF66CB,學成段,4.79,都市：農,100000,443,持分移轉,07760000
RPPWOLTLOHGGFAF66CB,學成段,.33,都市：住,100000,443,持分移轉,07870002
RPTWOLTLOHGGFAF07CB,學成段,1.01,都市：住,100000,443,持分移轉,07880001
RPTWOLTLOHGGFAF07CB,學成段,13.11,都市：住,100000,443,持分移轉,08500000
RPTWOLTLOHGGFAF07CB,學成段,.23,都市：住,100000,443,持分移轉,08640000
RPTWOLTLOHGGFAF07CB,學成段,3.22,都市：住,100000,443,持分移轉,10160000
RPTWOLTLOHGGFAF07CB,學成段,4.79,都市：農,100000,443,持分移轉,07760000
RPTWOLTLOHGGFAF07CB,學成段,.33,都市：住,100000,443,持分移轉,07870002
RPXWOLTLOHGGFAF47CB,學成段,.34,都市：住,100000,469,持分移轉,07870002
RPXWOLTLOHGGFAF47CB,學成段,1.07,都市：住,100000,469,持分移轉,07880001
RPXWOLTLOHGGFAF47CB,學成段,13.88,都市：住,100000,469,持分移轉,08500000
RPXWOLTLOHGGFAF47CB,學成段,.24,都市：住,100000,469,持分移轉,08640000
RPXWOLTLOHGGFAF47CB,學成段,3.41,都市：住,100000,469,持分移轉,10160000
RPXWOLTLOHGGFAF47CB,學成段,5.07,都市：農,100000,469,持分移轉,07760000
RPUWOLTLOHGGFAF17CB,學成段,1.01,都市：住,100000,443,持分移轉,07880001
RPUWOLTLOHGGFAF17CB,學成段,13.11,都市：住,100000,443,持分移轉,08500000
RPUWOLTLOHGGFAF17CB,學成段,.23,都市：住,100000,443,持分移轉,08640000
RPUWOLTLOHGGFAF17CB,學成段,3.22,都市：住,100000,443,持分移轉,10160000
RPUWOLTLOHGGFAF17CB,學成段,4.79,都市：農,100000,443,持分移轉,07760000
RPUWOLTLOHGGFAF17CB,學成段,.33,都市：住,100000,443,持分移轉,07870002
RPWWOLTLOHGGFAF37CB,學成段,1.01,都市：住,100000,443,持分移轉,07880001
RPWWOLTLOHGGFAF37CB,學成段,13.11,都市：住,100000,443,持分移轉,08500000
RPWWOLTLOHGGFAF37CB,學成段,.23,都市：住,100000,443,持分移轉,08640000
RPWWOLTLOHGGFAF37CB,學成段,3.22,都市：住,100000,443,持分移轉,10160000
RPWWOLTLOHGGFAF37CB,學成段,4.79,都市：農,100000,443,持分移轉,07760000
RPWWOLTLOHGGFAF37CB,學成段,.33,都市：住,100000,443,持分移轉,07870002
RPONPLTLOHGGFAF38CB,明德段,22.15,都市：住,100000,665,持分移轉,03580000
RPPNPLTLOHGGFAF48CB,學成段,1.07,都市：住,100000,469,持分移轉,07880001
RPPNPLTLOHGGFAF48CB,學成段,13.88,都市：住,100000,469,持分移轉,08500000
RPPNPLTLOHGGFAF48CB,學成段,.24,都市：住,100000,469,持分移轉,08640000
RPPNPLTLOHGGFAF48CB,學成段,3.41,都市：住,100000,469,持分移轉,10160000
RPPNPLTLOHGGFAF48CB,學成段,5.07,都市：農,100000,469,持分移轉,07760000
RPPNPLTLOHGGFAF48CB,學成段,.34,都市：住,100000,469,持分移轉,07870002
RPQNPLTLOHGGFAF58CB,學成段,1.07,都市：住,100000,469,持分移轉,07880001
RPQNPLTLOHGGFAF58CB,學成段,13.88,都市：住,100000,469,持分移轉,08500000
RPQNPLTLOHGGFAF58CB,學成段,.24,都市：住,100000,469,持分移轉,08640000
RPQNPLTLOHGGFAF58CB,學成段,3.41,都市：住,100000,469,持分移轉,10160000
RPQNPLTLOHGGFAF58CB,學成段,5.07,都市：農,100000,469,持分移轉,07760000
RPQNPLTLOHGGFAF58CB,學成段,.34,都市：住,100000,469,持分移轉,07870002
RPRNPLTLOHGGFAF68CB,學成段,.72,都市：住,100000,315,持分移轉,07880001
RPRNPLTLOHGGFAF68CB,學成段,9.32,都市：住,100000,315,持分移轉,08500000
RPRNPLTLOHGGFAF68CB,學成段,.16,都市：住,100000,315,持分移轉,08640000
RPRNPLTLOHGGFAF68CB,學成段,2.29,都市：住,100000,315,持分移轉,10160000
RPRNPLTLOHGGFAF68CB,學成段,3.41,都市：農,100000,315,持分移轉,07760000
RPRNPLTLOHGGFAF68CB,學成段,.23,都市：住,100000,315,持分移轉,07870002
RPTNPLTLOHGGFAF88CB,學成段,.72,都市：住,100000,315,持分移轉,07880001
RPTNPLTLOHGGFAF88CB,學成段,9.32,都市：住,100000,315,持分移轉,08500000
RPTNPLTLOHGGFAF88CB,學成段,.16,都市：住,100000,315,持分移轉,08640000
RPTNPLTLOHGGFAF88CB,學成段,2.29,都市：住,100000,315,持分移轉,10160000
RPTNPLTLOHGGFAF88CB,學成段,3.41,都市：農,100000,315,持分移轉,07760000
RPTNPLTLOHGGFAF88CB,學成段,.23,都市：住,100000,315,持分移轉,07870002
RPVNPLTLOHGGFAF09CB,學成段,.72,都市：住,100000,315,持分移轉,07880001
RPVNPLTLOHGGFAF09CB,學成段,9.32,都市：住,100000,315,持分移轉,08500000
RPVNPLTLOHGGFAF09CB,學成段,.16,都市：住,100000,315,持分移轉,08640000
RPVNPLTLOHGGFAF09CB,學成段,2.29,都市：住,100000,315,持分移轉,10160000
RPVNPLTLOHGGFAF09CB,學成段,3.41,都市：農,100000,315,持分移轉,07760000
RPVNPLTLOHGGFAF09CB,學成段,.23,都市：住,100000,315,持分移轉,07870002
RPUNPLTLOHGGFAF98CB,學成段,.23,都市：住,100000,315,持分移轉,07870002
RPUNPLTLOHGGFAF98CB,學成段,.72,都市：住,100000,315,持分移轉,07880001
RPUNPLTLOHGGFAF98CB,學成段,9.32,都市：住,100000,315,持分移轉,08500000
RPUNPLTLOHGGFAF98CB,學成段,.16,都市：住,100000,315,持分移轉,08640000
RPUNPLTLOHGGFAF98CB,學成段,2.29,都市：住,100000,315,持分移轉,10160000
RPUNPLTLOHGGFAF98CB,學成段,3.41,都市：農,100000,315,持分移轉,07760000
RPWNPLTLOHGGFAF56CB,學成段,.23,都市：住,100000,315,持分移轉,07870002
RPWNPLTLOHGGFAF56CB,學成段,.72,都市：住,100000,315,持分移轉,07880001
RPWNPLTLOHGGFAF56CB,學成段,9.32,都市：住,100000,315,持分移轉,08500000
RPWNPLTLOHGGFAF56CB,學成段,.16,都市：住,100000,315,持分移轉,08640000
RPWNPLTLOHGGFAF56CB,學成段,2.29,都市：住,100000,315,持分移轉,10160000
RPXNPLTLOHGGFAF66CB,學成段,.23,都市：住,100000,315,持分移轉,07870002
RPWNPLTLOHGGFAF56CB,學成段,3.41,都市：農,100000,315,持分移轉,07760000
RPXNPLTLOHGGFAF66CB,學成段,.72,都市：住,100000,315,持分移轉,07880001
RPXNPLTLOHGGFAF66CB,學成段,9.32,都市：住,100000,315,持分移轉,08500000
RPXNPLTLOHGGFAF66CB,學成段,.16,都市：住,100000,315,持分移轉,08640000
RPXNPLTLOHGGFAF66CB,學成段,2.29,都市：住,100000,315,持分移轉,10160000
RPXNPLTLOHGGFAF66CB,學成段,3.41,都市：農,100000,315,持分移轉,07760000
RPOOPLTLOHGGFAF48CB,學成段,.23,都市：住,100000,315,持分移轉,07870002
RPOOPLTLOHGGFAF48CB,學成段,.72,都市：住,100000,315,持分移轉,07880001
RPPOPLTLOHGGFAF58CB,學成段,.72,都市：住,100000,315,持分移轉,07880001
RPOOPLTLOHGGFAF48CB,學成段,9.32,都市：住,100000,315,持分移轉,08500000
RPPOPLTLOHGGFAF58CB,學成段,9.32,都市：住,100000,315,持分移轉,08500000
RPOOPLTLOHGGFAF48CB,學成段,.16,都市：住,100000,315,持分移轉,08640000
RPPOPLTLOHGGFAF58CB,學成段,.16,都市：住,100000,315,持分移轉,08640000
RPOOPLTLOHGGFAF48CB,學成段,2.29,都市：住,100000,315,持分移轉,10160000
RPPOPLTLOHGGFAF58CB,學成段,2.29,都市：住,100000,315,持分移轉,10160000
RPOOPLTLOHGGFAF48CB,學成段,3.41,都市：農,100000,315,持分移轉,07760000
RPPOPLTLOHGGFAF58CB,學成段,3.41,都市：農,100000,315,持分移轉,07760000
RPPOPLTLOHGGFAF58CB,學成段,.23,都市：住,100000,315,持分移轉,07870002
RPSOPLTLOHGGFAF88CB,學成段,.72,都市：住,100000,315,持分移轉,07880001
RPSOPLTLOHGGFAF88CB,學成段,9.32,都市：住,100000,315,持分移轉,08500000
RPSOPLTLOHGGFAF88CB,學成段,.16,都市：住,100000,315,持分移轉,08640000
RPSOPLTLOHGGFAF88CB,學成段,2.29,都市：住,100000,315,持分移轉,10160000
RPSOPLTLOHGGFAF88CB,學成段,3.41,都市：農,100000,315,持分移轉,07760000
RPSOPLTLOHGGFAF88CB,學成段,.23,都市：住,100000,315,持分移轉,07870002
RPQOPLTLOHGGFAF68CB,學成段,.23,都市：住,100000,315,持分移轉,07870002
RPQOPLTLOHGGFAF68CB,學成段,.72,都市：住,100000,315,持分移轉,07880001
RPQOPLTLOHGGFAF68CB,學成段,9.32,都市：住,100000,315,持分移轉,08500000
RPQOPLTLOHGGFAF68CB,學成段,.16,都市：住,100000,315,持分移轉,08640000
RPQOPLTLOHGGFAF68CB,學成段,2.29,都市：住,100000,315,持分移轉,10160000
RPQOPLTLOHGGFAF68CB,學成段,3.41,都市：農,100000,315,持分移轉,07760000
RPTOPLTLOHGGFAF98CB,學成段,.23,都市：住,100000,315,持分移轉,07870002
RPTOPLTLOHGGFAF98CB,學成段,.72,都市：住,100000,315,持分移轉,07880001
RPTOPLTLOHGGFAF98CB,學成段,9.32,都市：住,100000,315,持分移轉,08500000
RPTOPLTLOHGGFAF98CB,學成段,.16,都市：住,100000,315,持分移轉,08640000
RPTOPLTLOHGGFAF98CB,學成段,2.29,都市：住,100000,315,持分移轉,10160000
RPTOPLTLOHGGFAF98CB,學成段,3.41,都市：農,100000,315,持分移轉,07760000
RPWOPLTLOHGGFAF66CB,學成段,1.06,都市：住,100000,466,持分移轉,07880001
RPWOPLTLOHGGFAF66CB,學成段,13.79,都市：住,100000,466,持分移轉,08500000
RPWOPLTLOHGGFAF66CB,學成段,.24,都市：住,100000,466,持分移轉,08640000
RPWOPLTLOHGGFAF66CB,學成段,3.39,都市：住,100000,466,持分移轉,10160000
RPWOPLTLOHGGFAF66CB,學成段,5.04,都市：農,100000,466,持分移轉,07760000
RPWOPLTLOHGGFAF66CB,學成段,.34,都市：住,100000,466,持分移轉,07870002
RPUOPLTLOHGGFAF09CB,學成段,1.06,都市：住,100000,466,持分移轉,07880001
RPUOPLTLOHGGFAF09CB,學成段,13.79,都市：住,100000,466,持分移轉,08500000
RPUOPLTLOHGGFAF09CB,學成段,.24,都市：住,100000,466,持分移轉,08640000
RPUOPLTLOHGGFAF09CB,學成段,3.39,都市：住,100000,466,持分移轉,10160000
RPUOPLTLOHGGFAF09CB,學成段,5.04,都市：農,100000,466,持分移轉,07760000
RPUOPLTLOHGGFAF09CB,學成段,.34,都市：住,100000,466,持分移轉,07870002
RPVOPLTLOHGGFAF56CB,學成段,1.06,都市：住,100000,466,持分移轉,07880001
RPVOPLTLOHGGFAF56CB,學成段,13.79,都市：住,100000,466,持分移轉,08500000
RPVOPLTLOHGGFAF56CB,學成段,.24,都市：住,100000,466,持分移轉,08640000
RPVOPLTLOHGGFAF56CB,學成段,3.39,都市：住,100000,466,持分移轉,10160000
RPVOPLTLOHGGFAF56CB,學成段,5.04,都市：農,100000,466,持分移轉,07760000
RPVOPLTLOHGGFAF56CB,學成段,.34,都市：住,100000,466,持分移轉,07870002
RPXOPLTLOHGGFAF76CB,明德段,22.15,都市：住,100000,665,持分移轉,03580000
RPOPPLTLOHGGFAF58CB,學成段,1.06,都市：住,100000,466,持分移轉,07880001
RPOPPLTLOHGGFAF58CB,學成段,13.79,都市：住,100000,466,持分移轉,08500000
RPOPPLTLOHGGFAF58CB,學成段,.24,都市：住,100000,466,持分移轉,08640000
RPOPPLTLOHGGFAF58CB,學成段,3.39,都市：住,100000,466,持分移轉,10160000
RPOPPLTLOHGGFAF58CB,學成段,5.04,都市：農,100000,466,持分移轉,07760000
RPOPPLTLOHGGFAF58CB,學成段,.34,都市：住,100000,466,持分移轉,07870002
RPQPPLTLOHGGFAF78CB,學成段,.26,都市：住,100000,355,持分移轉,07870002
RPQPPLTLOHGGFAF78CB,學成段,.81,都市：住,100000,355,持分移轉,07880001
RPQPPLTLOHGGFAF78CB,學成段,10.51,都市：住,100000,355,持分移轉,08500000
RPQPPLTLOHGGFAF78CB,學成段,.18,都市：住,100000,355,持分移轉,08640000
RPQPPLTLOHGGFAF78CB,學成段,2.58,都市：住,100000,355,持分移轉,10160000
RPQPPLTLOHGGFAF78CB,學成段,3.84,都市：農,100000,355,持分移轉,07760000
RPPPPLTLOHGGFAF68CB,學成段,1.06,都市：住,100000,466,持分移轉,07880001
RPPPPLTLOHGGFAF68CB,學成段,13.79,都市：住,100000,466,持分移轉,08500000
RPPPPLTLOHGGFAF68CB,學成段,.24,都市：住,100000,466,持分移轉,08640000
RPPPPLTLOHGGFAF68CB,學成段,3.39,都市：住,100000,466,持分移轉,10160000
RPPPPLTLOHGGFAF68CB,學成段,5.04,都市：農,100000,466,持分移轉,07760000
RPPPPLTLOHGGFAF68CB,學成段,.34,都市：住,100000,466,持分移轉,07870002
RPRPPLTLOHGGFAF88CB,學成段,.86,都市：住,100000,378,持分移轉,07880001
RPRPPLTLOHGGFAF88CB,學成段,11.19,都市：住,100000,378,持分移轉,08500000
RPRPPLTLOHGGFAF88CB,學成段,.19,都市：住,100000,378,持分移轉,08640000
RPRPPLTLOHGGFAF88CB,學成段,2.75,都市：住,100000,378,持分移轉,10160000
RPRPPLTLOHGGFAF88CB,學成段,4.09,都市：農,100000,378,持分移轉,07760000
RPSPPLTLOHGGFAF98CB,學成段,.28,都市：住,100000,378,持分移轉,07870002
RPRPPLTLOHGGFAF88CB,學成段,.28,都市：住,100000,378,持分移轉,07870002
RPSPPLTLOHGGFAF98CB,學成段,.86,都市：住,100000,378,持分移轉,07880001
RPSPPLTLOHGGFAF98CB,學成段,11.19,都市：住,100000,378,持分移轉,08500000
RPSPPLTLOHGGFAF98CB,學成段,.19,都市：住,100000,378,持分移轉,08640000
RPSPPLTLOHGGFAF98CB,學成段,2.75,都市：住,100000,378,持分移轉,10160000
RPSPPLTLOHGGFAF98CB,學成段,4.09,都市：農,100000,378,持分移轉,07760000
RPTPPLTLOHGGFAF09CB,學成段,.23,都市：住,100000,313,持分移轉,07870002
RPTPPLTLOHGGFAF09CB,學成段,.71,都市：住,100000,313,持分移轉,07880001
RPTPPLTLOHGGFAF09CB,學成段,9.26,都市：住,100000,313,持分移轉,08500000
RPTPPLTLOHGGFAF09CB,學成段,.16,都市：住,100000,313,持分移轉,08640000
RPTPPLTLOHGGFAF09CB,學成段,2.27,都市：住,100000,313,持分移轉,10160000
RPTPPLTLOHGGFAF09CB,學成段,3.39,都市：農,100000,313,持分移轉,07760000
RPUPPLTLOHGGFAF56CB,學成段,.25,都市：住,100000,334,持分移轉,07870002
RPUPPLTLOHGGFAF56CB,學成段,.76,都市：住,100000,334,持分移轉,07880001
RPUPPLTLOHGGFAF56CB,學成段,9.88,都市：住,100000,334,持分移轉,08500000
RPUPPLTLOHGGFAF56CB,學成段,.17,都市：住,100000,334,持分移轉,08640000
RPUPPLTLOHGGFAF56CB,學成段,2.43,都市：住,100000,334,持分移轉,10160000
RPUPPLTLOHGGFAF56CB,學成段,3.61,都市：農,100000,334,持分移轉,07760000
RPVPPLTLOHGGFAF66CB,學成段,.76,都市：住,100000,334,持分移轉,07880001
RPVPPLTLOHGGFAF66CB,學成段,9.88,都市：住,100000,334,持分移轉,08500000
RPVPPLTLOHGGFAF66CB,學成段,.17,都市：住,100000,334,持分移轉,08640000
RPVPPLTLOHGGFAF66CB,學成段,2.43,都市：住,100000,334,持分移轉,10160000
RPVPPLTLOHGGFAF66CB,學成段,3.61,都市：農,100000,334,持分移轉,07760000
RPVPPLTLOHGGFAF66CB,學成段,.25,都市：住,100000,334,持分移轉,07870002
RPXPPLTLOHGGFAF86CB,學成段,.25,都市：住,100000,334,持分移轉,07870002
RPXPPLTLOHGGFAF86CB,學成段,.76,都市：住,100000,334,持分移轉,07880001
RPXPPLTLOHGGFAF86CB,學成段,9.88,都市：住,100000,334,持分移轉,08500000
RPXPPLTLOHGGFAF86CB,學成段,.17,都市：住,100000,334,持分移轉,08640000
RPXPPLTLOHGGFAF86CB,學成段,2.43,都市：住,100000,334,持分移轉,10160000
RPXPPLTLOHGGFAF86CB,學成段,3.61,都市：農,100000,334,持分移轉,07760000
RPOQPLTLOHGGFAF68CB,學成段,.24,都市：住,100000,333,持分移轉,07870002
RPOQPLTLOHGGFAF68CB,學成段,.76,都市：住,100000,333,持分移轉,07880001
RPOQPLTLOHGGFAF68CB,學成段,9.86,都市：住,100000,333,持分移轉,08500000
RPOQPLTLOHGGFAF68CB,學成段,.17,都市：住,100000,333,持分移轉,08640000
RPOQPLTLOHGGFAF68CB,學成段,2.42,都市：住,100000,333,持分移轉,10160000
RPOQPLTLOHGGFAF68CB,學成段,3.60,都市：農,100000,333,持分移轉,07760000
RPRQPLTLOHGGFAF98CB,學成段,.25,都市：住,100000,334,持分移轉,07870002
RPRQPLTLOHGGFAF98CB,學成段,.76,都市：住,100000,334,持分移轉,07880001
RPWPPLTLOHGGFAF76CB,學成段,.76,都市：住,100000,334,持分移轉,07880001
RPRQPLTLOHGGFAF98CB,學成段,9.88,都市：住,100000,334,持分移轉,08500000
RPWPPLTLOHGGFAF76CB,學成段,9.88,都市：住,100000,334,持分移轉,08500000
RPRQPLTLOHGGFAF98CB,學成段,.17,都市：住,100000,334,持分移轉,08640000
RPWPPLTLOHGGFAF76CB,學成段,.17,都市：住,100000,334,持分移轉,08640000
RPRQPLTLOHGGFAF98CB,學成段,2.43,都市：住,100000,334,持分移轉,10160000
RPWPPLTLOHGGFAF76CB,學成段,2.43,都市：住,100000,334,持分移轉,10160000
RPRQPLTLOHGGFAF98CB,學成段,3.61,都市：農,100000,334,持分移轉,07760000
RPWPPLTLOHGGFAF76CB,學成段,3.61,都市：農,100000,334,持分移轉,07760000
RPWPPLTLOHGGFAF76CB,學成段,.25,都市：住,100000,334,持分移轉,07870002
RPSQPLTLOHGGFAF09CB,學成段,.25,都市：住,100000,334,持分移轉,07870002
RPSQPLTLOHGGFAF09CB,學成段,.76,都市：住,100000,334,持分移轉,07880001
RPSQPLTLOHGGFAF09CB,學成段,9.88,都市：住,100000,334,持分移轉,08500000
RPSQPLTLOHGGFAF09CB,學成段,.17,都市：住,100000,334,持分移轉,08640000
RPSQPLTLOHGGFAF09CB,學成段,2.43,都市：住,100000,334,持分移轉,10160000
RPSQPLTLOHGGFAF09CB,學成段,3.61,都市：農,100000,334,持分移轉,07760000
RPVQPLTLOHGGFAF76CB,學成段,.21,都市：住,100000,289,持分移轉,07870002
RPVQPLTLOHGGFAF76CB,學成段,.66,都市：住,100000,289,持分移轉,07880001
RPVQPLTLOHGGFAF76CB,學成段,8.55,都市：住,100000,289,持分移轉,08500000
RPVQPLTLOHGGFAF76CB,學成段,.15,都市：住,100000,289,持分移轉,08640000
RPVQPLTLOHGGFAF76CB,學成段,2.10,都市：住,100000,289,持分移轉,10160000
RPVQPLTLOHGGFAF76CB,學成段,3.13,都市：農,100000,289,持分移轉,07760000
RPTQPLTLOHGGFAF56CB,學成段,.25,都市：住,100000,334,持分移轉,07870002
RPTQPLTLOHGGFAF56CB,學成段,.76,都市：住,100000,334,持分移轉,07880001
RPTQPLTLOHGGFAF56CB,學成段,9.88,都市：住,100000,334,持分移轉,08500000
RPTQPLTLOHGGFAF56CB,學成段,.17,都市：住,100000,334,持分移轉,08640000
RPTQPLTLOHGGFAF56CB,學成段,2.43,都市：住,100000,334,持分移轉,10160000
RPTQPLTLOHGGFAF56CB,學成段,3.61,都市：農,100000,334,持分移轉,07760000
RPWQPLTLOHGGFAF86CB,學成段,.23,都市：住,100000,308,持分移轉,07870002
RPWQPLTLOHGGFAF86CB,學成段,.70,都市：住,100000,308,持分移轉,07880001
RPWQPLTLOHGGFAF86CB,學成段,9.12,都市：住,100000,308,持分移轉,08500000
RPWQPLTLOHGGFAF86CB,學成段,.16,都市：住,100000,308,持分移轉,08640000
RPWQPLTLOHGGFAF86CB,學成段,2.24,都市：住,100000,308,持分移轉,10160000
RPWQPLTLOHGGFAF86CB,學成段,3.33,都市：農,100000,308,持分移轉,07760000
RPXQPLTLOHGGFAF96CB,學成段,.23,都市：住,100000,308,持分移轉,07870002
RPXQPLTLOHGGFAF96CB,學成段,.70,都市：住,100000,308,持分移轉,07880001
RPXQPLTLOHGGFAF96CB,學成段,9.12,都市：住,100000,308,持分移轉,08500000
RPXQPLTLOHGGFAF96CB,學成段,.16,都市：住,100000,308,持分移轉,08640000
RPXQPLTLOHGGFAF96CB,學成段,2.24,都市：住,100000,308,持分移轉,10160000
RPXQPLTLOHGGFAF96CB,學成段,3.33,都市：農,100000,308,持分移轉,07760000
RPQRPLTLOHGGFAF98CB,學成段,.17,都市：住,100000,233,持分移轉,07870002
RPQRPLTLOHGGFAF98CB,學成段,.53,都市：住,100000,233,持分移轉,07880001
RPQRPLTLOHGGFAF98CB,學成段,6.90,都市：住,100000,233,持分移轉,08500000
RPQRPLTLOHGGFAF98CB,學成段,.12,都市：住,100000,233,持分移轉,08640000
RPQRPLTLOHGGFAF98CB,學成段,1.69,都市：住,100000,233,持分移轉,10160000
RPQRPLTLOHGGFAF98CB,學成段,2.52,都市：農,100000,233,持分移轉,07760000
RPORPLTLOHGGFAF78CB,學成段,.23,都市：住,100000,308,持分移轉,07870002
RPORPLTLOHGGFAF78CB,學成段,.70,都市：住,100000,308,持分移轉,07880001
RPORPLTLOHGGFAF78CB,學成段,9.12,都市：住,100000,308,持分移轉,08500000
RPORPLTLOHGGFAF78CB,學成段,.16,都市：住,100000,308,持分移轉,08640000
RPORPLTLOHGGFAF78CB,學成段,2.24,都市：住,100000,308,持分移轉,10160000
RPORPLTLOHGGFAF78CB,學成段,3.33,都市：農,100000,308,持分移轉,07760000
RPRRPLTLOHGGFAF09CB,學成段,.17,都市：住,100000,233,持分移轉,07870002
RPRRPLTLOHGGFAF09CB,學成段,.53,都市：住,100000,233,持分移轉,07880001
RPRRPLTLOHGGFAF09CB,學成段,6.90,都市：住,100000,233,持分移轉,08500000
RPRRPLTLOHGGFAF09CB,學成段,.12,都市：住,100000,233,持分移轉,08640000
RPRRPLTLOHGGFAF09CB,學成段,1.69,都市：住,100000,233,持分移轉,10160000
RPRRPLTLOHGGFAF09CB,學成段,2.52,都市：農,100000,233,持分移轉,07760000
RPSRPLTLOHGGFAF56CB,學成段,.17,都市：住,100000,233,持分移轉,07870002
RPSRPLTLOHGGFAF56CB,學成段,.53,都市：住,100000,233,持分移轉,07880001
RPSRPLTLOHGGFAF56CB,學成段,6.90,都市：住,100000,233,持分移轉,08500000
RPSRPLTLOHGGFAF56CB,學成段,.12,都市：住,100000,233,持分移轉,08640000
RPSRPLTLOHGGFAF56CB,學成段,1.69,都市：住,100000,233,持分移轉,10160000
RPVRPLTLOHGGFAF86CB,明德段,22.15,都市：住,100000,665,持分移轉,03580000
RPSRPLTLOHGGFAF56CB,學成段,2.52,都市：農,100000,233,持分移轉,07760000
RPWRPLTLOHGGFAF96CB,明德段,22.15,都市：住,100000,665,持分移轉,03580000
RPOSPLTLOHGGFAF88CB,明德段,22.15,都市：住,100000,665,持分移轉,03580000
RPPSPLTLOHGGFAF98CB,明德段,22.15,都市：住,100000,665,持分移轉,03580000
RPTRPLTLOHGGFAF66CB,學成段,.17,都市：住,100000,233,持分移轉,07870002
RPTRPLTLOHGGFAF66CB,學成段,.53,都市：住,100000,233,持分移轉,07880001
RPTRPLTLOHGGFAF66CB,學成段,6.90,都市：住,100000,233,持分移轉,08500000
RPRSPLTLOHGGFAF56CB,明德段,22.15,都市：住,100000,665,持分移轉,03580000
RPTRPLTLOHGGFAF66CB,學成段,.12,都市：住,100000,233,持分移轉,08640000
RPTRPLTLOHGGFAF66CB,學成段,1.69,都市：住,100000,233,持分移轉,10160000
RPTRPLTLOHGGFAF66CB,學成段,2.52,都市：農,100000,233,持分移轉,07760000
RPUSPLTLOHGGFAF86CB,明德段,22.15,都市：住,100000,665,持分移轉,03580000
RPSSPLTLOHGGFAF66CB,明德段,22.15,都市：住,100000,665,持分移轉,03580000
RPOTPLTLOHGGFAF98CB,明德段,22.15,都市：住,100000,665,持分移轉,03580000
RPWSPLTLOHGGFAF07CB,明德段,22.48,都市：住,100000,675,持分移轉,03580000
RPXSPLTLOHGGFAF17CB,明德段,22.15,都市：住,100000,665,持分移轉,03580000
RPPTPLTLOHGGFAF09CB,明德段,22.15,都市：住,100000,665,持分移轉,03580000
RPQTPLTLOHGGFAF56CB,明德段,12.26,都市：住,100000,368,持分移轉,03580000
RPSTPLTLOHGGFAF76CB,明德段,12.26,都市：住,100000,368,持分移轉,03580000
RPRTPLTLOHGGFAF66CB,明德段,12.26,都市：住,100000,368,持分移轉,03580000
RPTTPLTLOHGGFAF86CB,明德段,11.92,都市：住,100000,358,持分移轉,03580000
RPUTPLTLOHGGFAF96CB,明德段,12.26,都市：住,100000,368,持分移轉,03580000
RPVTPLTLOHGGFAF07CB,明德段,12.26,都市：住,100000,368,持分移轉,03580000
RPWTPLTLOHGGFAF17CB,明德段,12.26,都市：住,100000,368,持分移轉,03580000
RPXTPLTLOHGGFAF27CB,明德段,12.26,都市：住,100000,368,持分移轉,03580000
RPOUPLTLOHGGFAF09CB,明德段,12.26,都市：住,100000,368,持分移轉,03580000
RPPUPLTLOHGGFAF56CB,明德段,12.26,都市：住,100000,368,持分移轉,03580000
RPQUPLTLOHGGFAF66CB,明德段,12.26,都市：住,100000,368,持分移轉,03580000
RPRUPLTLOHGGFAF76CB,明德段,12.26,都市：住,100000,368,持分移轉,03580000
RPSUPLTLOHGGFAF86CB,明德段,12.26,都市：住,100000,368,持分移轉,03580000
RPUUPLTLOHGGFAF07CB,明德段,12.29,都市：住,100000,369,持分移轉,03580000
RPUVMLTLOHGGFBF96CB,全安段,27.63,都市：住,100000,309,持分移轉,10990000
RPTUPLTLOHGGFAF96CB,明德段,12.26,都市：住,100000,368,持分移轉,03580000
RPVVMLTLOHGGFBF07CB,全安段,27.63,都市：住,100000,309,持分移轉,10990000
RPWVMLTLOHGGFBF17CB,全安段,27.63,都市：住,100000,309,持分移轉,10990000
RPXVMLTLOHGGFBF27CB,全安段,27.63,都市：住,100000,309,持分移轉,10990000
RPOWMLTLOHGGFBF09CB,全安段,27.63,都市：住,100000,309,持分移轉,10990000
RPRWMLTLOHGGFBF76CB,全安段,29.42,都市：住,100000,329,持分移轉,10990000
RPSWMLTLOHGGFBF86CB,全安段,27.63,都市：住,100000,309,持分移轉,10990000
RPVWMLTLOHGGFBF17CB,全安段,29.42,都市：住,100000,329,持分移轉,10990000
RPUWMLTLOHGGFBF07CB,全安段,27.63,都市：住,100000,309,持分移轉,10990000
RPWWMLTLOHGGFBF27CB,全安段,29.42,都市：住,100000,329,持分移轉,10990000
RPONNLTLOHGGFBF28CB,全安段,27.63,都市：住,100000,309,持分移轉,10990000
RPPNNLTLOHGGFBF38CB,全安段,27.63,都市：住,100000,309,持分移轉,10990000
RPRNNLTLOHGGFBF58CB,全安段,27.63,都市：住,100000,309,持分移轉,10990000
RPXWMLTLOHGGFBF37CB,全安段,31.21,都市：住,100000,349,持分移轉,10990000
RPQNNLTLOHGGFBF48CB,全安段,29.42,都市：住,100000,329,持分移轉,10990000
RPPONLTLOHGGFBF48CB,全安段,27.63,都市：住,100000,309,持分移轉,10990000
RPSNNLTLOHGGFBF68CB,全安段,29.42,都市：住,100000,329,持分移轉,10990000
RPVNNLTLOHGGFBF98CB,全安段,27.63,都市：住,100000,309,持分移轉,10990000
RPQONLTLOHGGFBF58CB,全安段,27.63,都市：住,100000,309,持分移轉,10990000
RPXNNLTLOHGGFBF56CB,全安段,27.63,都市：住,100000,309,持分移轉,10990000
RPRONLTLOHGGFBF68CB,全安段,31.21,都市：住,100000,349,持分移轉,10990000
RPTNNLTLOHGGFBF78CB,全安段,27.63,都市：住,100000,309,持分移轉,10990000
RPSONLTLOHGGFBF78CB,全安段,26.56,都市：住,100000,297,持分移轉,10990000
RPTONLTLOHGGFBF88CB,全安段,24.77,都市：住,100000,277,持分移轉,10990000
RPUONLTLOHGGFBF98CB,全安段,24.77,都市：住,100000,277,持分移轉,10990000
RPVONLTLOHGGFBF09CB,全安段,24.77,都市：住,100000,277,持分移轉,10990000
RPQPNLTLOHGGFBF68CB,全安段,24.77,都市：住,100000,277,持分移轉,10990000
RPXONLTLOHGGFBF66CB,全安段,26.56,都市：住,100000,297,持分移轉,10990000
RPRPNLTLOHGGFBF78CB,全安段,24.77,都市：住,100000,277,持分移轉,10990000
RPOPNLTLOHGGFBF48CB,全安段,24.77,都市：住,100000,277,持分移轉,10990000
RPSTNLTLOHGGFBF66CB,芳洲段,8.68,都市：商,10000,31,持分移轉,00780000
RPTPNLTLOHGGFBF98CB,全安段,24.77,都市：住,100000,277,持分移轉,10990000
RPXUNLTLOHGGFBF27CB,全安段,24.77,都市：住,100000,277,持分移轉,10990000
RPPVNLTLOHGGFBF56CB,全安段,24.77,都市：住,100000,277,持分移轉,10990000
RPOVNLTLOHGGFBF09CB,全安段,24.77,都市：住,100000,277,持分移轉,10990000
RPSVNLTLOHGGFBF86CB,全安段,24.77,都市：住,100000,277,持分移轉,10990000
RPTVNLTLOHGGFBF96CB,全安段,24.77,都市：住,100000,277,持分移轉,10990000
RPWVNLTLOHGGFBF27CB,全安段,24.77,都市：住,100000,277,持分移轉,10990000
RPQVNLTLOHGGFBF66CB,全安段,26.56,都市：住,100000,297,持分移轉,10990000
RPUVNLTLOHGGFBF07CB,全安段,24.77,都市：住,100000,277,持分移轉,10990000
RPXVNLTLOHGGFBF37CB,全安段,24.77,都市：住,100000,277,持分移轉,10990000
RPPWNLTLOHGGFBF66CB,全安段,26.56,都市：住,100000,297,持分移轉,10990000
RPRWNLTLOHGGFBF86CB,全安段,24.77,都市：住,100000,277,持分移轉,10990000
RPQWNLTLOHGGFBF76CB,全安段,24.77,都市：住,100000,277,持分移轉,10990000
RPUWNLTLOHGGFBF17CB,全安段,24.77,都市：住,100000,277,持分移轉,10990000
RPSWNLTLOHGGFBF96CB,全安段,24.77,都市：住,100000,277,持分移轉,10990000
RPWWNLTLOHGGFBF37CB,全安段,26.56,都市：住,100000,297,持分移轉,10990000
RPXWNLTLOHGGFBF47CB,全安段,26.56,都市：住,100000,297,持分移轉,10990000
RPVWNLTLOHGGFBF27CB,全安段,26.56,都市：住,100000,297,持分移轉,10990000
RPONOLTLOHGGFBF38CB,全安段,24.77,都市：住,100000,277,持分移轉,10990000
RPPNOLTLOHGGFBF48CB,全安段,26.56,都市：住,100000,297,持分移轉,10990000
RPQNOLTLOHGGFBF58CB,全安段,24.77,都市：住,100000,277,持分移轉,10990000
RPRNOLTLOHGGFBF68CB,全安段,22.98,都市：住,100000,257,持分移轉,10990000
RPSNOLTLOHGGFBF78CB,全安段,27.63,都市：住,100000,309,持分移轉,10990000
RPTNOLTLOHGGFBF88CB,全安段,27.63,都市：住,100000,309,持分移轉,10990000
RPUNOLTLOHGGFBF98CB,全安段,27.63,都市：住,100000,309,持分移轉,10990000
RPWNOLTLOHGGFBF56CB,全安段,27.63,都市：住,100000,309,持分移轉,10990000
RPXNOLTLOHGGFBF66CB,全安段,27.63,都市：住,100000,309,持分移轉,10990000
RPOOOLTLOHGGFBF48CB,全安段,27.63,都市：住,100000,309,持分移轉,10990000
RPQOOLTLOHGGFBF68CB,全安段,27.63,都市：住,100000,309,持分移轉,10990000
RPVNOLTLOHGGFBF09CB,全安段,27.63,都市：住,100000,309,持分移轉,10990000
RPPOOLTLOHGGFBF58CB,全安段,27.63,都市：住,100000,309,持分移轉,10990000
RPTOOLTLOHGGFBF98CB,全安段,27.63,都市：住,100000,309,持分移轉,10990000
RPROOLTLOHGGFBF78CB,全安段,29.42,都市：住,100000,329,持分移轉,10990000
RPUOOLTLOHGGFBF09CB,全安段,27.63,都市：住,100000,309,持分移轉,10990000
RPWOOLTLOHGGFBF66CB,全安段,27.63,都市：住,100000,309,持分移轉,10990000
RPVOOLTLOHGGFBF56CB,全安段,29.42,都市：住,100000,329,持分移轉,10990000
RPXOOLTLOHGGFBF76CB,全安段,29.42,都市：住,100000,329,持分移轉,10990000
RPQPOLTLOHGGFBF78CB,全安段,27.63,都市：住,100000,309,持分移轉,10990000
RPPPOLTLOHGGFBF68CB,全安段,29.42,都市：住,100000,329,持分移轉,10990000
RPRPOLTLOHGGFBF88CB,全安段,29.42,都市：住,100000,329,持分移轉,10990000
RPOPOLTLOHGGFBF58CB,全安段,27.63,都市：住,100000,309,持分移轉,10990000
RPSPOLTLOHGGFBF98CB,全安段,27.63,都市：住,100000,309,持分移轉,10990000
RPTPOLTLOHGGFBF09CB,全安段,23.70,都市：住,100000,265,持分移轉,10990000
RPUPOLTLOHGGFBF56CB,全安段,17.08,都市：住,100000,191,持分移轉,10990000
RPVPOLTLOHGGFBF66CB,全安段,17.08,都市：住,100000,191,持分移轉,10990000
RPXPOLTLOHGGFBF86CB,全安段,17.08,都市：住,100000,191,持分移轉,10990000
RPPQOLTLOHGGFBF78CB,全安段,17.08,都市：住,100000,191,持分移轉,10990000
RPWPOLTLOHGGFBF76CB,全安段,17.08,都市：住,100000,191,持分移轉,10990000
RPOQOLTLOHGGFBF68CB,全安段,17.08,都市：住,100000,191,持分移轉,10990000
RPQQOLTLOHGGFBF88CB,全安段,17.08,都市：住,100000,191,持分移轉,10990000
RPUROLTLOHGGFBF76CB,全安段,12.79,都市：住,100000,143,持分移轉,10990000
RPVROLTLOHGGFBF86CB,全安段,12.79,都市：住,100000,143,持分移轉,10990000
RPSROLTLOHGGFBF56CB,全安段,17.08,都市：住,100000,191,持分移轉,10990000
RPTROLTLOHGGFBF66CB,全安段,12.79,都市：住,100000,143,持分移轉,10990000
RPWROLTLOHGGFBF96CB,全安段,12.79,都市：住,100000,143,持分移轉,10990000
RPQSOLTLOHGGFBF09CB,全安段,12.79,都市：住,100000,143,持分移轉,10990000
RPOSOLTLOHGGFBF88CB,全安段,12.79,都市：住,100000,143,持分移轉,10990000
RPRSOLTLOHGGFBF56CB,全安段,11.00,都市：住,100000,123,持分移轉,10990000
RPXROLTLOHGGFBF07CB,全安段,12.79,都市：住,100000,143,持分移轉,10990000
RPSSOLTLOHGGFBF66CB,全安段,11.00,都市：住,100000,123,持分移轉,10990000
RPTSOLTLOHGGFBF76CB,全安段,19.31,都市：住,100000,216,持分移轉,10990000
RPVSOLTLOHGGFBF96CB,全安段,19.31,都市：住,100000,216,持分移轉,10990000
RPWSOLTLOHGGFBF07CB,全安段,19.31,都市：住,100000,216,持分移轉,10990000
RPRTOLTLOHGGFBF66CB,全安段,23.96,都市：住,100000,268,持分移轉,10990000
RPXSOLTLOHGGFBF17CB,全安段,19.31,都市：住,100000,216,持分移轉,10990000
RPUSOLTLOHGGFBF86CB,全安段,19.31,都市：住,100000,216,持分移轉,10990000
RPOTOLTLOHGGFBF98CB,全安段,19.31,都市：住,100000,216,持分移轉,10990000
RPPTOLTLOHGGFBF09CB,全安段,19.31,都市：住,100000,216,持分移轉,10990000
RPQTOLTLOHGGFBF56CB,全安段,21.10,都市：住,100000,236,持分移轉,10990000
RPSTOLTLOHGGFBF76CB,全安段,19.31,都市：住,100000,216,持分移轉,10990000
RPUTOLTLOHGGFBF96CB,全安段,11.00,都市：住,100000,123,持分移轉,10990000
RPOUOLTLOHGGFBF09CB,全安段,12.79,都市：住,100000,143,持分移轉,10990000
RPVTOLTLOHGGFBF07CB,全安段,11.00,都市：住,100000,123,持分移轉,10990000
RPPUOLTLOHGGFBF56CB,全安段,11.00,都市：住,100000,123,持分移轉,10990000
RPXTOLTLOHGGFBF27CB,全安段,12.79,都市：住,100000,143,持分移轉,10990000
RPWTOLTLOHGGFBF17CB,全安段,11.00,都市：住,100000,123,持分移轉,10990000
RPRUOLTLOHGGFBF76CB,全安段,12.79,都市：住,100000,143,持分移轉,10990000
RPQUOLTLOHGGFBF66CB,全安段,12.79,都市：住,100000,143,持分移轉,10990000
RPSUOLTLOHGGFBF86CB,全安段,11.00,都市：住,100000,123,持分移轉,10990000
RPTUOLTLOHGGFBF96CB,全安段,19.31,都市：住,100000,216,持分移轉,10990000
RPUUOLTLOHGGFBF07CB,全安段,19.31,都市：住,100000,216,持分移轉,10990000
RPPVOLTLOHGGFBF66CB,全安段,19.31,都市：住,100000,216,持分移轉,10990000
RPVUOLTLOHGGFBF17CB,全安段,19.31,都市：住,100000,216,持分移轉,10990000
RPWUOLTLOHGGFBF27CB,全安段,19.31,都市：住,100000,216,持分移轉,10990000
RPXUOLTLOHGGFBF37CB,全安段,19.31,都市：住,100000,216,持分移轉,10990000
RPOVOLTLOHGGFBF56CB,全安段,21.10,都市：住,100000,236,持分移轉,10990000
RPRVOLTLOHGGFBF86CB,全安段,19.31,都市：住,100000,216,持分移轉,10990000
RPQVOLTLOHGGFBF76CB,全安段,19.31,都市：住,100000,216,持分移轉,10990000
RPSVOLTLOHGGFBF96CB,全安段,19.31,都市：住,100000,216,持分移轉,10990000
RPTVOLTLOHGGFBF07CB,全安段,19.31,都市：住,100000,216,持分移轉,10990000
RPOWOLTLOHGGFBF66CB,全安段,19.31,都市：住,100000,216,持分移轉,10990000
RPXVOLTLOHGGFBF47CB,全安段,19.31,都市：住,100000,216,持分移轉,10990000
RPWVOLTLOHGGFBF37CB,全安段,23.96,都市：住,100000,268,持分移轉,10990000
RPQWOLTLOHGGFBF86CB,全安段,19.31,都市：住,100000,216,持分移轉,10990000
RPUVOLTLOHGGFBF17CB,全安段,19.31,都市：住,100000,216,持分移轉,10990000
RPVVOLTLOHGGFBF27CB,全安段,19.31,都市：住,100000,216,持分移轉,10990000
RPRWOLTLOHGGFBF96CB,全安段,19.31,都市：住,100000,216,持分移轉,10990000
RPPWOLTLOHGGFBF76CB,全安段,19.31,都市：住,100000,216,持分移轉,10990000
RPSWOLTLOHGGFBF07CB,全安段,19.31,都市：住,100000,216,持分移轉,10990000
RPTWOLTLOHGGFBF17CB,全安段,17.53,都市：住,100000,196,持分移轉,10990000
RPWWOLTLOHGGFBF47CB,全安段,19.31,都市：住,100000,216,持分移轉,10990000
RPVWOLTLOHGGFBF37CB,全安段,19.31,都市：住,100000,216,持分移轉,10990000
RPQNPLTLOHGGFBF68CB,全安段,19.31,都市：住,100000,216,持分移轉,10990000
RPONPLTLOHGGFBF48CB,全安段,19.31,都市：住,100000,216,持分移轉,10990000
RPXWOLTLOHGGFBF57CB,全安段,19.31,都市：住,100000,216,持分移轉,10990000
RPPNPLTLOHGGFBF58CB,全安段,19.31,都市：住,100000,216,持分移轉,10990000
RPRNPLTLOHGGFBF78CB,全安段,19.31,都市：住,100000,216,持分移轉,10990000
RPSNPLTLOHGGFBF88CB,全安段,19.31,都市：住,100000,216,持分移轉,10990000
RPUNPLTLOHGGFBF09CB,全安段,11.00,都市：住,100000,123,持分移轉,10990000
RPTNPLTLOHGGFBF98CB,全安段,11.00,都市：住,100000,123,持分移轉,10990000
RPVNPLTLOHGGFBF56CB,全安段,19.31,都市：住,100000,216,持分移轉,10990000
RPXNPLTLOHGGFBF76CB,全安段,12.79,都市：住,100000,143,持分移轉,10990000
RPQOPLTLOHGGFBF78CB,全安段,12.79,都市：住,100000,143,持分移轉,10990000
RPROPLTLOHGGFBF88CB,全安段,12.79,都市：住,100000,143,持分移轉,10990000
RPOOPLTLOHGGFBF58CB,全安段,12.79,都市：住,100000,143,持分移轉,10990000
RPPOPLTLOHGGFBF68CB,全安段,12.79,都市：住,100000,143,持分移轉,10990000
RPSOPLTLOHGGFBF98CB,全安段,12.79,都市：住,100000,143,持分移轉,10990000
RPTOPLTLOHGGFBF09CB,全安段,11.00,都市：住,100000,123,持分移轉,10990000
RPUOPLTLOHGGFBF56CB,全安段,11.00,都市：住,100000,123,持分移轉,10990000
RPXOPLTLOHGGFBF86CB,全安段,12.79,都市：住,100000,143,持分移轉,10990000
RPOPPLTLOHGGFBF68CB,全安段,12.79,都市：住,100000,143,持分移轉,10990000
RPVOPLTLOHGGFBF66CB,全安段,11.00,都市：住,100000,123,持分移轉,10990000
RPWOPLTLOHGGFBF76CB,全安段,12.79,都市：住,100000,143,持分移轉,10990000
RPPPPLTLOHGGFBF78CB,全安段,12.79,都市：住,100000,143,持分移轉,10990000
RPRPPLTLOHGGFBF98CB,全安段,12.79,都市：住,100000,143,持分移轉,10990000
RPSPPLTLOHGGFBF09CB,全安段,11.00,都市：住,100000,123,持分移轉,10990000
RPQPPLTLOHGGFBF88CB,全安段,12.79,都市：住,100000,143,持分移轉,10990000
RPTPPLTLOHGGFBF56CB,全安段,12.79,都市：住,100000,143,持分移轉,10990000
RPUPPLTLOHGGFBF66CB,全安段,12.79,都市：住,100000,143,持分移轉,10990000
RPOQPLTLOHGGFBF78CB,全安段,17.08,都市：住,100000,191,持分移轉,10990000
RPWPPLTLOHGGFBF86CB,全安段,17.08,都市：住,100000,191,持分移轉,10990000
RPVPPLTLOHGGFBF76CB,全安段,25.48,都市：住,100000,285,持分移轉,10990000
RPPQPLTLOHGGFBF88CB,全安段,17.08,都市：住,100000,191,持分移轉,10990000
RPXPPLTLOHGGFBF96CB,全安段,17.08,都市：住,100000,191,持分移轉,10990000
RPRQPLTLOHGGFBF09CB,全安段,17.08,都市：住,100000,191,持分移轉,10990000
RPQQPLTLOHGGFBF98CB,全安段,17.08,都市：住,100000,191,持分移轉,10990000
RPTQPLTLOHGGFBF66CB,全安段,17.08,都市：住,100000,191,持分移轉,10990000
RPVQPLTLOHGGFBF86CB,全安段,18.87,都市：住,100000,211,持分移轉,10990000
RPUQPLTLOHGGFBF76CB,全安段,17.08,都市：住,100000,191,持分移轉,10990000
RPWQPLTLOHGGFBF96CB,全安段,17.08,都市：住,100000,191,持分移轉,10990000
RPPRPLTLOHGGFBF98CB,全安段,17.08,都市：住,100000,191,持分移轉,10990000
RPRRPLTLOHGGFBF56CB,全安段,17.08,都市：住,100000,191,持分移轉,10990000
RPORPLTLOHGGFBF88CB,全安段,15.29,都市：住,100000,171,持分移轉,10990000
RPSRPLTLOHGGFBF66CB,全安段,17.08,都市：住,100000,191,持分移轉,10990000
RPQRPLTLOHGGFBF09CB,全安段,17.08,都市：住,100000,191,持分移轉,10990000
RPXQPLTLOHGGFBF07CB,全安段,15.29,都市：住,100000,171,持分移轉,10990000
RPTRPLTLOHGGFBF76CB,全安段,17.08,都市：住,100000,191,持分移轉,10990000
RPURPLTLOHGGFBF86CB,全安段,17.08,都市：住,100000,191,持分移轉,10990000
RPVRPLTLOHGGFBF96CB,全安段,23.96,都市：住,100000,268,持分移轉,10990000
RPQSPLTLOHGGFBF56CB,全安段,19.31,都市：住,100000,216,持分移轉,10990000
RPOSPLTLOHGGFBF98CB,全安段,19.31,都市：住,100000,216,持分移轉,10990000
RPPSPLTLOHGGFBF09CB,全安段,19.31,都市：住,100000,216,持分移轉,10990000
RPXRPLTLOHGGFBF17CB,全安段,19.31,都市：住,100000,216,持分移轉,10990000
RPWRPLTLOHGGFBF07CB,全安段,19.31,都市：住,100000,216,持分移轉,10990000
RPSSPLTLOHGGFBF76CB,全安段,17.53,都市：住,100000,196,持分移轉,10990000
RPRSPLTLOHGGFBF66CB,全安段,19.31,都市：住,100000,216,持分移轉,10990000
RPTSPLTLOHGGFBF86CB,全安段,19.31,都市：住,100000,216,持分移轉,10990000
RPUSPLTLOHGGFBF96CB,全安段,19.31,都市：住,100000,216,持分移轉,10990000
RPVSPLTLOHGGFBF07CB,全安段,19.31,都市：住,100000,216,持分移轉,10990000
RPXSPLTLOHGGFBF27CB,全安段,17.53,都市：住,100000,196,持分移轉,10990000
RPWSPLTLOHGGFBF17CB,全安段,19.31,都市：住,100000,216,持分移轉,10990000
RPPTPLTLOHGGFBF56CB,全安段,19.31,都市：住,100000,216,持分移轉,10990000
RPOTPLTLOHGGFBF09CB,全安段,19.31,都市：住,100000,216,持分移轉,10990000
RPQTPLTLOHGGFBF66CB,全安段,19.31,都市：住,100000,216,持分移轉,10990000
RPRTPLTLOHGGFBF76CB,全安段,19.31,都市：住,100000,216,持分移轉,10990000
RPSTPLTLOHGGFBF86CB,全安段,19.31,都市：住,100000,216,持分移轉,10990000
RPTTPLTLOHGGFBF96CB,全安段,19.31,都市：住,100000,216,持分移轉,10990000
RPUTPLTLOHGGFBF07CB,全安段,19.31,都市：住,100000,216,持分移轉,10990000
RPVTPLTLOHGGFBF17CB,全安段,19.31,都市：住,100000,216,持分移轉,10990000
RPWTPLTLOHGGFBF27CB,全安段,12.79,都市：住,100000,143,持分移轉,10990000
RPXTPLTLOHGGFBF37CB,全安段,11.00,都市：住,100000,123,持分移轉,10990000
RPPUPLTLOHGGFBF66CB,全安段,12.79,都市：住,100000,143,持分移轉,10990000
RPOUPLTLOHGGFBF56CB,全安段,12.79,都市：住,100000,143,持分移轉,10990000
RPRUPLTLOHGGFBF86CB,全安段,11.00,都市：住,100000,123,持分移轉,10990000
RPQUPLTLOHGGFBF76CB,全安段,12.79,都市：住,100000,143,持分移轉,10990000
RPSUPLTLOHGGFBF96CB,全安段,12.79,都市：住,100000,143,持分移轉,10990000
RPTUPLTLOHGGFBF07CB,全安段,12.79,都市：住,100000,143,持分移轉,10990000
RPVUPLTLOHGGFBF27CB,全安段,12.79,都市：住,100000,143,持分移轉,10990000
RPUUPLTLOHGGFBF17CB,全安段,12.79,都市：住,100000,143,持分移轉,10990000
RPWUPLTLOHGGFBF37CB,全安段,12.79,都市：住,100000,143,持分移轉,10990000
RPXUPLTLOHGGFBF47CB,全安段,11.00,都市：住,100000,123,持分移轉,10990000
RPQVPLTLOHGGFBF86CB,全安段,12.79,都市：住,100000,143,持分移轉,10990000
RPPVPLTLOHGGFBF76CB,全安段,11.00,都市：住,100000,123,持分移轉,10990000
RPOVPLTLOHGGFBF66CB,全安段,11.00,都市：住,100000,123,持分移轉,10990000
RPTVPLTLOHGGFBF17CB,全安段,12.79,都市：住,100000,143,持分移轉,10990000
RPUVPLTLOHGGFBF27CB,全安段,12.79,都市：住,100000,143,持分移轉,10990000
RPRVPLTLOHGGFBF96CB,全安段,12.79,都市：住,100000,143,持分移轉,10990000
RPWVPLTLOHGGFBF47CB,全安段,17.08,都市：住,100000,191,持分移轉,10990000
RPVVPLTLOHGGFBF37CB,全安段,12.79,都市：住,100000,143,持分移轉,10990000
RPOWPLTLOHGGFBF76CB,全安段,15.29,都市：住,100000,171,持分移轉,10990000
RPXVPLTLOHGGFBF57CB,全安段,15.29,都市：住,100000,171,持分移轉,10990000
RPPWPLTLOHGGFBF86CB,全安段,17.08,都市：住,100000,191,持分移轉,10990000
RPQWPLTLOHGGFBF96CB,全安段,17.08,都市：住,100000,191,持分移轉,10990000
RPRWPLTLOHGGFBF07CB,全安段,15.29,都市：住,100000,171,持分移轉,10990000
RPTWPLTLOHGGFBF27CB,全安段,17.08,都市：住,100000,191,持分移轉,10990000
RPSWPLTLOHGGFBF17CB,全安段,17.08,都市：住,100000,191,持分移轉,10990000
RPUWPLTLOHGGFBF37CB,全安段,17.08,都市：住,100000,191,持分移轉,10990000
RPVWPLTLOHGGFBF47CB,全安段,15.29,都市：住,100000,171,持分移轉,10990000
RPONQLTLOHGGFBF58CB,全安段,17.08,都市：住,100000,191,持分移轉,10990000
RPXWPLTLOHGGFBF67CB,全安段,15.29,都市：住,100000,171,持分移轉,10990000
RPWWPLTLOHGGFBF57CB,全安段,17.08,都市：住,100000,191,持分移轉,10990000
RPPNQLTLOHGGFBF68CB,全安段,17.08,都市：住,100000,191,持分移轉,10990000
RPRNQLTLOHGGFBF88CB,全安段,17.08,都市：住,100000,191,持分移轉,10990000
RPQNQLTLOHGGFBF78CB,全安段,17.08,都市：住,100000,191,持分移轉,10990000
RPSNQLTLOHGGFBF98CB,全安段,17.08,都市：住,100000,191,持分移轉,10990000
RPTNQLTLOHGGFBF09CB,全安段,17.08,都市：住,100000,191,持分移轉,10990000
RPVNQLTLOHGGFBF66CB,全安段,17.08,都市：住,100000,191,持分移轉,10990000
RPXNQLTLOHGGFBF86CB,全安段,15.29,都市：住,100000,171,持分移轉,10990000
RPWNQLTLOHGGFBF76CB,全安段,23.70,都市：住,100000,265,持分移轉,10990000
RPUNQLTLOHGGFBF56CB,全安段,17.08,都市：住,100000,191,持分移轉,10990000
RPOOQLTLOHGGFBF68CB,全安段,17.08,都市：住,100000,191,持分移轉,10990000
RPQOQLTLOHGGFBF88CB,全安段,18.87,都市：住,100000,211,持分移轉,10990000
RPPOQLTLOHGGFBF78CB,全安段,17.08,都市：住,100000,191,持分移轉,10990000
RPSOQLTLOHGGFBF09CB,全安段,17.08,都市：住,100000,191,持分移轉,10990000
RPROQLTLOHGGFBF98CB,全安段,17.08,都市：住,100000,191,持分移轉,10990000
RPTOQLTLOHGGFBF56CB,全安段,17.08,都市：住,100000,191,持分移轉,10990000
RPUOQLTLOHGGFBF66CB,全安段,15.29,都市：住,100000,171,持分移轉,10990000
RPWOQLTLOHGGFBF86CB,全安段,17.08,都市：住,100000,191,持分移轉,10990000
RPXOQLTLOHGGFBF96CB,全安段,17.08,都市：住,100000,191,持分移轉,10990000
RPVOQLTLOHGGFBF76CB,全安段,17.08,都市：住,100000,191,持分移轉,10990000
RPOPQLTLOHGGFBF78CB,全安段,15.29,都市：住,100000,171,持分移轉,10990000
RPPPQLTLOHGGFBF88CB,全安段,17.08,都市：住,100000,191,持分移轉,10990000
RPRPQLTLOHGGFBF09CB,全安段,17.08,都市：住,100000,191,持分移轉,10990000
RPQPQLTLOHGGFBF98CB,全安段,17.08,都市：住,100000,191,持分移轉,10990000
RPSPQLTLOHGGFBF56CB,全安段,17.08,都市：住,100000,191,持分移轉,10990000
RPUPQLTLOHGGFBF76CB,全安段,17.08,都市：住,100000,191,持分移轉,10990000
RPTPQLTLOHGGFBF66CB,全安段,15.29,都市：住,100000,171,持分移轉,10990000
RPVPQLTLOHGGFBF86CB,全安段,17.08,都市：住,100000,191,持分移轉,10990000
RPWPQLTLOHGGFBF96CB,全安段,17.08,都市：住,100000,191,持分移轉,10990000
RPXPQLTLOHGGFBF07CB,全安段,11.00,都市：住,100000,123,持分移轉,10990000
RPOQQLTLOHGGFBF88CB,全安段,11.00,都市：住,100000,123,持分移轉,10990000
RPPQQLTLOHGGFBF98CB,全安段,12.79,都市：住,100000,143,持分移轉,10990000
RPQQQLTLOHGGFBF09CB,全安段,12.79,都市：住,100000,143,持分移轉,10990000
RPRQQLTLOHGGFBF56CB,全安段,12.79,都市：住,100000,143,持分移轉,10990000
RPUQQLTLOHGGFBF86CB,全安段,12.79,都市：住,100000,143,持分移轉,10990000
RPVQQLTLOHGGFBF96CB,全安段,12.79,都市：住,100000,143,持分移轉,10990000
RPSQQLTLOHGGFBF66CB,全安段,11.00,都市：住,100000,123,持分移轉,10990000
RPWQQLTLOHGGFBF07CB,全安段,12.79,都市：住,100000,143,持分移轉,10990000
RPTQQLTLOHGGFBF76CB,全安段,11.00,都市：住,100000,123,持分移轉,10990000
RPXQQLTLOHGGFBF17CB,全安段,11.00,都市：住,100000,123,持分移轉,10990000
RPORQLTLOHGGFBF98CB,全安段,11.00,都市：住,100000,123,持分移轉,10990000
RPPRQLTLOHGGFBF09CB,全安段,12.79,都市：住,100000,143,持分移轉,10990000
RPSRQLTLOHGGFBF76CB,全安段,12.79,都市：住,100000,143,持分移轉,10990000
RPQRQLTLOHGGFBF56CB,全安段,11.00,都市：住,100000,123,持分移轉,10990000
RPTRQLTLOHGGFBF86CB,全安段,12.79,都市：住,100000,143,持分移轉,10990000
RPURQLTLOHGGFBF96CB,全安段,11.00,都市：住,100000,123,持分移轉,10990000
RPXRQLTLOHGGFBF27CB,全安段,23.96,都市：住,100000,268,持分移轉,10990000
RPVRQLTLOHGGFBF07CB,全安段,12.79,都市：住,100000,143,持分移轉,10990000
RPOSQLTLOHGGFBF09CB,全安段,19.31,都市：住,100000,216,持分移轉,10990000
RPPSQLTLOHGGFBF56CB,全安段,19.31,都市：住,100000,216,持分移轉,10990000
RPQSQLTLOHGGFBF66CB,全安段,19.31,都市：住,100000,216,持分移轉,10990000
RPRSQLTLOHGGFBF76CB,全安段,19.31,都市：住,100000,216,持分移轉,10990000
RPSSQLTLOHGGFBF86CB,全安段,19.31,都市：住,100000,216,持分移轉,10990000
RPTSQLTLOHGGFBF96CB,全安段,19.31,都市：住,100000,216,持分移轉,10990000
RPUSQLTLOHGGFBF07CB,全安段,21.10,都市：住,100000,236,持分移轉,10990000
RPXSQLTLOHGGFBF37CB,芳洲段,17.62,都市：商,100000,329,持分移轉,01290000
RPVSQLTLOHGGFBF17CB,芳洲段,17.62,都市：商,100000,329,持分移轉,01290000
RPOTQLTLOHGGFBF56CB,全安段,19.31,都市：住,100000,216,持分移轉,10990000
RPWSQLTLOHGGFBF27CB,全安段,19.31,都市：住,100000,216,持分移轉,10990000
RPRTQLTLOHGGFBF86CB,芳洲段,17.62,都市：商,100000,329,持分移轉,01290000
RPPTQLTLOHGGFBF66CB,芳洲段,17.62,都市：商,100000,329,持分移轉,01290000
RPQTQLTLOHGGFBF76CB,全安段,19.31,都市：住,100000,216,持分移轉,10990000
RPSTQLTLOHGGFBF96CB,全安段,19.31,都市：住,100000,216,持分移轉,10990000
RPTTQLTLOHGGFBF07CB,芳洲段,17.62,都市：商,100000,329,持分移轉,01290000
RPVTQLTLOHGGFBF27CB,芳洲段,17.62,都市：商,100000,329,持分移轉,01290000
RPWTQLTLOHGGFBF37CB,全安段,19.31,都市：住,100000,216,持分移轉,10990000
RPXTQLTLOHGGFBF47CB,全安段,19.31,都市：住,100000,216,持分移轉,10990000
RPUTQLTLOHGGFBF17CB,全安段,19.31,都市：住,100000,216,持分移轉,10990000
RPQUQLTLOHGGFBF86CB,芳洲段,17.62,都市：商,100000,329,持分移轉,01290000
RPRUQLTLOHGGFBF96CB,芳洲段,17.62,都市：商,100000,329,持分移轉,01290000
RPSUQLTLOHGGFBF07CB,芳洲段,17.62,都市：商,100000,329,持分移轉,01290000
RPTUQLTLOHGGFBF17CB,全安段,19.31,都市：住,100000,216,持分移轉,10990000
RPUUQLTLOHGGFBF27CB,芳洲段,13.55,都市：商,100000,253,持分移轉,01290000
RPVUQLTLOHGGFBF37CB,全安段,19.31,都市：住,100000,216,持分移轉,10990000
RPWUQLTLOHGGFBF47CB,全安段,19.31,都市：住,100000,216,持分移轉,10990000
RPXUQLTLOHGGFBF57CB,芳洲段,13.55,都市：商,100000,253,持分移轉,01290000
RPQVQLTLOHGGFBF96CB,芳洲段,13.55,都市：商,100000,253,持分移轉,01290000
RPOVQLTLOHGGFBF76CB,全安段,19.31,都市：住,100000,216,持分移轉,10990000
RPRVQLTLOHGGFBF07CB,芳洲段,13.55,都市：商,100000,253,持分移轉,01290000
RPPVQLTLOHGGFBF86CB,芳洲段,13.55,都市：商,100000,253,持分移轉,01290000
RPSVQLTLOHGGFBF17CB,芳洲段,13.55,都市：商,100000,253,持分移轉,01290000
RPTVQLTLOHGGFBF27CB,全安段,17.08,都市：住,100000,191,持分移轉,10990000
RPUVQLTLOHGGFBF37CB,芳洲段,13.55,都市：商,100000,253,持分移轉,01290000
RPVVQLTLOHGGFBF47CB,全安段,17.08,都市：住,100000,191,持分移轉,10990000
RPWVQLTLOHGGFBF57CB,芳洲段,13.55,都市：商,100000,253,持分移轉,01290000
RPXVQLTLOHGGFBF67CB,全安段,17.08,都市：住,100000,191,持分移轉,10990000
RPOWQLTLOHGGFBF86CB,芳洲段,13.55,都市：商,100000,253,持分移轉,01290000
RPPWQLTLOHGGFBF96CB,全安段,17.08,都市：住,100000,191,持分移轉,10990000
RPQWQLTLOHGGFBF07CB,芳洲段,13.55,都市：商,100000,253,持分移轉,01290000
RPTWQLTLOHGGFBF37CB,全安段,15.29,都市：住,100000,171,持分移轉,10990000
RPWWQLTLOHGGFBF67CB,全安段,17.08,都市：住,100000,191,持分移轉,10990000
RPVWQLTLOHGGFBF57CB,全安段,15.29,都市：住,100000,171,持分移轉,10990000
RPXWQLTLOHGGFBF77CB,全安段,17.08,都市：住,100000,191,持分移轉,10990000
RPRWQLTLOHGGFBF17CB,全安段,17.08,都市：住,100000,191,持分移轉,10990000
RPUWQLTLOHGGFBF47CB,芳洲段,13.55,都市：商,100000,253,持分移轉,01290000
RPPNRLTLOHGGFBF78CB,全安段,17.08,都市：住,100000,191,持分移轉,10990000
RPQNRLTLOHGGFBF88CB,全安段,17.08,都市：住,100000,191,持分移轉,10990000
RPSNRLTLOHGGFBF09CB,全安段,17.08,都市：住,100000,191,持分移轉,10990000
RPRNRLTLOHGGFBF98CB,全安段,17.08,都市：住,100000,191,持分移轉,10990000
RPTNRLTLOHGGFBF56CB,全安段,17.08,都市：住,100000,191,持分移轉,10990000
RPUNRLTLOHGGFBF66CB,全安段,17.08,都市：住,100000,191,持分移轉,10990000
RPVNRLTLOHGGFBF76CB,全安段,17.08,都市：住,100000,191,持分移轉,10990000
RPWNRLTLOHGGFBF86CB,全安段,17.08,都市：住,100000,191,持分移轉,10990000
RPOORLTLOHGGFBF78CB,全安段,17.08,都市：住,100000,191,持分移轉,10990000
RPXNRLTLOHGGFBF96CB,芳洲段,13.55,都市：商,100000,253,持分移轉,01290000
RPQORLTLOHGGFBF98CB,全安段,17.08,都市：住,100000,191,持分移轉,10990000
RPPORLTLOHGGFBF88CB,芳洲段,13.55,都市：商,100000,253,持分移轉,01290000
RPRORLTLOHGGFBF09CB,芳洲段,13.55,都市：商,100000,253,持分移轉,01290000
RPTORLTLOHGGFBF66CB,芳洲段,13.55,都市：商,100000,253,持分移轉,01290000
RPSORLTLOHGGFBF56CB,全安段,17.08,都市：住,100000,191,持分移轉,10990000
RPUORLTLOHGGFBF76CB,芳洲段,13.55,都市：商,100000,253,持分移轉,01290000
RPVORLTLOHGGFBF86CB,芳洲段,13.55,都市：商,100000,253,持分移轉,01290000
RPWORLTLOHGGFBF96CB,芳洲段,13.55,都市：商,100000,253,持分移轉,01290000
RPXORLTLOHGGFBF07CB,芳洲段,13.55,都市：商,100000,253,持分移轉,01290000
RPPPRLTLOHGGFBF98CB,全安段,11.00,都市：住,100000,123,持分移轉,10990000
RPRPRLTLOHGGFBF56CB,全安段,12.79,都市：住,100000,143,持分移轉,10990000
RPSPRLTLOHGGFBF66CB,全安段,12.79,都市：住,100000,143,持分移轉,10990000
RPTPRLTLOHGGFBF76CB,全安段,12.79,都市：住,100000,143,持分移轉,10990000
RPOPRLTLOHGGFBF88CB,全安段,12.79,都市：住,100000,143,持分移轉,10990000
RPUPRLTLOHGGFBF86CB,全安段,12.79,都市：住,100000,143,持分移轉,10990000
RPXPRLTLOHGGFBF17CB,全安段,11.00,都市：住,100000,123,持分移轉,10990000
RPWPRLTLOHGGFBF07CB,全安段,12.79,都市：住,100000,143,持分移轉,10990000
RPVPRLTLOHGGFBF96CB,全安段,12.79,都市：住,100000,143,持分移轉,10990000
RPOQRLTLOHGGFBF98CB,芳洲段,13.55,都市：商,100000,253,持分移轉,01290000
RPPQRLTLOHGGFBF09CB,芳洲段,13.55,都市：商,100000,253,持分移轉,01290000
RPRQRLTLOHGGFBF66CB,芳洲段,13.55,都市：商,100000,253,持分移轉,01290000
RPSQRLTLOHGGFBF76CB,芳洲段,13.55,都市：商,100000,253,持分移轉,01290000
RPQQRLTLOHGGFBF56CB,芳洲段,13.55,都市：商,100000,253,持分移轉,01290000
RPTQRLTLOHGGFBF86CB,芳洲段,13.55,都市：商,100000,253,持分移轉,01290000
RPUQRLTLOHGGFBF96CB,芳洲段,17.62,都市：商,100000,329,持分移轉,01290000
RPWQRLTLOHGGFBF17CB,全安段,12.79,都市：住,100000,143,持分移轉,10990000
RPVQRLTLOHGGFBF07CB,芳洲段,17.62,都市：商,100000,329,持分移轉,01290000
RPORRLTLOHGGFBF09CB,全安段,11.00,都市：住,100000,123,持分移轉,10990000
RPXQRLTLOHGGFBF27CB,芳洲段,17.62,都市：商,100000,329,持分移轉,01290000
RPPRRLTLOHGGFBF56CB,芳洲段,17.62,都市：商,100000,329,持分移轉,01290000
RPQRRLTLOHGGFBF66CB,全安段,14.58,都市：住,100000,163,持分移轉,10990000
RPRRRLTLOHGGFBF76CB,全安段,12.79,都市：住,100000,143,持分移轉,10990000
RPTRRLTLOHGGFBF96CB,全安段,12.79,都市：住,100000,143,持分移轉,10990000
RPSRRLTLOHGGFBF86CB,全安段,11.00,都市：住,100000,123,持分移轉,10990000
RPURRLTLOHGGFBF07CB,全安段,12.79,都市：住,100000,143,持分移轉,10990000
RPWRRLTLOHGGFBF27CB,全安段,12.79,都市：住,100000,143,持分移轉,10990000
RPOSRLTLOHGGFBF56CB,全安段,19.31,都市：住,100000,216,持分移轉,10990000
RPPSRLTLOHGGFBF66CB,全安段,19.31,都市：住,100000,216,持分移轉,10990000
RPXRRLTLOHGGFBF37CB,全安段,12.79,都市：住,100000,143,持分移轉,10990000
RPRSRLTLOHGGFBF86CB,全安段,19.31,都市：住,100000,216,持分移轉,10990000
RPQSRLTLOHGGFBF76CB,全安段,19.31,都市：住,100000,216,持分移轉,10990000
RPSSRLTLOHGGFBF96CB,全安段,19.31,都市：住,100000,216,持分移轉,10990000
RPTSRLTLOHGGFBF07CB,全安段,19.31,都市：住,100000,216,持分移轉,10990000
RPUSRLTLOHGGFBF17CB,全安段,19.31,都市：住,100000,216,持分移轉,10990000
RPVSRLTLOHGGFBF27CB,全安段,19.31,都市：住,100000,216,持分移轉,10990000
RPPTRLTLOHGGFBF76CB,全安段,19.31,都市：住,100000,216,持分移轉,10990000
RPOTRLTLOHGGFBF66CB,全安段,21.10,都市：住,100000,236,持分移轉,10990000
RPXSRLTLOHGGFBF47CB,全安段,19.31,都市：住,100000,216,持分移轉,10990000
RPWSRLTLOHGGFBF37CB,全安段,19.31,都市：住,100000,216,持分移轉,10990000
RPRTRLTLOHGGFBF96CB,全安段,19.31,都市：住,100000,216,持分移轉,10990000
RPQTRLTLOHGGFBF86CB,全安段,19.31,都市：住,100000,216,持分移轉,10990000
RPSTRLTLOHGGFBF07CB,全安段,19.31,都市：住,100000,216,持分移轉,10990000
RPTTRLTLOHGGFBF17CB,全安段,19.31,都市：住,100000,216,持分移轉,10990000
RPUTRLTLOHGGFBF27CB,全安段,19.31,都市：住,100000,216,持分移轉,10990000
RPVTRLTLOHGGFBF37CB,全安段,19.31,都市：住,100000,216,持分移轉,10990000
RPQURLTLOHGGFBF96CB,全安段,19.31,都市：住,100000,216,持分移轉,10990000
RPRURLTLOHGGFBF07CB,全安段,17.53,都市：住,100000,196,持分移轉,10990000
RPOURLTLOHGGFBF76CB,全安段,19.31,都市：住,100000,216,持分移轉,10990000
RPXTRLTLOHGGFBF57CB,全安段,19.31,都市：住,100000,216,持分移轉,10990000
RPWTRLTLOHGGFBF47CB,全安段,19.31,都市：住,100000,216,持分移轉,10990000
RPPURLTLOHGGFBF86CB,全安段,19.31,都市：住,100000,216,持分移轉,10990000
RPSURLTLOHGGFBF17CB,全安段,19.31,都市：住,100000,216,持分移轉,10990000
RPTURLTLOHGGFBF27CB,全安段,19.31,都市：住,100000,216,持分移轉,10990000
RPUURLTLOHGGFBF37CB,全安段,19.31,都市：住,100000,216,持分移轉,10990000
RPVURLTLOHGGFBF47CB,全安段,19.31,都市：住,100000,216,持分移轉,10990000
RPXURLTLOHGGFBF67CB,全安段,19.31,都市：住,100000,216,持分移轉,10990000
RPOVRLTLOHGGFBF86CB,全安段,19.31,都市：住,100000,216,持分移轉,10990000
RPPVRLTLOHGGFBF96CB,全安段,19.31,都市：住,100000,216,持分移轉,10990000
RPWURLTLOHGGFBF57CB,全安段,19.31,都市：住,100000,216,持分移轉,10990000
RPRVRLTLOHGGFBF17CB,全安段,19.31,都市：住,100000,216,持分移轉,10990000
RPQVRLTLOHGGFBF07CB,全安段,19.31,都市：住,100000,216,持分移轉,10990000
RPSVRLTLOHGGFBF27CB,全安段,19.31,都市：住,100000,216,持分移轉,10990000
RPTVRLTLOHGGFBF37CB,全安段,19.31,都市：住,100000,216,持分移轉,10990000
RPUVRLTLOHGGFBF47CB,全安段,19.31,都市：住,100000,216,持分移轉,10990000
RPOWRLTLOHGGFBF96CB,全安段,19.31,都市：住,100000,216,持分移轉,10990000
RPXVRLTLOHGGFBF77CB,全安段,19.31,都市：住,100000,216,持分移轉,10990000
RPWVRLTLOHGGFBF67CB,全安段,19.31,都市：住,100000,216,持分移轉,10990000
RPVVRLTLOHGGFBF57CB,全安段,19.31,都市：住,100000,216,持分移轉,10990000
RPPWRLTLOHGGFBF07CB,全安段,12.79,都市：住,100000,143,持分移轉,10990000
RPSWRLTLOHGGFBF37CB,芳洲段,17.62,都市：商,100000,329,持分移轉,01290000
RPTWRLTLOHGGFBF47CB,全安段,12.79,都市：住,100000,143,持分移轉,10990000
RPUWRLTLOHGGFBF57CB,芳洲段,17.62,都市：商,100000,329,持分移轉,01290000
RPRWRLTLOHGGFBF27CB,全安段,12.79,都市：住,100000,143,持分移轉,10990000
RPWWRLTLOHGGFBF77CB,芳洲段,17.62,都市：商,100000,329,持分移轉,01290000
RPVWRLTLOHGGFBF67CB,全安段,12.79,都市：住,100000,143,持分移轉,10990000
RPPNSLTLOHGGFBF88CB,全安段,12.79,都市：住,100000,143,持分移轉,10990000
RPONSLTLOHGGFBF78CB,芳洲段,17.62,都市：商,100000,329,持分移轉,01290000
RPQNSLTLOHGGFBF98CB,芳洲段,17.62,都市：商,100000,329,持分移轉,01290000
RPXWRLTLOHGGFBF87CB,全安段,11.00,都市：住,100000,123,持分移轉,10990000
RPTNSLTLOHGGFBF66CB,全安段,11.00,都市：住,100000,123,持分移轉,10990000
RPRNSLTLOHGGFBF09CB,全安段,11.00,都市：住,100000,123,持分移轉,10990000
RPUNSLTLOHGGFBF76CB,芳洲段,17.62,都市：商,100000,329,持分移轉,01290000
RPVNSLTLOHGGFBF86CB,全安段,12.79,都市：住,100000,143,持分移轉,10990000
RPWNSLTLOHGGFBF96CB,芳洲段,17.62,都市：商,100000,329,持分移轉,01290000
RPPOSLTLOHGGFBF98CB,全安段,11.00,都市：住,100000,123,持分移轉,10990000
RPOOSLTLOHGGFBF88CB,全安段,12.79,都市：住,100000,143,持分移轉,10990000
RPQOSLTLOHGGFBF09CB,全安段,11.00,都市：住,100000,123,持分移轉,10990000
RPROSLTLOHGGFBF56CB,全安段,12.79,都市：住,100000,143,持分移轉,10990000
RPTOSLTLOHGGFBF76CB,全安段,12.79,都市：住,100000,143,持分移轉,10990000
RPSOSLTLOHGGFBF66CB,全安段,12.79,都市：住,100000,143,持分移轉,10990000
RPUOSLTLOHGGFBF86CB,全安段,11.00,都市：住,100000,123,持分移轉,10990000
RPVOSLTLOHGGFBF96CB,全安段,12.79,都市：住,100000,143,持分移轉,10990000
RPXNSLTLOHGGFBF07CB,芳洲段,17.62,都市：商,100000,329,持分移轉,01290000
RPXOSLTLOHGGFBF17CB,全安段,11.00,都市：住,100000,123,持分移轉,10990000
RPWOSLTLOHGGFBF07CB,全安段,11.00,都市：住,100000,123,持分移轉,10990000
RPRPSLTLOHGGFBF66CB,全安段,17.08,都市：住,100000,191,持分移轉,10990000
RPSPSLTLOHGGFBF76CB,全安段,17.08,都市：住,100000,191,持分移轉,10990000
RPQPSLTLOHGGFBF56CB,全安段,17.08,都市：住,100000,191,持分移轉,10990000
RPOPSLTLOHGGFBF98CB,全安段,12.79,都市：住,100000,143,持分移轉,10990000
RPPPSLTLOHGGFBF09CB,全安段,17.08,都市：住,100000,191,持分移轉,10990000
RPTPSLTLOHGGFBF86CB,全安段,17.08,都市：住,100000,191,持分移轉,10990000
RPUPSLTLOHGGFBF96CB,全安段,17.08,都市：住,100000,191,持分移轉,10990000
RPWPSLTLOHGGFBF17CB,全安段,17.08,都市：住,100000,191,持分移轉,10990000
RPXPSLTLOHGGFBF27CB,全安段,17.08,都市：住,100000,191,持分移轉,10990000
RPVPSLTLOHGGFBF07CB,全安段,17.08,都市：住,100000,191,持分移轉,10990000
RPPQSLTLOHGGFBF56CB,全安段,17.08,都市：住,100000,191,持分移轉,10990000
RPOQSLTLOHGGFBF09CB,全安段,15.29,都市：住,100000,171,持分移轉,10990000
RPQQSLTLOHGGFBF66CB,全安段,15.29,都市：住,100000,171,持分移轉,10990000
RPSQSLTLOHGGFBF86CB,全安段,17.08,都市：住,100000,191,持分移轉,10990000
RPRQSLTLOHGGFBF76CB,芳洲段,17.62,都市：商,100000,329,持分移轉,01290000
RPUQSLTLOHGGFBF07CB,全安段,17.08,都市：住,100000,191,持分移轉,10990000
RPTQSLTLOHGGFBF96CB,芳洲段,11.41,都市：商,100000,213,持分移轉,01290000
RPVQSLTLOHGGFBF17CB,芳洲段,11.41,都市：商,100000,213,持分移轉,01290000
RPWQSLTLOHGGFBF27CB,全安段,17.08,都市：住,100000,191,持分移轉,10990000
RPPRSLTLOHGGFBF66CB,芳洲段,11.41,都市：商,100000,213,持分移轉,01290000
RPORSLTLOHGGFBF56CB,全安段,17.08,都市：住,100000,191,持分移轉,10990000
RPXQSLTLOHGGFBF37CB,芳洲段,11.41,都市：商,100000,213,持分移轉,01290000
RPQRSLTLOHGGFBF76CB,全安段,17.08,都市：住,100000,191,持分移轉,10990000
RPRRSLTLOHGGFBF86CB,芳洲段,11.41,都市：商,100000,213,持分移轉,01290000
RPTRSLTLOHGGFBF07CB,全安段,17.08,都市：住,100000,191,持分移轉,10990000
RPSRSLTLOHGGFBF96CB,全安段,17.08,都市：住,100000,191,持分移轉,10990000
RPURSLTLOHGGFBF17CB,芳洲段,11.41,都市：商,100000,213,持分移轉,01290000
RPWRSLTLOHGGFBF37CB,芳洲段,17.62,都市：商,100000,329,持分移轉,01290000
RPQSSLTLOHGGFBF86CB,芳洲段,17.62,都市：商,100000,329,持分移轉,01290000
RPRSSLTLOHGGFBF96CB,芳洲段,17.62,都市：商,100000,329,持分移轉,01290000
RPVRSLTLOHGGFBF27CB,芳洲段,17.84,都市：商,100000,333,持分移轉,01290000
RPTSSLTLOHGGFBF17CB,芳洲段,17.62,都市：商,100000,329,持分移轉,01290000
RPUSSLTLOHGGFBF27CB,芳洲段,17.62,都市：商,100000,329,持分移轉,01290000
RPVSSLTLOHGGFBF37CB,芳洲段,17.62,都市：商,100000,329,持分移轉,01290000
RPSSSLTLOHGGFBF07CB,芳洲段,17.62,都市：商,100000,329,持分移轉,01290000
RPWSSLTLOHGGFBF47CB,芳洲段,17.62,都市：商,100000,329,持分移轉,01290000
RPXSSLTLOHGGFBF57CB,芳洲段,17.62,都市：商,100000,329,持分移轉,01290000
RPOTSLTLOHGGFBF76CB,芳洲段,17.62,都市：商,100000,329,持分移轉,01290000
RPRTSLTLOHGGFBF07CB,芳洲段,13.55,都市：商,100000,253,持分移轉,01290000
RPPTSLTLOHGGFBF86CB,芳洲段,17.62,都市：商,100000,329,持分移轉,01290000
RPSTSLTLOHGGFBF17CB,芳洲段,13.55,都市：商,100000,253,持分移轉,01290000
RPQTSLTLOHGGFBF96CB,芳洲段,13.55,都市：商,100000,253,持分移轉,01290000
RPTTSLTLOHGGFBF27CB,芳洲段,13.55,都市：商,100000,253,持分移轉,01290000
RPUTSLTLOHGGFBF37CB,芳洲段,13.55,都市：商,100000,253,持分移轉,01290000
RPXTSLTLOHGGFBF67CB,芳洲段,13.55,都市：商,100000,253,持分移轉,01290000
RPVTSLTLOHGGFBF47CB,芳洲段,13.55,都市：商,100000,253,持分移轉,01290000
RPWTSLTLOHGGFBF57CB,芳洲段,13.55,都市：商,100000,253,持分移轉,01290000
RPOUSLTLOHGGFBF86CB,芳洲段,13.55,都市：商,100000,253,持分移轉,01290000
RPPUSLTLOHGGFBF96CB,芳洲段,13.55,都市：商,100000,253,持分移轉,01290000
RPQUSLTLOHGGFBF07CB,芳洲段,13.55,都市：商,100000,253,持分移轉,01290000
RPRUSLTLOHGGFBF17CB,芳洲段,13.55,都市：商,100000,253,持分移轉,01290000
RPSUSLTLOHGGFBF27CB,芳洲段,13.55,都市：商,100000,253,持分移轉,01290000
RPTUSLTLOHGGFBF37CB,芳洲段,13.55,都市：商,100000,253,持分移轉,01290000
RPUUSLTLOHGGFBF47CB,芳洲段,13.55,都市：商,100000,253,持分移轉,01290000
RPVUSLTLOHGGFBF57CB,芳洲段,13.55,都市：商,100000,253,持分移轉,01290000
RPWUSLTLOHGGFBF67CB,芳洲段,13.55,都市：商,100000,253,持分移轉,01290000
RPOVSLTLOHGGFBF96CB,芳洲段,13.55,都市：商,100000,253,持分移轉,01290000
RPPVSLTLOHGGFBF07CB,芳洲段,13.55,都市：商,100000,253,持分移轉,01290000
RPXUSLTLOHGGFBF77CB,芳洲段,13.55,都市：商,100000,253,持分移轉,01290000
RPQVSLTLOHGGFBF17CB,芳洲段,13.55,都市：商,100000,253,持分移轉,01290000
RPRVSLTLOHGGFBF27CB,芳洲段,13.55,都市：商,100000,253,持分移轉,01290000
RPSVSLTLOHGGFBF37CB,芳洲段,13.55,都市：商,100000,253,持分移轉,01290000
RPTVSLTLOHGGFBF47CB,芳洲段,13.55,都市：商,100000,253,持分移轉,01290000
RPUVSLTLOHGGFBF57CB,芳洲段,13.55,都市：商,100000,253,持分移轉,01290000
RPVVSLTLOHGGFBF67CB,芳洲段,13.55,都市：商,100000,253,持分移轉,01290000
RPWVSLTLOHGGFBF77CB,芳洲段,17.62,都市：商,100000,329,持分移轉,01290000
RPXVSLTLOHGGFBF87CB,芳洲段,17.62,都市：商,100000,329,持分移轉,01290000
RPQWSLTLOHGGFBF27CB,芳洲段,17.62,都市：商,100000,329,持分移轉,01290000
RPSWSLTLOHGGFBF47CB,芳洲段,17.62,都市：商,100000,329,持分移轉,01290000
RPUWSLTLOHGGFBF67CB,芳洲段,17.62,都市：商,100000,329,持分移轉,01290000
RPTWSLTLOHGGFBF57CB,芳洲段,17.62,都市：商,100000,329,持分移轉,01290000
RPRWSLTLOHGGFBF37CB,芳洲段,17.62,都市：商,100000,329,持分移轉,01290000
RPPWSLTLOHGGFBF17CB,芳洲段,17.62,都市：商,100000,329,持分移轉,01290000
RPVWSLTLOHGGFBF77CB,芳洲段,17.62,都市：商,100000,329,持分移轉,01290000
RPWWSLTLOHGGFBF87CB,芳洲段,17.62,都市：商,100000,329,持分移轉,01290000
RPXWSLTLOHGGFBF97CB,芳洲段,17.62,都市：商,100000,329,持分移轉,01290000
RPONTLTLOHGGFBF88CB,芳洲段,17.62,都市：商,100000,329,持分移轉,01290000
RPPNTLTLOHGGFBF98CB,芳洲段,17.62,都市：商,100000,329,持分移轉,01290000
RPQNTLTLOHGGFBF09CB,芳洲段,13.55,都市：商,100000,253,持分移轉,01290000
RPRNTLTLOHGGFBF56CB,芳洲段,13.55,都市：商,100000,253,持分移轉,01290000
RPSNTLTLOHGGFBF66CB,芳洲段,13.55,都市：商,100000,253,持分移轉,01290000
RPTNTLTLOHGGFBF76CB,芳洲段,13.55,都市：商,100000,253,持分移轉,01290000
RPUNTLTLOHGGFBF86CB,芳洲段,13.55,都市：商,100000,253,持分移轉,01290000
RPWNTLTLOHGGFBF07CB,芳洲段,13.55,都市：商,100000,253,持分移轉,01290000
RPXNTLTLOHGGFBF17CB,芳洲段,13.55,都市：商,100000,253,持分移轉,01290000
RPPOTLTLOHGGFBF09CB,芳洲段,13.55,都市：商,100000,253,持分移轉,01290000
RPOOTLTLOHGGFBF98CB,芳洲段,13.55,都市：商,100000,253,持分移轉,01290000
RPROTLTLOHGGFBF66CB,芳洲段,13.55,都市：商,100000,253,持分移轉,01290000
RPQOTLTLOHGGFBF56CB,芳洲段,13.55,都市：商,100000,253,持分移轉,01290000
RPUOTLTLOHGGFBF96CB,芳洲段,13.55,都市：商,100000,253,持分移轉,01290000
RPTOTLTLOHGGFBF86CB,芳洲段,13.55,都市：商,100000,253,持分移轉,01290000
RPVOTLTLOHGGFBF07CB,芳洲段,13.55,都市：商,100000,253,持分移轉,01290000
RPSOTLTLOHGGFBF76CB,芳洲段,13.55,都市：商,100000,253,持分移轉,01290000
RPXOTLTLOHGGFBF27CB,芳洲段,13.55,都市：商,100000,253,持分移轉,01290000
RPOPTLTLOHGGFBF09CB,芳洲段,11.41,都市：商,100000,213,持分移轉,01290000
RPQPTLTLOHGGFBF66CB,芳洲段,11.41,都市：商,100000,213,持分移轉,01290000
RPPPTLTLOHGGFBF56CB,芳洲段,11.41,都市：商,100000,213,持分移轉,01290000
RPSPTLTLOHGGFBF86CB,芳洲段,11.41,都市：商,100000,213,持分移轉,01290000
RPRPTLTLOHGGFBF76CB,芳洲段,11.41,都市：商,100000,213,持分移轉,01290000
RPTOMLTLOHGGFGF66CB,仁信段,18.85,都市：住,100000,1573,持分移轉,00080000
RPUOMLTLOHGGFGF76CB,仁信段,13.54,都市：住,100000,1130,持分移轉,00080000
RPTNMLTLOHGGFCF78CB,斯馨段,25.61,都市：住,10000,47,持分移轉,00510000
RPROMLTLOHGGFCF68CB,斯馨段,7.57,都市：住,100000,199,持分移轉,00500000
RPROMLTLOHGGFCF68CB,斯馨段,8.52,都市：住,100000,199,持分移轉,00560000
RPQOMLTLOHGGFGF98CB,仁信段,14.55,都市：住,100000,1214,持分移轉,00080000
RPSOMLTLOHGGFCF78CB,斯馨段,7.57,都市：住,100000,199,持分移轉,00500000
RPSOMLTLOHGGFCF78CB,斯馨段,8.52,都市：住,100000,199,持分移轉,00560000
RPTOMLTLOHGGFCF88CB,斯馨段,12.17,都市：住,100000,320,持分移轉,00500000
RPTOMLTLOHGGFCF88CB,斯馨段,13.70,都市：住,100000,320,持分移轉,00560000
RPUOMLTLOHGGFCF98CB,斯馨段,12.17,都市：住,100000,320,持分移轉,00500000
RPUOMLTLOHGGFCF98CB,斯馨段,13.70,都市：住,100000,320,持分移轉,00560000
RPWOMLTLOHGGFCF56CB,文山段,15.16,都市：住,10000,349,持分移轉,06380000
RPXOMLTLOHGGFCF66CB,文山段,14.72,都市：住,10000,339,持分移轉,06380000
RPPPMLTLOHGGFCF58CB,斯馨段,12.17,都市：住,100000,320,持分移轉,00500000
RPPPMLTLOHGGFCF58CB,斯馨段,13.70,都市：住,100000,320,持分移轉,00560000
RPOPMLTLOHGGFCF48CB,斯馨段,12.17,都市：住,100000,320,持分移轉,00500000
RPOPMLTLOHGGFCF48CB,斯馨段,13.70,都市：住,100000,320,持分移轉,00560000
RPQPMLTLOHGGFCF68CB,文山段,14.72,都市：住,10000,339,持分移轉,06380000
RPRPMLTLOHGGFCF78CB,文山段,15.16,都市：住,10000,349,持分移轉,06380000
RPSPMLTLOHGGFCF88CB,斯馨段,7.57,都市：住,100000,199,持分移轉,00500000
RPSPMLTLOHGGFCF88CB,斯馨段,8.52,都市：住,100000,199,持分移轉,00560000
RPUPMLTLOHGGFCF09CB,文山段,15.16,都市：住,10000,349,持分移轉,06380000
RPVPMLTLOHGGFCF56CB,斯馨段,7.45,都市：住,100000,196,持分移轉,00500000
RPVPMLTLOHGGFCF56CB,斯馨段,8.39,都市：住,100000,196,持分移轉,00560000
RPTPMLTLOHGGFCF98CB,斯馨段,7.57,都市：住,100000,199,持分移轉,00500000
RPTPMLTLOHGGFCF98CB,斯馨段,8.52,都市：住,100000,199,持分移轉,00560000
RPWPMLTLOHGGFCF66CB,文山段,14.72,都市：住,10000,339,持分移轉,06380000
RPXPMLTLOHGGFCF76CB,斯馨段,11.86,都市：住,100000,312,持分移轉,00500000
RPXPMLTLOHGGFCF76CB,斯馨段,13.35,都市：住,100000,312,持分移轉,00560000
RPOQMLTLOHGGFCF58CB,文山段,15.16,都市：住,10000,349,持分移轉,06380000
RPPQMLTLOHGGFCF68CB,斯馨段,11.86,都市：住,100000,312,持分移轉,00500000
RPPQMLTLOHGGFCF68CB,斯馨段,13.35,都市：住,100000,312,持分移轉,00560000
RPQQMLTLOHGGFCF78CB,文山段,15.16,都市：住,10000,349,持分移轉,06380000
RPWQMLTLOHGGFCF76CB,斯馨段,11.86,都市：住,100000,312,持分移轉,00500000
RPWQMLTLOHGGFCF76CB,斯馨段,13.35,都市：住,100000,312,持分移轉,00560000
RPTQMLTLOHGGFCF09CB,文山段,15.16,都市：住,10000,349,持分移轉,06380000
RPVQMLTLOHGGFCF66CB,文山段,14.72,都市：住,10000,339,持分移轉,06380000
RPUQMLTLOHGGFCF56CB,斯馨段,12.17,都市：住,100000,320,持分移轉,00500000
RPUQMLTLOHGGFCF56CB,斯馨段,13.70,都市：住,100000,320,持分移轉,00560000
RPSQMLTLOHGGFCF98CB,斯馨段,11.71,都市：住,100000,308,持分移轉,00500000
RPSQMLTLOHGGFCF98CB,斯馨段,13.18,都市：住,100000,308,持分移轉,00560000
RPXQMLTLOHGGFCF86CB,文山段,10.64,都市：住,10000,245,持分移轉,06380000
RPRQMLTLOHGGFCF88CB,斯馨段,11.86,都市：住,100000,312,持分移轉,00500000
RPRQMLTLOHGGFCF88CB,斯馨段,13.35,都市：住,100000,312,持分移轉,00560000
RPPRMLTLOHGGFCF78CB,斯馨段,12.21,都市：住,100000,321,持分移轉,00500000
RPPRMLTLOHGGFCF78CB,斯馨段,13.74,都市：住,100000,321,持分移轉,00560000
RPORMLTLOHGGFCF68CB,斯馨段,11.83,都市：住,100000,311,持分移轉,00500000
RPORMLTLOHGGFCF68CB,斯馨段,13.31,都市：住,100000,311,持分移轉,00560000
RPSRMLTLOHGGFCF09CB,斯馨段,12.21,都市：住,100000,321,持分移轉,00500000
RPSRMLTLOHGGFCF09CB,斯馨段,13.74,都市：住,100000,321,持分移轉,00560000
RPTRMLTLOHGGFCF56CB,文山段,10.64,都市：住,10000,245,持分移轉,06380000
RPQRMLTLOHGGFCF88CB,文山段,10.21,都市：住,10000,235,持分移轉,06380000
RPRRMLTLOHGGFCF98CB,斯馨段,12.21,都市：住,100000,321,持分移轉,00500000
RPRRMLTLOHGGFCF98CB,斯馨段,13.74,都市：住,100000,321,持分移轉,00560000
RPURMLTLOHGGFCF66CB,斯馨段,12.21,都市：住,100000,321,持分移轉,00500000
RPURMLTLOHGGFCF66CB,斯馨段,13.74,都市：住,100000,321,持分移轉,00560000
RPVRMLTLOHGGFCF76CB,斯馨段,8.06,都市：住,100000,212,持分移轉,00500000
RPVRMLTLOHGGFCF76CB,斯馨段,9.07,都市：住,100000,212,持分移轉,00560000
RPOSMLTLOHGGFCF78CB,斯馨段,8.06,都市：住,100000,212,持分移轉,00500000
RPOSMLTLOHGGFCF78CB,斯馨段,9.07,都市：住,100000,212,持分移轉,00560000
RPWRMLTLOHGGFCF86CB,文山段,10.21,都市：住,10000,235,持分移轉,06380000
RPQSMLTLOHGGFCF98CB,文山段,10.21,都市：住,10000,235,持分移轉,06380000
RPPSMLTLOHGGFCF88CB,斯馨段,35.37,都市：住,100000,898,持分移轉,01060000
RPSSMLTLOHGGFCF56CB,斯馨段,11.18,都市：住,100000,294,持分移轉,00500000
RPSSMLTLOHGGFCF56CB,斯馨段,12.58,都市：住,100000,294,持分移轉,00560000
RPRSMLTLOHGGFCF09CB,斯馨段,14.91,都市：住,100000,392,持分移轉,00500000
RPRSMLTLOHGGFCF09CB,斯馨段,16.78,都市：住,100000,392,持分移轉,00560000
RPUSMLTLOHGGFCF76CB,斯馨段,11.83,都市：住,100000,311,持分移轉,00500000
RPUSMLTLOHGGFCF76CB,斯馨段,13.31,都市：住,100000,311,持分移轉,00560000
RPTSMLTLOHGGFCF66CB,斯馨段,11.83,都市：住,100000,311,持分移轉,00500000
RPTSMLTLOHGGFCF66CB,斯馨段,13.31,都市：住,100000,311,持分移轉,00560000
RPVSMLTLOHGGFCF86CB,斯馨段,11.83,都市：住,100000,311,持分移轉,00500000
RPVSMLTLOHGGFCF86CB,斯馨段,13.31,都市：住,100000,311,持分移轉,00560000
RPOTMLTLOHGGFCF88CB,文山段,10.21,都市：住,10000,235,持分移轉,06380000
RPXSMLTLOHGGFCF07CB,文山段,10.21,都市：住,10000,235,持分移轉,06380000
RPWSMLTLOHGGFCF96CB,斯馨段,11.83,都市：住,100000,311,持分移轉,00500000
RPWSMLTLOHGGFCF96CB,斯馨段,13.31,都市：住,100000,311,持分移轉,00560000
RPPTMLTLOHGGFCF98CB,斯馨段,12.21,都市：住,100000,321,持分移轉,00500000
RPPTMLTLOHGGFCF98CB,斯馨段,13.74,都市：住,100000,321,持分移轉,00560000
RPQTMLTLOHGGFCF09CB,文山段,10.21,都市：住,10000,235,持分移轉,06380000
RPSTMLTLOHGGFCF66CB,文山段,10.64,都市：住,10000,245,持分移轉,06380000
RPTTMLTLOHGGFCF76CB,文山段,11.08,都市：住,10000,255,持分移轉,06380000
RPVTMLTLOHGGFCF96CB,文山段,13.64,都市：住,10000,314,持分移轉,06380000
RPUTMLTLOHGGFCF86CB,文山段,14.07,都市：住,10000,324,持分移轉,06380000
RPOUMLTLOHGGFCF98CB,文山段,13.64,都市：住,10000,314,持分移轉,06380000
RPWTMLTLOHGGFCF07CB,文山段,13.64,都市：住,10000,314,持分移轉,06380000
RPXTMLTLOHGGFCF17CB,文山段,14.07,都市：住,10000,324,持分移轉,06380000
RPPUMLTLOHGGFCF09CB,文山段,14.07,都市：住,10000,324,持分移轉,06380000
RPRUMLTLOHGGFCF66CB,文山段,13.64,都市：住,10000,314,持分移轉,06380000
RPSUMLTLOHGGFCF76CB,文山段,13.64,都市：住,10000,314,持分移轉,06380000
RPUUMLTLOHGGFCF96CB,文山段,14.07,都市：住,10000,324,持分移轉,06380000
RPUPMLTLOHGGFIF07CB,鳳鳴段,31.78,都市：住,100000,1123,持分移轉,00050000
RPVPMLTLOHGGFIF17CB,鳳鳴段,29.50,都市：住,100000,1056,持分移轉,00310001
RPTUMLTLOHGGFCF86CB,文山段,14.07,都市：住,10000,324,持分移轉,06380000
RPWPMLTLOHGGFIF27CB,鳳鳴段,29.50,都市：住,100000,1056,持分移轉,00310001
RPOQMLTLOHGGFIF56CB,鳳鳴段,29.50,都市：住,100000,1056,持分移轉,00310001
RPXPMLTLOHGGFIF37CB,鳳鳴段,29.50,都市：住,100000,1056,持分移轉,00310001
RPXRMLTLOHGGFIF57CB,鳳鳴段,21.07,都市：住,100000,754,持分移轉,00310001
RPUSMLTLOHGGFIF37CB,鳳鳴段,22.85,都市：住,100000,818,持分移轉,00310001
RPWRMLTLOHGGFIF47CB,鳳鳴段,21.07,都市：住,100000,754,持分移轉,00310001
RPTSMLTLOHGGFIF27CB,鳳鳴段,22.85,都市：住,100000,818,持分移轉,00310001
RPQQMLTLOHGGFIF76CB,鳳鳴段,29.50,都市：住,100000,1056,持分移轉,00310001
RPORMLTLOHGGFIF66CB,鳳鳴段,21.07,都市：住,100000,754,持分移轉,00310001
RPVQMLTLOHGGFIF27CB,鳳鳴段,29.50,都市：住,100000,1056,持分移轉,00310001
RPWQMLTLOHGGFIF37CB,鳳鳴段,29.50,都市：住,100000,1056,持分移轉,00310001
RPVSMLTLOHGGFIF47CB,鳳鳴段,22.85,都市：住,100000,818,持分移轉,00310001
RPWSMLTLOHGGFIF57CB,鳳鳴段,22.85,都市：住,100000,818,持分移轉,00310001
RPQTMLTLOHGGFIF07CB,鳳鳴段,29.50,都市：住,100000,1056,持分移轉,00310001
RPOTMLTLOHGGFIF86CB,鳳鳴段,29.50,都市：住,100000,1056,持分移轉,00310001
RPUTMLTLOHGGFIF47CB,鳳鳴段,29.50,都市：住,100000,1056,持分移轉,00310001
RPWTMLTLOHGGFIF67CB,鳳鳴段,29.50,都市：住,100000,1056,持分移轉,00310001
RPTTMLTLOHGGFIF37CB,鳳鳴段,29.50,都市：住,100000,1056,持分移轉,00310001
RPRTMLTLOHGGFIF17CB,鳳鳴段,29.50,都市：住,100000,1056,持分移轉,00310001
RPPTMLTLOHGGFIF96CB,鳳鳴段,29.50,都市：住,100000,1056,持分移轉,00310001
RPVTMLTLOHGGFIF57CB,鳳鳴段,29.50,都市：住,100000,1056,持分移轉,00310001
RPOUMLTLOHGGFIF96CB,鳳鳴段,21.07,都市：住,100000,754,持分移轉,00310001
RPQUMLTLOHGGFIF17CB,鳳鳴段,21.07,都市：住,100000,754,持分移轉,00310001
RPRUMLTLOHGGFIF27CB,鳳鳴段,21.07,都市：住,100000,754,持分移轉,00310001
RPUUMLTLOHGGFIF57CB,鳳鳴段,21.07,都市：住,100000,754,持分移轉,00310001
RPSUMLTLOHGGFIF37CB,鳳鳴段,21.07,都市：住,100000,754,持分移轉,00310001
RPVUMLTLOHGGFIF67CB,鳳鳴段,21.07,都市：住,100000,754,持分移轉,00310001
RPTUMLTLOHGGFIF47CB,鳳鳴段,21.07,都市：住,100000,754,持分移轉,00310001
RPXUMLTLOHGGFIF87CB,鳳鳴段,21.07,都市：住,100000,754,持分移轉,00310001
RPWUMLTLOHGGFIF77CB,鳳鳴段,21.07,都市：住,100000,754,持分移轉,00310001
RPOVMLTLOHGGFIF07CB,鳳鳴段,22.85,都市：住,100000,818,持分移轉,00310001
RPPWMLTLOHGGFIF27CB,鳳鳴段,29.14,都市：住,100000,1043,持分移轉,00310001
RPOWMLTLOHGGFIF17CB,鳳鳴段,29.14,都市：住,100000,1043,持分移轉,00310001
RPWWMLTLOHGGFIF97CB,鳳鳴段,29.14,都市：住,100000,1043,持分移轉,00310001
RPRWMLTLOHGGFIF47CB,鳳鳴段,29.14,都市：住,100000,1043,持分移轉,00310001
RPSWMLTLOHGGFIF57CB,鳳鳴段,29.14,都市：住,100000,1043,持分移轉,00310001
RPONNLTLOHGGFIF98CB,鳳鳴段,29.20,都市：住,100000,1045,持分移轉,00310001
RPVWMLTLOHGGFIF87CB,鳳鳴段,29.14,都市：住,100000,1043,持分移轉,00310001
RPTWMLTLOHGGFIF67CB,鳳鳴段,29.14,都市：住,100000,1043,持分移轉,00310001
RPUWMLTLOHGGFIF77CB,鳳鳴段,29.14,都市：住,100000,1043,持分移轉,00310001
RPPNNLTLOHGGFIF09CB,鳳鳴段,29.20,都市：住,100000,1045,持分移轉,00310001
RPQNNLTLOHGGFIF56CB,鳳鳴段,29.20,都市：商,100000,1045,持分移轉,00310001
RPRNNLTLOHGGFIF66CB,鳳鳴段,29.20,都市：住,100000,1045,持分移轉,00310001
RPVNNLTLOHGGFIF07CB,鳳鳴段,29.20,都市：住,100000,1045,持分移轉,00310001
RPWNNLTLOHGGFIF17CB,鳳鳴段,29.20,都市：住,100000,1045,持分移轉,00310001
RPUNNLTLOHGGFIF96CB,鳳鳴段,29.20,都市：住,100000,1045,持分移轉,00310001
RPTNNLTLOHGGFIF86CB,鳳鳴段,29.20,都市：住,100000,1045,持分移轉,00310001
RPSNNLTLOHGGFIF76CB,鳳鳴段,29.20,都市：住,100000,1045,持分移轉,00310001
RPXNNLTLOHGGFIF27CB,鳳鳴段,29.20,都市：住,100000,1045,持分移轉,00310001
RPPONLTLOHGGFIF56CB,鳳鳴段,29.14,都市：住,100000,1043,持分移轉,00310001
RPQONLTLOHGGFIF66CB,鳳鳴段,29.14,都市：住,100000,1043,持分移轉,00310001
RPRONLTLOHGGFIF76CB,鳳鳴段,29.14,都市：住,100000,1043,持分移轉,00310001
RPWONLTLOHGGFIF27CB,鳳鳴段,29.14,都市：住,100000,1043,持分移轉,00310001
RPSONLTLOHGGFIF86CB,鳳鳴段,29.14,都市：住,100000,1043,持分移轉,00310001
RPUONLTLOHGGFIF07CB,鳳鳴段,29.14,都市：住,100000,1043,持分移轉,00310001
RPXONLTLOHGGFIF37CB,鳳鳴段,29.14,都市：住,100000,1043,持分移轉,00310001
RPPPNLTLOHGGFIF66CB,鳳鳴段,27.77,都市：住,100000,994,持分移轉,00310001
RPOPNLTLOHGGFIF56CB,鳳鳴段,27.77,都市：住,100000,994,持分移轉,00310001
RPRPNLTLOHGGFIF86CB,鳳鳴段,27.77,都市：住,100000,994,持分移轉,00310001
RPQPNLTLOHGGFIF76CB,鳳鳴段,27.77,都市：住,100000,994,持分移轉,00310001
RPTPNLTLOHGGFIF07CB,鳳鳴段,27.77,都市：住,100000,994,持分移轉,00310001
RPWPNLTLOHGGFIF37CB,鳳鳴段,27.77,都市：住,100000,994,持分移轉,00310001
RPUPNLTLOHGGFIF17CB,鳳鳴段,27.77,都市：住,100000,994,持分移轉,00310001
RPVPNLTLOHGGFIF27CB,鳳鳴段,27.77,都市：住,100000,994,持分移轉,00310001
RPXPNLTLOHGGFIF47CB,鳳鳴段,27.77,都市：住,100000,994,持分移轉,00310001
RPQPMLTLOHGGFHF56CB,永利段,1.67,都市：商,100000,1880,持分移轉,06970000
RPQPMLTLOHGGFHF56CB,永利段,1.45,都市：商,100000,1880,持分移轉,06980000
RPOPMLTLOHGGFHF98CB,水源段,1.63,都市：商,100000,856,持分移轉,02240000
RPQPMLTLOHGGFHF56CB,永利段,2.84,都市：商,100000,1880,持分移轉,06990000
RPOPMLTLOHGGFHF98CB,水源段,1.15,都市：商,100000,856,持分移轉,02280000
RPQPMLTLOHGGFHF56CB,永利段,2.43,都市：商,100000,1880,持分移轉,07000000
RPOPMLTLOHGGFHF98CB,水源段,.97,都市：商,100000,856,持分移轉,02310002
RPQPMLTLOHGGFHF56CB,永利段,2.39,都市：商,100000,1880,持分移轉,07040000
RPOPMLTLOHGGFHF98CB,水源段,.97,都市：商,100000,856,持分移轉,02310003
RPQPMLTLOHGGFHF56CB,永利段,.04,都市：商,100000,1880,持分移轉,07040001
RPOPMLTLOHGGFHF98CB,水源段,1.96,都市：商,100000,856,持分移轉,02310001
RPQPMLTLOHGGFHF56CB,永利段,.75,都市：商,100000,1880,持分移轉,07060000
RPOPMLTLOHGGFHF98CB,水源段,2.28,都市：商,100000,856,持分移轉,02310006
RPQPMLTLOHGGFHF56CB,永利段,1.54,都市：住,100000,1880,持分移轉,07060001
RPOPMLTLOHGGFHF98CB,水源段,.47,都市：商,100000,856,持分移轉,02270004
RPOPMLTLOHGGFHF98CB,水源段,.17,都市：商,100000,856,持分移轉,02270007
RPOPMLTLOHGGFHF98CB,水源段,.56,都市：商,100000,856,持分移轉,02270000
RPOPMLTLOHGGFHF98CB,水源段,.25,都市：商,100000,856,持分移轉,02270003
RPOPMLTLOHGGFHF98CB,水源段,.61,都市：商,100000,856,持分移轉,02310004
RPOPMLTLOHGGFHF98CB,水源段,.37,都市：商,100000,856,持分移轉,02270001
RPOPMLTLOHGGFHF98CB,水源段,.14,都市：商,100000,856,持分移轉,02270002
RPOPMLTLOHGGFHF98CB,水源段,.03,都市：商,100000,856,持分移轉,02300001
RPOPMLTLOHGGFHF98CB,水源段,.72,都市：商,100000,856,持分移轉,02290000
RPOPMLTLOHGGFHF98CB,水源段,.46,都市：商,100000,856,持分移轉,02300000
RPRPMLTLOHGGFHF66CB,永利段,1.32,都市：商,100000,1479,持分移轉,06970000
RPRPMLTLOHGGFHF66CB,永利段,1.14,都市：商,100000,1479,持分移轉,06980000
RPRPMLTLOHGGFHF66CB,永利段,2.23,都市：商,100000,1479,持分移轉,06990000
RPRPMLTLOHGGFHF66CB,永利段,1.91,都市：商,100000,1479,持分移轉,07000000
RPSPMLTLOHGGFHF76CB,景福段,1.10,都市：其他:都市計畫區內之市場用地,100000,577,持分移轉,03910001
RPRPMLTLOHGGFHF66CB,永利段,1.88,都市：商,100000,1479,持分移轉,07040000
RPRPMLTLOHGGFHF66CB,永利段,.03,都市：商,100000,1479,持分移轉,07040001
RPSPMLTLOHGGFHF76CB,景福段,2.19,都市：其他:都市計畫區內之市場用地,100000,577,持分移轉,03910002
RPRPMLTLOHGGFHF66CB,永利段,.59,都市：商,100000,1479,持分移轉,07060000
RPSPMLTLOHGGFHF76CB,景福段,1.64,都市：其他:都市計畫區內之市場用地,100000,577,持分移轉,03910003
RPRPMLTLOHGGFHF66CB,永利段,1.21,都市：住,100000,1479,持分移轉,07060001
RPSPMLTLOHGGFHF76CB,景福段,.64,都市：其他:都市計畫區內之市場用地,100000,577,持分移轉,03920001
RPSPMLTLOHGGFHF76CB,景福段,16.36,都市：其他:都市計畫區內之市場用地,100000,577,持分移轉,03950001
RPPPMLTLOHGGFHF09CB,水源段,.50,都市：商,100000,1142,持分移轉,02270001
RPPPMLTLOHGGFHF09CB,水源段,.19,都市：商,100000,1142,持分移轉,02270002
RPPPMLTLOHGGFHF09CB,水源段,.04,都市：商,100000,1142,持分移轉,02300001
RPPPMLTLOHGGFHF09CB,水源段,.95,都市：商,100000,1142,持分移轉,02290000
RPPPMLTLOHGGFHF09CB,水源段,.62,都市：商,100000,1142,持分移轉,02300000
RPPPMLTLOHGGFHF09CB,水源段,2.17,都市：商,100000,1142,持分移轉,02240000
RPPPMLTLOHGGFHF09CB,水源段,1.54,都市：商,100000,1142,持分移轉,02280000
RPPPMLTLOHGGFHF09CB,水源段,1.29,都市：商,100000,1142,持分移轉,02310002
RPPPMLTLOHGGFHF09CB,水源段,1.29,都市：商,100000,1142,持分移轉,02310003
RPPPMLTLOHGGFHF09CB,水源段,2.62,都市：商,100000,1142,持分移轉,02310001
RPPPMLTLOHGGFHF09CB,水源段,3.04,都市：商,100000,1142,持分移轉,02310006
RPPPMLTLOHGGFHF09CB,水源段,.62,都市：商,100000,1142,持分移轉,02270004
RPPPMLTLOHGGFHF09CB,水源段,.22,都市：商,100000,1142,持分移轉,02270007
RPPPMLTLOHGGFHF09CB,水源段,.75,都市：商,100000,1142,持分移轉,02270000
RPPPMLTLOHGGFHF09CB,水源段,.33,都市：商,100000,1142,持分移轉,02270003
RPPPMLTLOHGGFHF09CB,水源段,.81,都市：商,100000,1142,持分移轉,02310004
RPTPMLTLOHGGFHF86CB,景福段,1.10,都市：其他:都市計畫區內之市場用地,100000,577,持分移轉,03910001
RPTPMLTLOHGGFHF86CB,景福段,2.19,都市：其他:都市計畫區內之市場用地,100000,577,持分移轉,03910002
RPTPMLTLOHGGFHF86CB,景福段,1.64,都市：其他:都市計畫區內之市場用地,100000,577,持分移轉,03910003
RPTPMLTLOHGGFHF86CB,景福段,.64,都市：其他:都市計畫區內之市場用地,100000,577,持分移轉,03920001
RPTPMLTLOHGGFHF86CB,景福段,16.36,都市：其他:都市計畫區內之市場用地,100000,577,持分移轉,03950001
RPVPMLTLOHGGFHF07CB,景福段,1.12,都市：其他:都市計畫區內之市場用地,100000,592,持分移轉,03910001
RPVPMLTLOHGGFHF07CB,景福段,2.25,都市：其他:都市計畫區內之市場用地,100000,592,持分移轉,03910002
RPVPMLTLOHGGFHF07CB,景福段,1.69,都市：其他:都市計畫區內之市場用地,100000,592,持分移轉,03910003
RPVPMLTLOHGGFHF07CB,景福段,.66,都市：其他:都市計畫區內之市場用地,100000,592,持分移轉,03920001
RPVPMLTLOHGGFHF07CB,景福段,16.78,都市：其他:都市計畫區內之市場用地,100000,592,持分移轉,03950001
RPUPMLTLOHGGFHF96CB,景福段,1.10,都市：其他:都市計畫區內之市場用地,100000,577,持分移轉,03910001
RPUPMLTLOHGGFHF96CB,景福段,2.19,都市：其他:都市計畫區內之市場用地,100000,577,持分移轉,03910002
RPUPMLTLOHGGFHF96CB,景福段,1.64,都市：其他:都市計畫區內之市場用地,100000,577,持分移轉,03910003
RPOQMLTLOHGGFHF09CB,景福段,1.11,都市：其他:都市計畫區內之市場用地,100000,582,持分移轉,03910001
RPUPMLTLOHGGFHF96CB,景福段,.64,都市：其他:都市計畫區內之市場用地,100000,577,持分移轉,03920001
RPOQMLTLOHGGFHF09CB,景福段,2.21,都市：其他:都市計畫區內之市場用地,100000,582,持分移轉,03910002
RPUPMLTLOHGGFHF96CB,景福段,16.36,都市：其他:都市計畫區內之市場用地,100000,577,持分移轉,03950001
RPOQMLTLOHGGFHF09CB,景福段,1.66,都市：其他:都市計畫區內之市場用地,100000,582,持分移轉,03910003
RPOQMLTLOHGGFHF09CB,景福段,.65,都市：其他:都市計畫區內之市場用地,100000,582,持分移轉,03920001
RPOQMLTLOHGGFHF09CB,景福段,16.50,都市：其他:都市計畫區內之市場用地,100000,582,持分移轉,03950001
RPPQMLTLOHGGFHF56CB,景福段,1.10,都市：其他:都市計畫區內之市場用地,100000,577,持分移轉,03910001
RPPQMLTLOHGGFHF56CB,景福段,2.19,都市：其他:都市計畫區內之市場用地,100000,577,持分移轉,03910002
RPPQMLTLOHGGFHF56CB,景福段,1.64,都市：其他:都市計畫區內之市場用地,100000,577,持分移轉,03910003
RPPQMLTLOHGGFHF56CB,景福段,.64,都市：其他:都市計畫區內之市場用地,100000,577,持分移轉,03920001
RPPQMLTLOHGGFHF56CB,景福段,16.36,都市：其他:都市計畫區內之市場用地,100000,577,持分移轉,03950001
RPRQMLTLOHGGFHF76CB,景福段,1.10,都市：其他:都市計畫區內之市場用地,100000,577,持分移轉,03910001
RPRQMLTLOHGGFHF76CB,景福段,2.19,都市：其他:都市計畫區內之市場用地,100000,577,持分移轉,03910002
RPRQMLTLOHGGFHF76CB,景福段,1.64,都市：其他:都市計畫區內之市場用地,100000,577,持分移轉,03910003
RPRQMLTLOHGGFHF76CB,景福段,.64,都市：其他:都市計畫區內之市場用地,100000,577,持分移轉,03920001
RPRQMLTLOHGGFHF76CB,景福段,16.36,都市：其他:都市計畫區內之市場用地,100000,577,持分移轉,03950001
RPUQMLTLOHGGFHF07CB,景福段,.86,都市：其他:都市計畫區內之市場用地,100000,454,持分移轉,03910001
RPUQMLTLOHGGFHF07CB,景福段,1.72,都市：其他:都市計畫區內之市場用地,100000,454,持分移轉,03910002
RPUQMLTLOHGGFHF07CB,景福段,1.29,都市：其他:都市計畫區內之市場用地,100000,454,持分移轉,03910003
RPUQMLTLOHGGFHF07CB,景福段,.50,都市：其他:都市計畫區內之市場用地,100000,454,持分移轉,03920001
RPUQMLTLOHGGFHF07CB,景福段,12.87,都市：其他:都市計畫區內之市場用地,100000,454,持分移轉,03950001
RPVQMLTLOHGGFHF17CB,景福段,1.10,都市：其他:都市計畫區內之市場用地,100000,577,持分移轉,03910001
RPSQMLTLOHGGFHF86CB,景福段,1.10,都市：其他:都市計畫區內之市場用地,100000,577,持分移轉,03910001
RPVQMLTLOHGGFHF17CB,景福段,2.19,都市：其他:都市計畫區內之市場用地,100000,577,持分移轉,03910002
RPSQMLTLOHGGFHF86CB,景福段,2.19,都市：其他:都市計畫區內之市場用地,100000,577,持分移轉,03910002
RPVQMLTLOHGGFHF17CB,景福段,1.64,都市：其他:都市計畫區內之市場用地,100000,577,持分移轉,03910003
RPSQMLTLOHGGFHF86CB,景福段,1.64,都市：其他:都市計畫區內之市場用地,100000,577,持分移轉,03910003
RPVQMLTLOHGGFHF17CB,景福段,.64,都市：其他:都市計畫區內之市場用地,100000,577,持分移轉,03920001
RPSQMLTLOHGGFHF86CB,景福段,.64,都市：其他:都市計畫區內之市場用地,100000,577,持分移轉,03920001
RPVQMLTLOHGGFHF17CB,景福段,16.36,都市：其他:都市計畫區內之市場用地,100000,577,持分移轉,03950001
RPSQMLTLOHGGFHF86CB,景福段,16.36,都市：其他:都市計畫區內之市場用地,100000,577,持分移轉,03950001
RPWQMLTLOHGGFHF27CB,景福段,1.10,都市：其他:都市計畫區內之市場用地,100000,577,持分移轉,03910001
RPWQMLTLOHGGFHF27CB,景福段,2.19,都市：其他:都市計畫區內之市場用地,100000,577,持分移轉,03910002
RPWQMLTLOHGGFHF27CB,景福段,1.64,都市：其他:都市計畫區內之市場用地,100000,577,持分移轉,03910003
RPWQMLTLOHGGFHF27CB,景福段,.64,都市：其他:都市計畫區內之市場用地,100000,577,持分移轉,03920001
RPWQMLTLOHGGFHF27CB,景福段,16.36,都市：其他:都市計畫區內之市場用地,100000,577,持分移轉,03950001
RPXQMLTLOHGGFHF37CB,景福段,1.12,都市：其他:都市計畫區內之市場用地,100000,592,持分移轉,03910001
RPXQMLTLOHGGFHF37CB,景福段,2.25,都市：其他:都市計畫區內之市場用地,100000,592,持分移轉,03910002
RPXQMLTLOHGGFHF37CB,景福段,1.69,都市：其他:都市計畫區內之市場用地,100000,592,持分移轉,03910003
RPXQMLTLOHGGFHF37CB,景福段,.66,都市：其他:都市計畫區內之市場用地,100000,592,持分移轉,03920001
RPXQMLTLOHGGFHF37CB,景福段,16.78,都市：其他:都市計畫區內之市場用地,100000,592,持分移轉,03950001
RPPRMLTLOHGGFHF66CB,景福段,1.10,都市：其他:都市計畫區內之市場用地,100000,577,持分移轉,03910001
RPPRMLTLOHGGFHF66CB,景福段,2.19,都市：其他:都市計畫區內之市場用地,100000,577,持分移轉,03910002
RPPRMLTLOHGGFHF66CB,景福段,1.64,都市：其他:都市計畫區內之市場用地,100000,577,持分移轉,03910003
RPPRMLTLOHGGFHF66CB,景福段,.64,都市：其他:都市計畫區內之市場用地,100000,577,持分移轉,03920001
RPPRMLTLOHGGFHF66CB,景福段,16.36,都市：其他:都市計畫區內之市場用地,100000,577,持分移轉,03950001
RPORMLTLOHGGFHF56CB,景福段,1.10,都市：其他:都市計畫區內之市場用地,100000,577,持分移轉,03910001
RPORMLTLOHGGFHF56CB,景福段,2.19,都市：其他:都市計畫區內之市場用地,100000,577,持分移轉,03910002
RPORMLTLOHGGFHF56CB,景福段,1.64,都市：其他:都市計畫區內之市場用地,100000,577,持分移轉,03910003
RPORMLTLOHGGFHF56CB,景福段,.64,都市：其他:都市計畫區內之市場用地,100000,577,持分移轉,03920001
RPORMLTLOHGGFHF56CB,景福段,16.36,都市：其他:都市計畫區內之市場用地,100000,577,持分移轉,03950001
RPQRMLTLOHGGFHF76CB,景福段,1.10,都市：其他:都市計畫區內之市場用地,100000,577,持分移轉,03910001
RPQRMLTLOHGGFHF76CB,景福段,2.19,都市：其他:都市計畫區內之市場用地,100000,577,持分移轉,03910002
RPQRMLTLOHGGFHF76CB,景福段,1.64,都市：其他:都市計畫區內之市場用地,100000,577,持分移轉,03910003
RPRRMLTLOHGGFHF86CB,景福段,1.10,都市：其他:都市計畫區內之市場用地,100000,577,持分移轉,03910001
RPQRMLTLOHGGFHF76CB,景福段,.64,都市：其他:都市計畫區內之市場用地,100000,577,持分移轉,03920001
RPRRMLTLOHGGFHF86CB,景福段,2.19,都市：其他:都市計畫區內之市場用地,100000,577,持分移轉,03910002
RPQRMLTLOHGGFHF76CB,景福段,16.36,都市：其他:都市計畫區內之市場用地,100000,577,持分移轉,03950001
RPRRMLTLOHGGFHF86CB,景福段,1.64,都市：其他:都市計畫區內之市場用地,100000,577,持分移轉,03910003
RPRRMLTLOHGGFHF86CB,景福段,.64,都市：其他:都市計畫區內之市場用地,100000,577,持分移轉,03920001
RPRRMLTLOHGGFHF86CB,景福段,16.36,都市：其他:都市計畫區內之市場用地,100000,577,持分移轉,03950001
RPWRMLTLOHGGFHF37CB,景福段,1.10,都市：其他:都市計畫區內之市場用地,100000,577,持分移轉,03910001
RPWRMLTLOHGGFHF37CB,景福段,2.19,都市：其他:都市計畫區內之市場用地,100000,577,持分移轉,03910002
RPWRMLTLOHGGFHF37CB,景福段,1.64,都市：其他:都市計畫區內之市場用地,100000,577,持分移轉,03910003
RPWRMLTLOHGGFHF37CB,景福段,.64,都市：其他:都市計畫區內之市場用地,100000,577,持分移轉,03920001
RPWRMLTLOHGGFHF37CB,景福段,16.36,都市：其他:都市計畫區內之市場用地,100000,577,持分移轉,03950001
RPXRMLTLOHGGFHF47CB,景福段,1.10,都市：其他:都市計畫區內之市場用地,100000,577,持分移轉,03910001
RPXRMLTLOHGGFHF47CB,景福段,2.19,都市：其他:都市計畫區內之市場用地,100000,577,持分移轉,03910002
RPXRMLTLOHGGFHF47CB,景福段,1.64,都市：其他:都市計畫區內之市場用地,100000,577,持分移轉,03910003
RPVRMLTLOHGGFHF27CB,景福段,1.12,都市：其他:都市計畫區內之市場用地,100000,592,持分移轉,03910001
RPXRMLTLOHGGFHF47CB,景福段,.64,都市：其他:都市計畫區內之市場用地,100000,577,持分移轉,03920001
RPVRMLTLOHGGFHF27CB,景福段,2.25,都市：其他:都市計畫區內之市場用地,100000,592,持分移轉,03910002
RPVRMLTLOHGGFHF27CB,景福段,1.69,都市：其他:都市計畫區內之市場用地,100000,592,持分移轉,03910003
RPSRMLTLOHGGFHF96CB,景福段,1.10,都市：其他:都市計畫區內之市場用地,100000,577,持分移轉,03910001
RPVRMLTLOHGGFHF27CB,景福段,.66,都市：其他:都市計畫區內之市場用地,100000,592,持分移轉,03920001
RPSRMLTLOHGGFHF96CB,景福段,2.19,都市：其他:都市計畫區內之市場用地,100000,577,持分移轉,03910002
RPVRMLTLOHGGFHF27CB,景福段,16.78,都市：其他:都市計畫區內之市場用地,100000,592,持分移轉,03950001
RPSRMLTLOHGGFHF96CB,景福段,1.64,都市：其他:都市計畫區內之市場用地,100000,577,持分移轉,03910003
RPSRMLTLOHGGFHF96CB,景福段,.64,都市：其他:都市計畫區內之市場用地,100000,577,持分移轉,03920001
RPSRMLTLOHGGFHF96CB,景福段,16.36,都市：其他:都市計畫區內之市場用地,100000,577,持分移轉,03950001
RPXRMLTLOHGGFHF47CB,景福段,16.36,都市：其他:都市計畫區內之市場用地,100000,577,持分移轉,03950001
RPURMLTLOHGGFHF17CB,景福段,1.10,都市：其他:都市計畫區內之市場用地,100000,577,持分移轉,03910001
RPURMLTLOHGGFHF17CB,景福段,2.19,都市：其他:都市計畫區內之市場用地,100000,577,持分移轉,03910002
RPURMLTLOHGGFHF17CB,景福段,1.64,都市：其他:都市計畫區內之市場用地,100000,577,持分移轉,03910003
RPURMLTLOHGGFHF17CB,景福段,.64,都市：其他:都市計畫區內之市場用地,100000,577,持分移轉,03920001
RPURMLTLOHGGFHF17CB,景福段,16.36,都市：其他:都市計畫區內之市場用地,100000,577,持分移轉,03950001
RPOSMLTLOHGGFHF66CB,景福段,1.10,都市：其他:都市計畫區內之市場用地,100000,581,持分移轉,03910001
RPOSMLTLOHGGFHF66CB,景福段,2.21,都市：其他:都市計畫區內之市場用地,100000,581,持分移轉,03910002
RPOSMLTLOHGGFHF66CB,景福段,1.66,都市：其他:都市計畫區內之市場用地,100000,581,持分移轉,03910003
RPOSMLTLOHGGFHF66CB,景福段,.64,都市：其他:都市計畫區內之市場用地,100000,581,持分移轉,03920001
RPOSMLTLOHGGFHF66CB,景福段,16.47,都市：其他:都市計畫區內之市場用地,100000,581,持分移轉,03950001
RPRSMLTLOHGGFHF96CB,景福段,1.10,都市：其他:都市計畫區內之市場用地,100000,581,持分移轉,03910001
RPRSMLTLOHGGFHF96CB,景福段,2.21,都市：其他:都市計畫區內之市場用地,100000,581,持分移轉,03910002
RPRSMLTLOHGGFHF96CB,景福段,1.66,都市：其他:都市計畫區內之市場用地,100000,581,持分移轉,03910003
RPRSMLTLOHGGFHF96CB,景福段,.64,都市：其他:都市計畫區內之市場用地,100000,581,持分移轉,03920001
RPRSMLTLOHGGFHF96CB,景福段,16.47,都市：其他:都市計畫區內之市場用地,100000,581,持分移轉,03950001
RPSSMLTLOHGGFHF07CB,景福段,1.10,都市：其他:都市計畫區內之市場用地,100000,577,持分移轉,03910001
RPSSMLTLOHGGFHF07CB,景福段,2.19,都市：其他:都市計畫區內之市場用地,100000,577,持分移轉,03910002
RPSSMLTLOHGGFHF07CB,景福段,1.64,都市：其他:都市計畫區內之市場用地,100000,577,持分移轉,03910003
RPSSMLTLOHGGFHF07CB,景福段,.64,都市：其他:都市計畫區內之市場用地,100000,577,持分移轉,03920001
RPSSMLTLOHGGFHF07CB,景福段,16.36,都市：其他:都市計畫區內之市場用地,100000,577,持分移轉,03950001
RPUSMLTLOHGGFHF27CB,景福段,1.10,都市：其他:都市計畫區內之市場用地,100000,577,持分移轉,03910001
RPUSMLTLOHGGFHF27CB,景福段,2.19,都市：其他:都市計畫區內之市場用地,100000,577,持分移轉,03910002
RPUSMLTLOHGGFHF27CB,景福段,1.64,都市：其他:都市計畫區內之市場用地,100000,577,持分移轉,03910003
RPUSMLTLOHGGFHF27CB,景福段,.64,都市：其他:都市計畫區內之市場用地,100000,577,持分移轉,03920001
RPUSMLTLOHGGFHF27CB,景福段,16.36,都市：其他:都市計畫區內之市場用地,100000,577,持分移轉,03950001
RPTSMLTLOHGGFHF17CB,景福段,1.12,都市：其他:都市計畫區內之市場用地,100000,592,持分移轉,03910001
RPTSMLTLOHGGFHF17CB,景福段,2.25,都市：其他:都市計畫區內之市場用地,100000,592,持分移轉,03910002
RPTSMLTLOHGGFHF17CB,景福段,1.69,都市：其他:都市計畫區內之市場用地,100000,592,持分移轉,03910003
RPTSMLTLOHGGFHF17CB,景福段,.66,都市：其他:都市計畫區內之市場用地,100000,592,持分移轉,03920001
RPTSMLTLOHGGFHF17CB,景福段,16.78,都市：其他:都市計畫區內之市場用地,100000,592,持分移轉,03950001
RPWSMLTLOHGGFHF47CB,景福段,1.12,都市：其他:都市計畫區內之市場用地,100000,592,持分移轉,03910001
RPWSMLTLOHGGFHF47CB,景福段,2.25,都市：其他:都市計畫區內之市場用地,100000,592,持分移轉,03910002
RPWSMLTLOHGGFHF47CB,景福段,1.69,都市：其他:都市計畫區內之市場用地,100000,592,持分移轉,03910003
RPWSMLTLOHGGFHF47CB,景福段,.66,都市：其他:都市計畫區內之市場用地,100000,592,持分移轉,03920001
RPWSMLTLOHGGFHF47CB,景福段,16.78,都市：其他:都市計畫區內之市場用地,100000,592,持分移轉,03950001
RPPTMLTLOHGGFHF86CB,景福段,1.10,都市：其他:都市計畫區內之市場用地,100000,577,持分移轉,03910001
RPPTMLTLOHGGFHF86CB,景福段,2.19,都市：其他:都市計畫區內之市場用地,100000,577,持分移轉,03910002
RPPTMLTLOHGGFHF86CB,景福段,1.64,都市：其他:都市計畫區內之市場用地,100000,577,持分移轉,03910003
RPPTMLTLOHGGFHF86CB,景福段,.64,都市：其他:都市計畫區內之市場用地,100000,577,持分移轉,03920001
RPOTMLTLOHGGFHF76CB,景福段,1.10,都市：其他:都市計畫區內之市場用地,100000,577,持分移轉,03910001
RPPTMLTLOHGGFHF86CB,景福段,16.36,都市：其他:都市計畫區內之市場用地,100000,577,持分移轉,03950001
RPOTMLTLOHGGFHF76CB,景福段,2.19,都市：其他:都市計畫區內之市場用地,100000,577,持分移轉,03910002
RPOTMLTLOHGGFHF76CB,景福段,1.64,都市：其他:都市計畫區內之市場用地,100000,577,持分移轉,03910003
RPOTMLTLOHGGFHF76CB,景福段,.64,都市：其他:都市計畫區內之市場用地,100000,577,持分移轉,03920001
RPOTMLTLOHGGFHF76CB,景福段,16.36,都市：其他:都市計畫區內之市場用地,100000,577,持分移轉,03950001
RPXSMLTLOHGGFHF57CB,景福段,.83,都市：其他:都市計畫區內之市場用地,100000,439,持分移轉,03910001
RPXSMLTLOHGGFHF57CB,景福段,1.67,都市：其他:都市計畫區內之市場用地,100000,439,持分移轉,03910002
RPXSMLTLOHGGFHF57CB,景福段,1.25,都市：其他:都市計畫區內之市場用地,100000,439,持分移轉,03910003
RPXSMLTLOHGGFHF57CB,景福段,.49,都市：其他:都市計畫區內之市場用地,100000,439,持分移轉,03920001
RPXSMLTLOHGGFHF57CB,景福段,12.45,都市：其他:都市計畫區內之市場用地,100000,439,持分移轉,03950001
RPQTMLTLOHGGFHF96CB,景福段,1.10,都市：其他:都市計畫區內之市場用地,100000,581,持分移轉,03910001
RPQTMLTLOHGGFHF96CB,景福段,2.21,都市：其他:都市計畫區內之市場用地,100000,581,持分移轉,03910002
RPQTMLTLOHGGFHF96CB,景福段,1.66,都市：其他:都市計畫區內之市場用地,100000,581,持分移轉,03910003
RPQTMLTLOHGGFHF96CB,景福段,.64,都市：其他:都市計畫區內之市場用地,100000,581,持分移轉,03920001
RPQTMLTLOHGGFHF96CB,景福段,16.47,都市：其他:都市計畫區內之市場用地,100000,581,持分移轉,03950001
RPRTMLTLOHGGFHF07CB,景福段,1.10,都市：其他:都市計畫區內之市場用地,100000,581,持分移轉,03910001
RPRTMLTLOHGGFHF07CB,景福段,2.21,都市：其他:都市計畫區內之市場用地,100000,581,持分移轉,03910002
RPRTMLTLOHGGFHF07CB,景福段,1.66,都市：其他:都市計畫區內之市場用地,100000,581,持分移轉,03910003
RPRTMLTLOHGGFHF07CB,景福段,.64,都市：其他:都市計畫區內之市場用地,100000,581,持分移轉,03920001
RPRTMLTLOHGGFHF07CB,景福段,16.47,都市：其他:都市計畫區內之市場用地,100000,581,持分移轉,03950001
RPTTMLTLOHGGFHF27CB,景福段,.83,都市：其他:都市計畫區內之市場用地,100000,439,持分移轉,03910001
RPTTMLTLOHGGFHF27CB,景福段,1.67,都市：其他:都市計畫區內之市場用地,100000,439,持分移轉,03910002
RPTTMLTLOHGGFHF27CB,景福段,1.25,都市：其他:都市計畫區內之市場用地,100000,439,持分移轉,03910003
RPTTMLTLOHGGFHF27CB,景福段,.49,都市：其他:都市計畫區內之市場用地,100000,439,持分移轉,03920001
RPTTMLTLOHGGFHF27CB,景福段,12.45,都市：其他:都市計畫區內之市場用地,100000,439,持分移轉,03950001
RPSTMLTLOHGGFHF17CB,景福段,1.10,都市：其他:都市計畫區內之市場用地,100000,581,持分移轉,03910001
RPSTMLTLOHGGFHF17CB,景福段,2.21,都市：其他:都市計畫區內之市場用地,100000,581,持分移轉,03910002
RPSTMLTLOHGGFHF17CB,景福段,1.66,都市：其他:都市計畫區內之市場用地,100000,581,持分移轉,03910003
RPSTMLTLOHGGFHF17CB,景福段,.64,都市：其他:都市計畫區內之市場用地,100000,581,持分移轉,03920001
RPSTMLTLOHGGFHF17CB,景福段,16.47,都市：其他:都市計畫區內之市場用地,100000,581,持分移轉,03950001
RPVTMLTLOHGGFHF47CB,景福段,.86,都市：其他:都市計畫區內之市場用地,100000,454,持分移轉,03910001
RPVTMLTLOHGGFHF47CB,景福段,1.72,都市：其他:都市計畫區內之市場用地,100000,454,持分移轉,03910002
RPUTMLTLOHGGFHF37CB,景福段,.86,都市：其他:都市計畫區內之市場用地,100000,454,持分移轉,03910001
RPVTMLTLOHGGFHF47CB,景福段,1.29,都市：其他:都市計畫區內之市場用地,100000,454,持分移轉,03910003
RPUTMLTLOHGGFHF37CB,景福段,1.72,都市：其他:都市計畫區內之市場用地,100000,454,持分移轉,03910002
RPVTMLTLOHGGFHF47CB,景福段,.50,都市：其他:都市計畫區內之市場用地,100000,454,持分移轉,03920001
RPUTMLTLOHGGFHF37CB,景福段,1.29,都市：其他:都市計畫區內之市場用地,100000,454,持分移轉,03910003
RPVTMLTLOHGGFHF47CB,景福段,12.87,都市：其他:都市計畫區內之市場用地,100000,454,持分移轉,03950001
RPUTMLTLOHGGFHF37CB,景福段,.50,都市：其他:都市計畫區內之市場用地,100000,454,持分移轉,03920001
RPUTMLTLOHGGFHF37CB,景福段,12.87,都市：其他:都市計畫區內之市場用地,100000,454,持分移轉,03950001
RPPUMLTLOHGGFHF96CB,景福段,.88,都市：其他:都市計畫區內之市場用地,100000,461,持分移轉,03910001
RPPUMLTLOHGGFHF96CB,景福段,1.75,都市：其他:都市計畫區內之市場用地,100000,461,持分移轉,03910002
RPPUMLTLOHGGFHF96CB,景福段,1.31,都市：其他:都市計畫區內之市場用地,100000,461,持分移轉,03910003
RPWTMLTLOHGGFHF57CB,景福段,.86,都市：其他:都市計畫區內之市場用地,100000,454,持分移轉,03910001
RPPUMLTLOHGGFHF96CB,景福段,.51,都市：其他:都市計畫區內之市場用地,100000,461,持分移轉,03920001
RPWTMLTLOHGGFHF57CB,景福段,1.72,都市：其他:都市計畫區內之市場用地,100000,454,持分移轉,03910002
RPPUMLTLOHGGFHF96CB,景福段,13.07,都市：其他:都市計畫區內之市場用地,100000,461,持分移轉,03950001
RPWTMLTLOHGGFHF57CB,景福段,1.29,都市：其他:都市計畫區內之市場用地,100000,454,持分移轉,03910003
RPOUMLTLOHGGFHF86CB,景福段,.86,都市：其他:都市計畫區內之市場用地,100000,454,持分移轉,03910001
RPWTMLTLOHGGFHF57CB,景福段,.50,都市：其他:都市計畫區內之市場用地,100000,454,持分移轉,03920001
RPOUMLTLOHGGFHF86CB,景福段,1.72,都市：其他:都市計畫區內之市場用地,100000,454,持分移轉,03910002
RPWTMLTLOHGGFHF57CB,景福段,12.87,都市：其他:都市計畫區內之市場用地,100000,454,持分移轉,03950001
RPOUMLTLOHGGFHF86CB,景福段,1.29,都市：其他:都市計畫區內之市場用地,100000,454,持分移轉,03910003
RPOUMLTLOHGGFHF86CB,景福段,.50,都市：其他:都市計畫區內之市場用地,100000,454,持分移轉,03920001
RPOUMLTLOHGGFHF86CB,景福段,12.87,都市：其他:都市計畫區內之市場用地,100000,454,持分移轉,03950001
RPQUMLTLOHGGFHF07CB,景福段,.85,都市：其他:都市計畫區內之市場用地,100000,446,持分移轉,03910001
RPQUMLTLOHGGFHF07CB,景福段,1.69,都市：其他:都市計畫區內之市場用地,100000,446,持分移轉,03910002
RPQUMLTLOHGGFHF07CB,景福段,1.27,都市：其他:都市計畫區內之市場用地,100000,446,持分移轉,03910003
RPQUMLTLOHGGFHF07CB,景福段,.49,都市：其他:都市計畫區內之市場用地,100000,446,持分移轉,03920001
RPQUMLTLOHGGFHF07CB,景福段,12.64,都市：其他:都市計畫區內之市場用地,100000,446,持分移轉,03950001
RPRUMLTLOHGGFHF17CB,景福段,.88,都市：其他:都市計畫區內之市場用地,100000,461,持分移轉,03910001
RPRUMLTLOHGGFHF17CB,景福段,1.75,都市：其他:都市計畫區內之市場用地,100000,461,持分移轉,03910002
RPRUMLTLOHGGFHF17CB,景福段,1.31,都市：其他:都市計畫區內之市場用地,100000,461,持分移轉,03910003
RPRUMLTLOHGGFHF17CB,景福段,.51,都市：其他:都市計畫區內之市場用地,100000,461,持分移轉,03920001
RPRUMLTLOHGGFHF17CB,景福段,13.07,都市：其他:都市計畫區內之市場用地,100000,461,持分移轉,03950001
RPSUMLTLOHGGFHF27CB,景福段,.88,都市：其他:都市計畫區內之市場用地,100000,461,持分移轉,03910001
RPSUMLTLOHGGFHF27CB,景福段,1.75,都市：其他:都市計畫區內之市場用地,100000,461,持分移轉,03910002
RPSUMLTLOHGGFHF27CB,景福段,1.31,都市：其他:都市計畫區內之市場用地,100000,461,持分移轉,03910003
RPSUMLTLOHGGFHF27CB,景福段,.51,都市：其他:都市計畫區內之市場用地,100000,461,持分移轉,03920001
RPSUMLTLOHGGFHF27CB,景福段,13.07,都市：其他:都市計畫區內之市場用地,100000,461,持分移轉,03950001
RPTUMLTLOHGGFHF37CB,景福段,.88,都市：其他:都市計畫區內之市場用地,100000,461,持分移轉,03910001
RPTUMLTLOHGGFHF37CB,景福段,1.75,都市：其他:都市計畫區內之市場用地,100000,461,持分移轉,03910002
RPTUMLTLOHGGFHF37CB,景福段,1.31,都市：其他:都市計畫區內之市場用地,100000,461,持分移轉,03910003
RPTUMLTLOHGGFHF37CB,景福段,.51,都市：其他:都市計畫區內之市場用地,100000,461,持分移轉,03920001
RPTUMLTLOHGGFHF37CB,景福段,13.07,都市：其他:都市計畫區內之市場用地,100000,461,持分移轉,03950001
RPUUMLTLOHGGFHF47CB,景福段,.88,都市：其他:都市計畫區內之市場用地,100000,461,持分移轉,03910001
RPUUMLTLOHGGFHF47CB,景福段,1.75,都市：其他:都市計畫區內之市場用地,100000,461,持分移轉,03910002
RPUUMLTLOHGGFHF47CB,景福段,1.31,都市：其他:都市計畫區內之市場用地,100000,461,持分移轉,03910003
RPUUMLTLOHGGFHF47CB,景福段,.51,都市：其他:都市計畫區內之市場用地,100000,461,持分移轉,03920001
RPUUMLTLOHGGFHF47CB,景福段,13.07,都市：其他:都市計畫區內之市場用地,100000,461,持分移轉,03950001
RPXUMLTLOHGGFHF77CB,景福段,.88,都市：其他:都市計畫區內之市場用地,100000,461,持分移轉,03910001
RPXUMLTLOHGGFHF77CB,景福段,1.75,都市：其他:都市計畫區內之市場用地,100000,461,持分移轉,03910002
RPXUMLTLOHGGFHF77CB,景福段,1.31,都市：其他:都市計畫區內之市場用地,100000,461,持分移轉,03910003
RPXUMLTLOHGGFHF77CB,景福段,.51,都市：其他:都市計畫區內之市場用地,100000,461,持分移轉,03920001
RPXUMLTLOHGGFHF77CB,景福段,13.07,都市：其他:都市計畫區內之市場用地,100000,461,持分移轉,03950001
RPVUMLTLOHGGFHF57CB,景福段,.85,都市：其他:都市計畫區內之市場用地,100000,446,持分移轉,03910001
RPVUMLTLOHGGFHF57CB,景福段,1.69,都市：其他:都市計畫區內之市場用地,100000,446,持分移轉,03910002
RPVUMLTLOHGGFHF57CB,景福段,1.27,都市：其他:都市計畫區內之市場用地,100000,446,持分移轉,03910003
RPVUMLTLOHGGFHF57CB,景福段,.49,都市：其他:都市計畫區內之市場用地,100000,446,持分移轉,03920001
RPVUMLTLOHGGFHF57CB,景福段,12.64,都市：其他:都市計畫區內之市場用地,100000,446,持分移轉,03950001
RPOWMLTLOHGGFHF07CB,景福段,.88,都市：其他:都市計畫區內之市場用地,100000,461,持分移轉,03910001
RPOWMLTLOHGGFHF07CB,景福段,1.75,都市：其他:都市計畫區內之市場用地,100000,461,持分移轉,03910002
RPOWMLTLOHGGFHF07CB,景福段,1.31,都市：其他:都市計畫區內之市場用地,100000,461,持分移轉,03910003
RPOVMLTLOHGGFHF96CB,景福段,.85,都市：其他:都市計畫區內之市場用地,100000,446,持分移轉,03910001
RPOWMLTLOHGGFHF07CB,景福段,.51,都市：其他:都市計畫區內之市場用地,100000,461,持分移轉,03920001
RPOVMLTLOHGGFHF96CB,景福段,1.69,都市：其他:都市計畫區內之市場用地,100000,446,持分移轉,03910002
RPOWMLTLOHGGFHF07CB,景福段,13.07,都市：其他:都市計畫區內之市場用地,100000,461,持分移轉,03950001
RPOVMLTLOHGGFHF96CB,景福段,1.27,都市：其他:都市計畫區內之市場用地,100000,446,持分移轉,03910003
RPPVMLTLOHGGFHF07CB,景福段,.88,都市：其他:都市計畫區內之市場用地,100000,461,持分移轉,03910001
RPOVMLTLOHGGFHF96CB,景福段,.49,都市：其他:都市計畫區內之市場用地,100000,446,持分移轉,03920001
RPPVMLTLOHGGFHF07CB,景福段,1.75,都市：其他:都市計畫區內之市場用地,100000,461,持分移轉,03910002
RPOVMLTLOHGGFHF96CB,景福段,12.64,都市：其他:都市計畫區內之市場用地,100000,446,持分移轉,03950001
RPPVMLTLOHGGFHF07CB,景福段,1.31,都市：其他:都市計畫區內之市場用地,100000,461,持分移轉,03910003
RPXVMLTLOHGGFHF87CB,景福段,.88,都市：其他:都市計畫區內之市場用地,100000,461,持分移轉,03910001
RPPVMLTLOHGGFHF07CB,景福段,.51,都市：其他:都市計畫區內之市場用地,100000,461,持分移轉,03920001
RPXVMLTLOHGGFHF87CB,景福段,1.75,都市：其他:都市計畫區內之市場用地,100000,461,持分移轉,03910002
RPPVMLTLOHGGFHF07CB,景福段,13.07,都市：其他:都市計畫區內之市場用地,100000,461,持分移轉,03950001
RPXVMLTLOHGGFHF87CB,景福段,1.31,都市：其他:都市計畫區內之市場用地,100000,461,持分移轉,03910003
RPXVMLTLOHGGFHF87CB,景福段,.51,都市：其他:都市計畫區內之市場用地,100000,461,持分移轉,03920001
RPXVMLTLOHGGFHF87CB,景福段,13.07,都市：其他:都市計畫區內之市場用地,100000,461,持分移轉,03950001
RPPWMLTLOHGGFHF17CB,景福段,.85,都市：其他:都市計畫區內之市場用地,100000,446,持分移轉,03910001
RPPWMLTLOHGGFHF17CB,景福段,1.69,都市：其他:都市計畫區內之市場用地,100000,446,持分移轉,03910002
RPPWMLTLOHGGFHF17CB,景福段,1.27,都市：其他:都市計畫區內之市場用地,100000,446,持分移轉,03910003
RPPWMLTLOHGGFHF17CB,景福段,.49,都市：其他:都市計畫區內之市場用地,100000,446,持分移轉,03920001
RPPWMLTLOHGGFHF17CB,景福段,12.64,都市：其他:都市計畫區內之市場用地,100000,446,持分移轉,03950001
RPSWMLTLOHGGFHF47CB,景福段,.83,都市：其他:都市計畫區內之市場用地,100000,439,持分移轉,03910001
RPVWMLTLOHGGFHF77CB,景福段,.86,都市：其他:都市計畫區內之市場用地,100000,454,持分移轉,03910001
RPSWMLTLOHGGFHF47CB,景福段,1.67,都市：其他:都市計畫區內之市場用地,100000,439,持分移轉,03910002
RPVWMLTLOHGGFHF77CB,景福段,1.72,都市：其他:都市計畫區內之市場用地,100000,454,持分移轉,03910002
RPSWMLTLOHGGFHF47CB,景福段,1.25,都市：其他:都市計畫區內之市場用地,100000,439,持分移轉,03910003
RPVWMLTLOHGGFHF77CB,景福段,1.29,都市：其他:都市計畫區內之市場用地,100000,454,持分移轉,03910003
RPSWMLTLOHGGFHF47CB,景福段,.49,都市：其他:都市計畫區內之市場用地,100000,439,持分移轉,03920001
RPVWMLTLOHGGFHF77CB,景福段,.50,都市：其他:都市計畫區內之市場用地,100000,454,持分移轉,03920001
RPSWMLTLOHGGFHF47CB,景福段,12.45,都市：其他:都市計畫區內之市場用地,100000,439,持分移轉,03950001
RPVWMLTLOHGGFHF77CB,景福段,12.87,都市：其他:都市計畫區內之市場用地,100000,454,持分移轉,03950001
RPTWMLTLOHGGFHF57CB,景福段,.86,都市：其他:都市計畫區內之市場用地,100000,454,持分移轉,03910001
RPTWMLTLOHGGFHF57CB,景福段,1.72,都市：其他:都市計畫區內之市場用地,100000,454,持分移轉,03910002
RPTWMLTLOHGGFHF57CB,景福段,1.29,都市：其他:都市計畫區內之市場用地,100000,454,持分移轉,03910003
RPTWMLTLOHGGFHF57CB,景福段,.50,都市：其他:都市計畫區內之市場用地,100000,454,持分移轉,03920001
RPPNNLTLOHGGFHF98CB,景福段,.86,都市：其他:都市計畫區內之市場用地,100000,454,持分移轉,03910001
RPTWMLTLOHGGFHF57CB,景福段,12.87,都市：其他:都市計畫區內之市場用地,100000,454,持分移轉,03950001
RPPNNLTLOHGGFHF98CB,景福段,1.72,都市：其他:都市計畫區內之市場用地,100000,454,持分移轉,03910002
RPPNNLTLOHGGFHF98CB,景福段,1.29,都市：其他:都市計畫區內之市場用地,100000,454,持分移轉,03910003
RPPNNLTLOHGGFHF98CB,景福段,.50,都市：其他:都市計畫區內之市場用地,100000,454,持分移轉,03920001
RPPNNLTLOHGGFHF98CB,景福段,12.87,都市：其他:都市計畫區內之市場用地,100000,454,持分移轉,03950001
RPQNNLTLOHGGFHF09CB,景福段,.86,都市：其他:都市計畫區內之市場用地,100000,454,持分移轉,03910001
RPQNNLTLOHGGFHF09CB,景福段,1.72,都市：其他:都市計畫區內之市場用地,100000,454,持分移轉,03910002
RPQNNLTLOHGGFHF09CB,景福段,1.29,都市：其他:都市計畫區內之市場用地,100000,454,持分移轉,03910003
RPQNNLTLOHGGFHF09CB,景福段,.50,都市：其他:都市計畫區內之市場用地,100000,454,持分移轉,03920001
RPQNNLTLOHGGFHF09CB,景福段,12.87,都市：其他:都市計畫區內之市場用地,100000,454,持分移轉,03950001
RPUNNLTLOHGGFHF86CB,景福段,.83,都市：其他:都市計畫區內之市場用地,100000,439,持分移轉,03910001
RPUNNLTLOHGGFHF86CB,景福段,1.67,都市：其他:都市計畫區內之市場用地,100000,439,持分移轉,03910002
RPUNNLTLOHGGFHF86CB,景福段,1.25,都市：其他:都市計畫區內之市場用地,100000,439,持分移轉,03910003
RPUNNLTLOHGGFHF86CB,景福段,.49,都市：其他:都市計畫區內之市場用地,100000,439,持分移轉,03920001
RPUNNLTLOHGGFHF86CB,景福段,12.45,都市：其他:都市計畫區內之市場用地,100000,439,持分移轉,03950001
RPSNNLTLOHGGFHF66CB,景福段,.86,都市：其他:都市計畫區內之市場用地,100000,454,持分移轉,03910001
RPSNNLTLOHGGFHF66CB,景福段,1.72,都市：其他:都市計畫區內之市場用地,100000,454,持分移轉,03910002
RPSNNLTLOHGGFHF66CB,景福段,1.29,都市：其他:都市計畫區內之市場用地,100000,454,持分移轉,03910003
RPSNNLTLOHGGFHF66CB,景福段,.50,都市：其他:都市計畫區內之市場用地,100000,454,持分移轉,03920001
RPSNNLTLOHGGFHF66CB,景福段,12.87,都市：其他:都市計畫區內之市場用地,100000,454,持分移轉,03950001
RPTNNLTLOHGGFHF76CB,景福段,.83,都市：其他:都市計畫區內之市場用地,100000,439,持分移轉,03910001
RPTNNLTLOHGGFHF76CB,景福段,1.67,都市：其他:都市計畫區內之市場用地,100000,439,持分移轉,03910002
RPTNNLTLOHGGFHF76CB,景福段,1.25,都市：其他:都市計畫區內之市場用地,100000,439,持分移轉,03910003
RPTNNLTLOHGGFHF76CB,景福段,.49,都市：其他:都市計畫區內之市場用地,100000,439,持分移轉,03920001
RPTNNLTLOHGGFHF76CB,景福段,12.45,都市：其他:都市計畫區內之市場用地,100000,439,持分移轉,03950001
RPRNNLTLOHGGFHF56CB,景福段,.83,都市：其他:都市計畫區內之市場用地,100000,439,持分移轉,03910001
RPRNNLTLOHGGFHF56CB,景福段,1.67,都市：其他:都市計畫區內之市場用地,100000,439,持分移轉,03910002
RPRNNLTLOHGGFHF56CB,景福段,1.25,都市：其他:都市計畫區內之市場用地,100000,439,持分移轉,03910003
RPRNNLTLOHGGFHF56CB,景福段,.49,都市：其他:都市計畫區內之市場用地,100000,439,持分移轉,03920001
RPRNNLTLOHGGFHF56CB,景福段,12.45,都市：其他:都市計畫區內之市場用地,100000,439,持分移轉,03950001
RPWNNLTLOHGGFHF07CB,景福段,.83,都市：其他:都市計畫區內之市場用地,100000,439,持分移轉,03910001
RPWNNLTLOHGGFHF07CB,景福段,1.67,都市：其他:都市計畫區內之市場用地,100000,439,持分移轉,03910002
RPWNNLTLOHGGFHF07CB,景福段,1.25,都市：其他:都市計畫區內之市場用地,100000,439,持分移轉,03910003
RPWNNLTLOHGGFHF07CB,景福段,.49,都市：其他:都市計畫區內之市場用地,100000,439,持分移轉,03920001
RPWNNLTLOHGGFHF07CB,景福段,12.45,都市：其他:都市計畫區內之市場用地,100000,439,持分移轉,03950001
RPRONLTLOHGGFHF66CB,景福段,.83,都市：其他:都市計畫區內之市場用地,100000,439,持分移轉,03910001
RPRONLTLOHGGFHF66CB,景福段,1.67,都市：其他:都市計畫區內之市場用地,100000,439,持分移轉,03910002
RPRONLTLOHGGFHF66CB,景福段,1.25,都市：其他:都市計畫區內之市場用地,100000,439,持分移轉,03910003
RPRONLTLOHGGFHF66CB,景福段,.49,都市：其他:都市計畫區內之市場用地,100000,439,持分移轉,03920001
RPRONLTLOHGGFHF66CB,景福段,12.45,都市：其他:都市計畫區內之市場用地,100000,439,持分移轉,03950001
RPPONLTLOHGGFHF09CB,景福段,.86,都市：其他:都市計畫區內之市場用地,100000,454,持分移轉,03910001
RPPONLTLOHGGFHF09CB,景福段,1.72,都市：其他:都市計畫區內之市場用地,100000,454,持分移轉,03910002
RPPONLTLOHGGFHF09CB,景福段,1.29,都市：其他:都市計畫區內之市場用地,100000,454,持分移轉,03910003
RPQONLTLOHGGFHF56CB,景福段,.83,都市：其他:都市計畫區內之市場用地,100000,439,持分移轉,03910001
RPPONLTLOHGGFHF09CB,景福段,.50,都市：其他:都市計畫區內之市場用地,100000,454,持分移轉,03920001
RPQONLTLOHGGFHF56CB,景福段,1.67,都市：其他:都市計畫區內之市場用地,100000,439,持分移轉,03910002
RPPONLTLOHGGFHF09CB,景福段,12.87,都市：其他:都市計畫區內之市場用地,100000,454,持分移轉,03950001
RPQONLTLOHGGFHF56CB,景福段,1.25,都市：其他:都市計畫區內之市場用地,100000,439,持分移轉,03910003
RPQONLTLOHGGFHF56CB,景福段,.49,都市：其他:都市計畫區內之市場用地,100000,439,持分移轉,03920001
RPQONLTLOHGGFHF56CB,景福段,12.45,都市：其他:都市計畫區內之市場用地,100000,439,持分移轉,03950001
RPTONLTLOHGGFHF86CB,景福段,.83,都市：其他:都市計畫區內之市場用地,100000,439,持分移轉,03910001
RPTONLTLOHGGFHF86CB,景福段,1.67,都市：其他:都市計畫區內之市場用地,100000,439,持分移轉,03910002
RPTONLTLOHGGFHF86CB,景福段,1.25,都市：其他:都市計畫區內之市場用地,100000,439,持分移轉,03910003
RPTONLTLOHGGFHF86CB,景福段,.49,都市：其他:都市計畫區內之市場用地,100000,439,持分移轉,03920001
RPTONLTLOHGGFHF86CB,景福段,12.45,都市：其他:都市計畫區內之市場用地,100000,439,持分移轉,03950001
RPVONLTLOHGGFHF07CB,景福段,.86,都市：其他:都市計畫區內之市場用地,100000,454,持分移轉,03910001
RPVONLTLOHGGFHF07CB,景福段,1.72,都市：其他:都市計畫區內之市場用地,100000,454,持分移轉,03910002
RPVONLTLOHGGFHF07CB,景福段,1.29,都市：其他:都市計畫區內之市場用地,100000,454,持分移轉,03910003
RPVONLTLOHGGFHF07CB,景福段,.50,都市：其他:都市計畫區內之市場用地,100000,454,持分移轉,03920001
RPUONLTLOHGGFHF96CB,景福段,.83,都市：其他:都市計畫區內之市場用地,100000,439,持分移轉,03910001
RPVONLTLOHGGFHF07CB,景福段,12.87,都市：其他:都市計畫區內之市場用地,100000,454,持分移轉,03950001
RPUONLTLOHGGFHF96CB,景福段,1.67,都市：其他:都市計畫區內之市場用地,100000,439,持分移轉,03910002
RPUONLTLOHGGFHF96CB,景福段,1.25,都市：其他:都市計畫區內之市場用地,100000,439,持分移轉,03910003
RPUONLTLOHGGFHF96CB,景福段,.49,都市：其他:都市計畫區內之市場用地,100000,439,持分移轉,03920001
RPUONLTLOHGGFHF96CB,景福段,12.45,都市：其他:都市計畫區內之市場用地,100000,439,持分移轉,03950001
RPWONLTLOHGGFHF17CB,景福段,.86,都市：其他:都市計畫區內之市場用地,100000,454,持分移轉,03910001
RPWONLTLOHGGFHF17CB,景福段,1.72,都市：其他:都市計畫區內之市場用地,100000,454,持分移轉,03910002
RPWONLTLOHGGFHF17CB,景福段,1.29,都市：其他:都市計畫區內之市場用地,100000,454,持分移轉,03910003
RPWONLTLOHGGFHF17CB,景福段,.50,都市：其他:都市計畫區內之市場用地,100000,454,持分移轉,03920001
RPPPNLTLOHGGFHF56CB,景福段,1.10,都市：其他:都市計畫區內之市場用地,100000,577,持分移轉,03910001
RPWONLTLOHGGFHF17CB,景福段,12.87,都市：其他:都市計畫區內之市場用地,100000,454,持分移轉,03950001
RPPPNLTLOHGGFHF56CB,景福段,2.19,都市：其他:都市計畫區內之市場用地,100000,577,持分移轉,03910002
RPPPNLTLOHGGFHF56CB,景福段,1.64,都市：其他:都市計畫區內之市場用地,100000,577,持分移轉,03910003
RPPPNLTLOHGGFHF56CB,景福段,.64,都市：其他:都市計畫區內之市場用地,100000,577,持分移轉,03920001
RPOPNLTLOHGGFHF09CB,景福段,.86,都市：其他:都市計畫區內之市場用地,100000,454,持分移轉,03910001
RPPPNLTLOHGGFHF56CB,景福段,16.36,都市：其他:都市計畫區內之市場用地,100000,577,持分移轉,03950001
RPOPNLTLOHGGFHF09CB,景福段,1.72,都市：其他:都市計畫區內之市場用地,100000,454,持分移轉,03910002
RPOPNLTLOHGGFHF09CB,景福段,1.29,都市：其他:都市計畫區內之市場用地,100000,454,持分移轉,03910003
RPOPNLTLOHGGFHF09CB,景福段,.50,都市：其他:都市計畫區內之市場用地,100000,454,持分移轉,03920001
RPOPNLTLOHGGFHF09CB,景福段,12.87,都市：其他:都市計畫區內之市場用地,100000,454,持分移轉,03950001
RPQPNLTLOHGGFHF66CB,景福段,1.10,都市：其他:都市計畫區內之市場用地,100000,577,持分移轉,03910001
RPQPNLTLOHGGFHF66CB,景福段,2.19,都市：其他:都市計畫區內之市場用地,100000,577,持分移轉,03910002
RPQPNLTLOHGGFHF66CB,景福段,1.64,都市：其他:都市計畫區內之市場用地,100000,577,持分移轉,03910003
RPQPNLTLOHGGFHF66CB,景福段,.64,都市：其他:都市計畫區內之市場用地,100000,577,持分移轉,03920001
RPQPNLTLOHGGFHF66CB,景福段,16.36,都市：其他:都市計畫區內之市場用地,100000,577,持分移轉,03950001
RPUQNLTLOHGGFHF17CB,大華段,.20,都市：住,100000,1259,持分移轉,07730000
RPTQNLTLOHGGFHF07CB,大華段,.20,都市：住,100000,1259,持分移轉,07730000
RPUQNLTLOHGGFHF17CB,大華段,.18,都市：住,100000,1259,持分移轉,07740000
RPTQNLTLOHGGFHF07CB,大華段,.18,都市：住,100000,1259,持分移轉,07740000
RPXQNLTLOHGGFHF47CB,大華段,.20,都市：住,100000,1269,持分移轉,07730000
RPUQNLTLOHGGFHF17CB,大華段,9.68,都市：住,100000,1259,持分移轉,07750000
RPTQNLTLOHGGFHF07CB,大華段,9.68,都市：住,100000,1259,持分移轉,07750000
RPXQNLTLOHGGFHF47CB,大華段,.18,都市：住,100000,1269,持分移轉,07740000
RPUQNLTLOHGGFHF17CB,大華段,3.21,都市：住,100000,1259,持分移轉,07760000
RPTQNLTLOHGGFHF07CB,大華段,3.21,都市：住,100000,1259,持分移轉,07760000
RPWQNLTLOHGGFHF37CB,大華段,.20,都市：住,100000,1269,持分移轉,07730000
RPXQNLTLOHGGFHF47CB,大華段,9.76,都市：住,100000,1269,持分移轉,07750000
RPXQNLTLOHGGFHF47CB,大華段,3.24,都市：住,100000,1269,持分移轉,07760000
RPWQNLTLOHGGFHF37CB,大華段,.18,都市：住,100000,1269,持分移轉,07740000
RPWQNLTLOHGGFHF37CB,大華段,9.76,都市：住,100000,1269,持分移轉,07750000
RPWQNLTLOHGGFHF37CB,大華段,3.24,都市：住,100000,1269,持分移轉,07760000
RPRPNLTLOHGGFHF76CB,景福段,.86,都市：其他:都市計畫區內之市場用地,100000,454,持分移轉,03910001
RPRPNLTLOHGGFHF76CB,景福段,1.72,都市：其他:都市計畫區內之市場用地,100000,454,持分移轉,03910002
RPRPNLTLOHGGFHF76CB,景福段,1.29,都市：其他:都市計畫區內之市場用地,100000,454,持分移轉,03910003
RPRPNLTLOHGGFHF76CB,景福段,.50,都市：其他:都市計畫區內之市場用地,100000,454,持分移轉,03920001
RPRPNLTLOHGGFHF76CB,景福段,12.87,都市：其他:都市計畫區內之市場用地,100000,454,持分移轉,03950001
RPVQNLTLOHGGFHF27CB,大華段,.20,都市：住,100000,1269,持分移轉,07730000
RPVQNLTLOHGGFHF27CB,大華段,.18,都市：住,100000,1269,持分移轉,07740000
RPVQNLTLOHGGFHF27CB,大華段,9.76,都市：住,100000,1269,持分移轉,07750000
RPVQNLTLOHGGFHF27CB,大華段,3.24,都市：住,100000,1269,持分移轉,07760000
RPORNLTLOHGGFHF66CB,大華段,.20,都市：住,100000,1269,持分移轉,07730000
RPORNLTLOHGGFHF66CB,大華段,.18,都市：住,100000,1269,持分移轉,07740000
RPORNLTLOHGGFHF66CB,大華段,9.76,都市：住,100000,1269,持分移轉,07750000
RPSPNLTLOHGGFHF86CB,景福段,.82,都市：其他:都市計畫區內之市場用地,100000,434,持分移轉,03910001
RPORNLTLOHGGFHF66CB,大華段,3.24,都市：住,100000,1269,持分移轉,07760000
RPPRNLTLOHGGFHF76CB,大華段,.20,都市：住,100000,1279,持分移轉,07730000
RPSPNLTLOHGGFHF86CB,景福段,1.65,都市：其他:都市計畫區內之市場用地,100000,434,持分移轉,03910002
RPPRNLTLOHGGFHF76CB,大華段,.18,都市：住,100000,1279,持分移轉,07740000
RPSPNLTLOHGGFHF86CB,景福段,1.24,都市：其他:都市計畫區內之市場用地,100000,434,持分移轉,03910003
RPPRNLTLOHGGFHF76CB,大華段,9.84,都市：住,100000,1279,持分移轉,07750000
RPSPNLTLOHGGFHF86CB,景福段,.48,都市：其他:都市計畫區內之市場用地,100000,434,持分移轉,03920001
RPPRNLTLOHGGFHF76CB,大華段,3.26,都市：住,100000,1279,持分移轉,07760000
RPSPNLTLOHGGFHF86CB,景福段,12.30,都市：其他:都市計畫區內之市場用地,100000,434,持分移轉,03950001
RPSRNLTLOHGGFHF07CB,大華段,.20,都市：住,100000,1259,持分移轉,07730000
RPSRNLTLOHGGFHF07CB,大華段,.18,都市：住,100000,1259,持分移轉,07740000
RPSRNLTLOHGGFHF07CB,大華段,9.68,都市：住,100000,1259,持分移轉,07750000
RPTRNLTLOHGGFHF17CB,大華段,.13,都市：住,100000,802,持分移轉,07730000
RPSRNLTLOHGGFHF07CB,大華段,3.21,都市：住,100000,1259,持分移轉,07760000
RPTRNLTLOHGGFHF17CB,大華段,.12,都市：住,100000,802,持分移轉,07740000
RPTRNLTLOHGGFHF17CB,大華段,6.17,都市：住,100000,802,持分移轉,07750000
RPTRNLTLOHGGFHF17CB,大華段,2.05,都市：住,100000,802,持分移轉,07760000
RPURNLTLOHGGFHF27CB,大華段,.13,都市：住,100000,802,持分移轉,07730000
RPURNLTLOHGGFHF27CB,大華段,.12,都市：住,100000,802,持分移轉,07740000
RPURNLTLOHGGFHF27CB,大華段,6.17,都市：住,100000,802,持分移轉,07750000
RPURNLTLOHGGFHF27CB,大華段,2.05,都市：住,100000,802,持分移轉,07760000
RPQRNLTLOHGGFHF86CB,大華段,.20,都市：住,100000,1269,持分移轉,07730000
RPQRNLTLOHGGFHF86CB,大華段,.18,都市：住,100000,1269,持分移轉,07740000
RPQRNLTLOHGGFHF86CB,大華段,9.76,都市：住,100000,1269,持分移轉,07750000
RPQRNLTLOHGGFHF86CB,大華段,3.24,都市：住,100000,1269,持分移轉,07760000
RPRRNLTLOHGGFHF96CB,大華段,.20,都市：住,100000,1269,持分移轉,07730000
RPRRNLTLOHGGFHF96CB,大華段,.18,都市：住,100000,1269,持分移轉,07740000
RPRRNLTLOHGGFHF96CB,大華段,9.76,都市：住,100000,1269,持分移轉,07750000
RPRRNLTLOHGGFHF96CB,大華段,3.24,都市：住,100000,1269,持分移轉,07760000
RPWRNLTLOHGGFHF47CB,大華段,.13,都市：住,100000,802,持分移轉,07730000
RPWRNLTLOHGGFHF47CB,大華段,.12,都市：住,100000,802,持分移轉,07740000
RPWRNLTLOHGGFHF47CB,大華段,6.17,都市：住,100000,802,持分移轉,07750000
RPWRNLTLOHGGFHF47CB,大華段,2.05,都市：住,100000,802,持分移轉,07760000
RPVRNLTLOHGGFHF37CB,大華段,.13,都市：住,100000,802,持分移轉,07730000
RPXRNLTLOHGGFHF57CB,大華段,.13,都市：住,100000,802,持分移轉,07730000
RPVRNLTLOHGGFHF37CB,大華段,.12,都市：住,100000,802,持分移轉,07740000
RPXRNLTLOHGGFHF57CB,大華段,.12,都市：住,100000,802,持分移轉,07740000
RPVRNLTLOHGGFHF37CB,大華段,6.17,都市：住,100000,802,持分移轉,07750000
RPXRNLTLOHGGFHF57CB,大華段,6.17,都市：住,100000,802,持分移轉,07750000
RPVRNLTLOHGGFHF37CB,大華段,2.05,都市：住,100000,802,持分移轉,07760000
RPXRNLTLOHGGFHF57CB,大華段,2.05,都市：住,100000,802,持分移轉,07760000
RPPSNLTLOHGGFHF86CB,大華段,.13,都市：住,100000,802,持分移轉,07730000
RPPSNLTLOHGGFHF86CB,大華段,.12,都市：住,100000,802,持分移轉,07740000
RPPSNLTLOHGGFHF86CB,大華段,6.17,都市：住,100000,802,持分移轉,07750000
RPPSNLTLOHGGFHF86CB,大華段,2.05,都市：住,100000,802,持分移轉,07760000
RPQSNLTLOHGGFHF96CB,大華段,.13,都市：住,100000,802,持分移轉,07730000
RPQSNLTLOHGGFHF96CB,大華段,.12,都市：住,100000,802,持分移轉,07740000
RPQSNLTLOHGGFHF96CB,大華段,6.17,都市：住,100000,802,持分移轉,07750000
RPQSNLTLOHGGFHF96CB,大華段,2.05,都市：住,100000,802,持分移轉,07760000
RPUSNLTLOHGGFHF37CB,大華段,.13,都市：住,100000,802,持分移轉,07730000
RPUSNLTLOHGGFHF37CB,大華段,.12,都市：住,100000,802,持分移轉,07740000
RPUSNLTLOHGGFHF37CB,大華段,6.17,都市：住,100000,802,持分移轉,07750000
RPUSNLTLOHGGFHF37CB,大華段,2.05,都市：住,100000,802,持分移轉,07760000
RPTSNLTLOHGGFHF27CB,大華段,.13,都市：住,100000,802,持分移轉,07730000
RPTSNLTLOHGGFHF27CB,大華段,.12,都市：住,100000,802,持分移轉,07740000
RPTSNLTLOHGGFHF27CB,大華段,6.17,都市：住,100000,802,持分移轉,07750000
RPTSNLTLOHGGFHF27CB,大華段,2.05,都市：住,100000,802,持分移轉,07760000
RPRSNLTLOHGGFHF07CB,大華段,.13,都市：住,100000,802,持分移轉,07730000
RPRSNLTLOHGGFHF07CB,大華段,.12,都市：住,100000,802,持分移轉,07740000
RPRSNLTLOHGGFHF07CB,大華段,6.17,都市：住,100000,802,持分移轉,07750000
RPRSNLTLOHGGFHF07CB,大華段,2.05,都市：住,100000,802,持分移轉,07760000
RPSSNLTLOHGGFHF17CB,大華段,.13,都市：住,100000,802,持分移轉,07730000
RPSSNLTLOHGGFHF17CB,大華段,.12,都市：住,100000,802,持分移轉,07740000
RPSSNLTLOHGGFHF17CB,大華段,6.17,都市：住,100000,802,持分移轉,07750000
RPVSNLTLOHGGFHF47CB,大華段,.13,都市：住,100000,802,持分移轉,07730000
RPSSNLTLOHGGFHF17CB,大華段,2.05,都市：住,100000,802,持分移轉,07760000
RPVSNLTLOHGGFHF47CB,大華段,.12,都市：住,100000,802,持分移轉,07740000
RPVSNLTLOHGGFHF47CB,大華段,6.17,都市：住,100000,802,持分移轉,07750000
RPVSNLTLOHGGFHF47CB,大華段,2.05,都市：住,100000,802,持分移轉,07760000
RPWSNLTLOHGGFHF57CB,大華段,.13,都市：住,100000,802,持分移轉,07730000
RPWSNLTLOHGGFHF57CB,大華段,.12,都市：住,100000,802,持分移轉,07740000
RPWSNLTLOHGGFHF57CB,大華段,6.17,都市：住,100000,802,持分移轉,07750000
RPWSNLTLOHGGFHF57CB,大華段,2.05,都市：住,100000,802,持分移轉,07760000
RPXSNLTLOHGGFHF67CB,大華段,.13,都市：住,100000,802,持分移轉,07730000
RPXSNLTLOHGGFHF67CB,大華段,.12,都市：住,100000,802,持分移轉,07740000
RPXSNLTLOHGGFHF67CB,大華段,6.17,都市：住,100000,802,持分移轉,07750000
RPXSNLTLOHGGFHF67CB,大華段,2.05,都市：住,100000,802,持分移轉,07760000
RPPTNLTLOHGGFHF96CB,大華段,.13,都市：住,100000,802,持分移轉,07730000
RPPTNLTLOHGGFHF96CB,大華段,.12,都市：住,100000,802,持分移轉,07740000
RPPTNLTLOHGGFHF96CB,大華段,6.17,都市：住,100000,802,持分移轉,07750000
RPPTNLTLOHGGFHF96CB,大華段,2.05,都市：住,100000,802,持分移轉,07760000
RPOTNLTLOHGGFHF86CB,大華段,.13,都市：住,100000,802,持分移轉,07730000
RPOTNLTLOHGGFHF86CB,大華段,.12,都市：住,100000,802,持分移轉,07740000
RPQTNLTLOHGGFHF07CB,大華段,.13,都市：住,100000,802,持分移轉,07730000
RPOTNLTLOHGGFHF86CB,大華段,6.17,都市：住,100000,802,持分移轉,07750000
RPQTNLTLOHGGFHF07CB,大華段,.12,都市：住,100000,802,持分移轉,07740000
RPOTNLTLOHGGFHF86CB,大華段,2.05,都市：住,100000,802,持分移轉,07760000
RPQTNLTLOHGGFHF07CB,大華段,6.17,都市：住,100000,802,持分移轉,07750000
RPQTNLTLOHGGFHF07CB,大華段,2.05,都市：住,100000,802,持分移轉,07760000
RPTTNLTLOHGGFHF37CB,大華段,.13,都市：住,100000,802,持分移轉,07730000
RPTTNLTLOHGGFHF37CB,大華段,.12,都市：住,100000,802,持分移轉,07740000
RPTTNLTLOHGGFHF37CB,大華段,6.17,都市：住,100000,802,持分移轉,07750000
RPTTNLTLOHGGFHF37CB,大華段,2.05,都市：住,100000,802,持分移轉,07760000
RPSTNLTLOHGGFHF27CB,大華段,.13,都市：住,100000,812,持分移轉,07730000
RPSTNLTLOHGGFHF27CB,大華段,.12,都市：住,100000,812,持分移轉,07740000
RPSTNLTLOHGGFHF27CB,大華段,6.24,都市：住,100000,812,持分移轉,07750000
RPSTNLTLOHGGFHF27CB,大華段,2.07,都市：住,100000,812,持分移轉,07760000
RPRTNLTLOHGGFHF17CB,大華段,.13,都市：住,100000,802,持分移轉,07730000
RPRTNLTLOHGGFHF17CB,大華段,.12,都市：住,100000,802,持分移轉,07740000
RPRTNLTLOHGGFHF17CB,大華段,6.17,都市：住,100000,802,持分移轉,07750000
RPRTNLTLOHGGFHF17CB,大華段,2.05,都市：住,100000,802,持分移轉,07760000
RPWTNLTLOHGGFHF67CB,大華段,.19,都市：住,100000,1212,持分移轉,07730000
RPWTNLTLOHGGFHF67CB,大華段,.17,都市：住,100000,1212,持分移轉,07740000
RPWTNLTLOHGGFHF67CB,大華段,9.32,都市：住,100000,1212,持分移轉,07750000
RPWTNLTLOHGGFHF67CB,大華段,3.09,都市：住,100000,1212,持分移轉,07760000
RPUTNLTLOHGGFHF47CB,大華段,.19,都市：住,100000,1212,持分移轉,07730000
RPUTNLTLOHGGFHF47CB,大華段,.17,都市：住,100000,1212,持分移轉,07740000
RPUTNLTLOHGGFHF47CB,大華段,9.32,都市：住,100000,1212,持分移轉,07750000
RPUTNLTLOHGGFHF47CB,大華段,3.09,都市：住,100000,1212,持分移轉,07760000
RPQUNLTLOHGGFHF17CB,大華段,.19,都市：住,100000,1212,持分移轉,07730000
RPQUNLTLOHGGFHF17CB,大華段,.17,都市：住,100000,1212,持分移轉,07740000
RPQUNLTLOHGGFHF17CB,大華段,9.32,都市：住,100000,1212,持分移轉,07750000
RPVTNLTLOHGGFHF57CB,大華段,.19,都市：住,100000,1212,持分移轉,07730000
RPQUNLTLOHGGFHF17CB,大華段,3.09,都市：住,100000,1212,持分移轉,07760000
RPVTNLTLOHGGFHF57CB,大華段,.17,都市：住,100000,1212,持分移轉,07740000
RPVTNLTLOHGGFHF57CB,大華段,9.32,都市：住,100000,1212,持分移轉,07750000
RPVTNLTLOHGGFHF57CB,大華段,3.09,都市：住,100000,1212,持分移轉,07760000
RPOUNLTLOHGGFHF96CB,大華段,.19,都市：住,100000,1212,持分移轉,07730000
RPOUNLTLOHGGFHF96CB,大華段,.17,都市：住,100000,1212,持分移轉,07740000
RPOUNLTLOHGGFHF96CB,大華段,9.32,都市：住,100000,1212,持分移轉,07750000
RPOUNLTLOHGGFHF96CB,大華段,3.09,都市：住,100000,1212,持分移轉,07760000
RPXTNLTLOHGGFHF77CB,大華段,.19,都市：住,100000,1212,持分移轉,07730000
RPXTNLTLOHGGFHF77CB,大華段,.17,都市：住,100000,1212,持分移轉,07740000
RPPUNLTLOHGGFHF07CB,大華段,.19,都市：住,100000,1222,持分移轉,07730000
RPXTNLTLOHGGFHF77CB,大華段,9.32,都市：住,100000,1212,持分移轉,07750000
RPPUNLTLOHGGFHF07CB,大華段,.18,都市：住,100000,1222,持分移轉,07740000
RPXTNLTLOHGGFHF77CB,大華段,3.09,都市：住,100000,1212,持分移轉,07760000
RPPUNLTLOHGGFHF07CB,大華段,9.40,都市：住,100000,1222,持分移轉,07750000
RPPUNLTLOHGGFHF07CB,大華段,3.12,都市：住,100000,1222,持分移轉,07760000
RPSUNLTLOHGGFHF37CB,大華段,.19,都市：住,100000,1212,持分移轉,07730000
RPSUNLTLOHGGFHF37CB,大華段,.17,都市：住,100000,1212,持分移轉,07740000
RPSUNLTLOHGGFHF37CB,大華段,9.32,都市：住,100000,1212,持分移轉,07750000
RPRUNLTLOHGGFHF27CB,大華段,.19,都市：住,100000,1222,持分移轉,07730000
RPSUNLTLOHGGFHF37CB,大華段,3.09,都市：住,100000,1212,持分移轉,07760000
RPRUNLTLOHGGFHF27CB,大華段,.18,都市：住,100000,1222,持分移轉,07740000
RPRUNLTLOHGGFHF27CB,大華段,9.40,都市：住,100000,1222,持分移轉,07750000
RPRUNLTLOHGGFHF27CB,大華段,3.12,都市：住,100000,1222,持分移轉,07760000
RPTUNLTLOHGGFHF47CB,大華段,.19,都市：住,100000,1178,持分移轉,07730000
RPTUNLTLOHGGFHF47CB,大華段,.17,都市：住,100000,1178,持分移轉,07740000
RPTUNLTLOHGGFHF47CB,大華段,9.06,都市：住,100000,1178,持分移轉,07750000
RPTUNLTLOHGGFHF47CB,大華段,3.01,都市：住,100000,1178,持分移轉,07760000
RPUUNLTLOHGGFHF57CB,大華段,.19,都市：住,100000,1178,持分移轉,07730000
RPUUNLTLOHGGFHF57CB,大華段,.17,都市：住,100000,1178,持分移轉,07740000
RPUUNLTLOHGGFHF57CB,大華段,9.06,都市：住,100000,1178,持分移轉,07750000
RPUUNLTLOHGGFHF57CB,大華段,3.01,都市：住,100000,1178,持分移轉,07760000
RPVUNLTLOHGGFHF67CB,大華段,.19,都市：住,100000,1168,持分移轉,07730000
RPVUNLTLOHGGFHF67CB,大華段,.17,都市：住,100000,1168,持分移轉,07740000
RPVUNLTLOHGGFHF67CB,大華段,8.98,都市：住,100000,1168,持分移轉,07750000
RPVUNLTLOHGGFHF67CB,大華段,2.98,都市：住,100000,1168,持分移轉,07760000
RPOVNLTLOHGGFHF07CB,大華段,.19,都市：住,100000,1178,持分移轉,07730000
RPOVNLTLOHGGFHF07CB,大華段,.17,都市：住,100000,1178,持分移轉,07740000
RPXUNLTLOHGGFHF87CB,大華段,.19,都市：住,100000,1168,持分移轉,07730000
RPOVNLTLOHGGFHF07CB,大華段,9.06,都市：住,100000,1178,持分移轉,07750000
RPXUNLTLOHGGFHF87CB,大華段,.17,都市：住,100000,1168,持分移轉,07740000
RPOVNLTLOHGGFHF07CB,大華段,3.01,都市：住,100000,1178,持分移轉,07760000
RPXUNLTLOHGGFHF87CB,大華段,8.98,都市：住,100000,1168,持分移轉,07750000
RPXUNLTLOHGGFHF87CB,大華段,2.98,都市：住,100000,1168,持分移轉,07760000
RPPVNLTLOHGGFHF17CB,大華段,.19,都市：住,100000,1178,持分移轉,07730000
RPWUNLTLOHGGFHF77CB,大華段,.19,都市：住,100000,1168,持分移轉,07730000
RPPVNLTLOHGGFHF17CB,大華段,.17,都市：住,100000,1178,持分移轉,07740000
RPQVNLTLOHGGFHF27CB,大華段,.19,都市：住,100000,1178,持分移轉,07730000
RPWUNLTLOHGGFHF77CB,大華段,.17,都市：住,100000,1168,持分移轉,07740000
RPPVNLTLOHGGFHF17CB,大華段,9.06,都市：住,100000,1178,持分移轉,07750000
RPQVNLTLOHGGFHF27CB,大華段,.17,都市：住,100000,1178,持分移轉,07740000
RPWUNLTLOHGGFHF77CB,大華段,8.98,都市：住,100000,1168,持分移轉,07750000
RPPVNLTLOHGGFHF17CB,大華段,3.01,都市：住,100000,1178,持分移轉,07760000
RPQVNLTLOHGGFHF27CB,大華段,9.06,都市：住,100000,1178,持分移轉,07750000
RPWUNLTLOHGGFHF77CB,大華段,2.98,都市：住,100000,1168,持分移轉,07760000
RPQVNLTLOHGGFHF27CB,大華段,3.01,都市：住,100000,1178,持分移轉,07760000
RPSVNLTLOHGGFHF47CB,大華段,.13,都市：住,100000,841,持分移轉,07730000
RPSVNLTLOHGGFHF47CB,大華段,.12,都市：住,100000,841,持分移轉,07740000
RPSVNLTLOHGGFHF47CB,大華段,6.47,都市：住,100000,841,持分移轉,07750000
RPRVNLTLOHGGFHF37CB,大華段,.19,都市：住,100000,1178,持分移轉,07730000
RPSVNLTLOHGGFHF47CB,大華段,2.15,都市：住,100000,841,持分移轉,07760000
RPRVNLTLOHGGFHF37CB,大華段,.17,都市：住,100000,1178,持分移轉,07740000
RPRVNLTLOHGGFHF37CB,大華段,9.06,都市：住,100000,1178,持分移轉,07750000
RPRVNLTLOHGGFHF37CB,大華段,3.01,都市：住,100000,1178,持分移轉,07760000
RPVVNLTLOHGGFHF77CB,大華段,.13,都市：住,100000,821,持分移轉,07730000
RPVVNLTLOHGGFHF77CB,大華段,.12,都市：住,100000,821,持分移轉,07740000
RPVVNLTLOHGGFHF77CB,大華段,6.31,都市：住,100000,821,持分移轉,07750000
RPVVNLTLOHGGFHF77CB,大華段,2.09,都市：住,100000,821,持分移轉,07760000
RPWVNLTLOHGGFHF87CB,大華段,.13,都市：住,100000,821,持分移轉,07730000
RPWVNLTLOHGGFHF87CB,大華段,.12,都市：住,100000,821,持分移轉,07740000
RPWVNLTLOHGGFHF87CB,大華段,6.31,都市：住,100000,821,持分移轉,07750000
RPWVNLTLOHGGFHF87CB,大華段,2.09,都市：住,100000,821,持分移轉,07760000
RPTVNLTLOHGGFHF57CB,大華段,.13,都市：住,100000,821,持分移轉,07730000
RPTVNLTLOHGGFHF57CB,大華段,.12,都市：住,100000,821,持分移轉,07740000
RPTVNLTLOHGGFHF57CB,大華段,6.31,都市：住,100000,821,持分移轉,07750000
RPTVNLTLOHGGFHF57CB,大華段,2.09,都市：住,100000,821,持分移轉,07760000
RPUVNLTLOHGGFHF67CB,大華段,.13,都市：住,100000,821,持分移轉,07730000
RPXVNLTLOHGGFHF97CB,大華段,.13,都市：住,100000,831,持分移轉,07730000
RPUVNLTLOHGGFHF67CB,大華段,.12,都市：住,100000,821,持分移轉,07740000
RPXVNLTLOHGGFHF97CB,大華段,.12,都市：住,100000,831,持分移轉,07740000
RPUVNLTLOHGGFHF67CB,大華段,6.31,都市：住,100000,821,持分移轉,07750000
RPXVNLTLOHGGFHF97CB,大華段,6.39,都市：住,100000,831,持分移轉,07750000
RPUVNLTLOHGGFHF67CB,大華段,2.09,都市：住,100000,821,持分移轉,07760000
RPXVNLTLOHGGFHF97CB,大華段,2.12,都市：住,100000,831,持分移轉,07760000
RPQWNLTLOHGGFHF37CB,大華段,.13,都市：住,100000,831,持分移轉,07730000
RPQWNLTLOHGGFHF37CB,大華段,.12,都市：住,100000,831,持分移轉,07740000
RPQWNLTLOHGGFHF37CB,大華段,6.39,都市：住,100000,831,持分移轉,07750000
RPQWNLTLOHGGFHF37CB,大華段,2.12,都市：住,100000,831,持分移轉,07760000
RPOWNLTLOHGGFHF17CB,大華段,.13,都市：住,100000,821,持分移轉,07730000
RPOWNLTLOHGGFHF17CB,大華段,.12,都市：住,100000,821,持分移轉,07740000
RPOWNLTLOHGGFHF17CB,大華段,6.31,都市：住,100000,821,持分移轉,07750000
RPPWNLTLOHGGFHF27CB,大華段,.13,都市：住,100000,821,持分移轉,07730000
RPOWNLTLOHGGFHF17CB,大華段,2.09,都市：住,100000,821,持分移轉,07760000
RPPWNLTLOHGGFHF27CB,大華段,.12,都市：住,100000,821,持分移轉,07740000
RPPWNLTLOHGGFHF27CB,大華段,6.31,都市：住,100000,821,持分移轉,07750000
RPPWNLTLOHGGFHF27CB,大華段,2.09,都市：住,100000,821,持分移轉,07760000
RPSWNLTLOHGGFHF57CB,大華段,.13,都市：住,100000,821,持分移轉,07730000
RPSWNLTLOHGGFHF57CB,大華段,.12,都市：住,100000,821,持分移轉,07740000
RPSWNLTLOHGGFHF57CB,大華段,6.31,都市：住,100000,821,持分移轉,07750000
RPSWNLTLOHGGFHF57CB,大華段,2.09,都市：住,100000,821,持分移轉,07760000
RPTWNLTLOHGGFHF67CB,大華段,.13,都市：住,100000,831,持分移轉,07730000
RPTWNLTLOHGGFHF67CB,大華段,.12,都市：住,100000,831,持分移轉,07740000
RPTWNLTLOHGGFHF67CB,大華段,6.39,都市：住,100000,831,持分移轉,07750000
RPTWNLTLOHGGFHF67CB,大華段,2.12,都市：住,100000,831,持分移轉,07760000
RPRWNLTLOHGGFHF47CB,大華段,.13,都市：住,100000,831,持分移轉,07730000
RPRWNLTLOHGGFHF47CB,大華段,.12,都市：住,100000,831,持分移轉,07740000
RPRWNLTLOHGGFHF47CB,大華段,6.39,都市：住,100000,831,持分移轉,07750000
RPRWNLTLOHGGFHF47CB,大華段,2.12,都市：住,100000,831,持分移轉,07760000
RPUWNLTLOHGGFHF77CB,大華段,.13,都市：住,100000,821,持分移轉,07730000
RPUWNLTLOHGGFHF77CB,大華段,.12,都市：住,100000,821,持分移轉,07740000
RPUWNLTLOHGGFHF77CB,大華段,6.31,都市：住,100000,821,持分移轉,07750000
RPUWNLTLOHGGFHF77CB,大華段,2.09,都市：住,100000,821,持分移轉,07760000
RPQNOLTLOHGGFHF56CB,大華段,.13,都市：住,100000,821,持分移轉,07730000
RPQNOLTLOHGGFHF56CB,大華段,.12,都市：住,100000,821,持分移轉,07740000
RPQNOLTLOHGGFHF56CB,大華段,6.31,都市：住,100000,821,持分移轉,07750000
RPPNOLTLOHGGFHF09CB,大華段,.13,都市：住,100000,821,持分移轉,07730000
RPQNOLTLOHGGFHF56CB,大華段,2.09,都市：住,100000,821,持分移轉,07760000
RPPNOLTLOHGGFHF09CB,大華段,.12,都市：住,100000,821,持分移轉,07740000
RPPNOLTLOHGGFHF09CB,大華段,6.31,都市：住,100000,821,持分移轉,07750000
RPPNOLTLOHGGFHF09CB,大華段,2.09,都市：住,100000,821,持分移轉,07760000
RPWWNLTLOHGGFHF97CB,大華段,.13,都市：住,100000,821,持分移轉,07730000
RPWWNLTLOHGGFHF97CB,大華段,.12,都市：住,100000,821,持分移轉,07740000
RPWWNLTLOHGGFHF97CB,大華段,6.31,都市：住,100000,821,持分移轉,07750000
RPWWNLTLOHGGFHF97CB,大華段,2.09,都市：住,100000,821,持分移轉,07760000
RPXWNLTLOHGGFHF08CB,大華段,.13,都市：住,100000,821,持分移轉,07730000
RPXWNLTLOHGGFHF08CB,大華段,.12,都市：住,100000,821,持分移轉,07740000
RPXWNLTLOHGGFHF08CB,大華段,6.31,都市：住,100000,821,持分移轉,07750000
RPXWNLTLOHGGFHF08CB,大華段,2.09,都市：住,100000,821,持分移轉,07760000
RPONOLTLOHGGFHF98CB,大華段,.13,都市：住,100000,821,持分移轉,07730000
RPONOLTLOHGGFHF98CB,大華段,.12,都市：住,100000,821,持分移轉,07740000
RPONOLTLOHGGFHF98CB,大華段,6.31,都市：住,100000,821,持分移轉,07750000
RPONOLTLOHGGFHF98CB,大華段,2.09,都市：住,100000,821,持分移轉,07760000
RPVWNLTLOHGGFHF87CB,大華段,.13,都市：住,100000,821,持分移轉,07730000
RPVWNLTLOHGGFHF87CB,大華段,.12,都市：住,100000,821,持分移轉,07740000
RPVWNLTLOHGGFHF87CB,大華段,6.31,都市：住,100000,821,持分移轉,07750000
RPVWNLTLOHGGFHF87CB,大華段,2.09,都市：住,100000,821,持分移轉,07760000
RPSNOLTLOHGGFHF76CB,大華段,.13,都市：住,100000,821,持分移轉,07730000
RPSNOLTLOHGGFHF76CB,大華段,.12,都市：住,100000,821,持分移轉,07740000
RPSNOLTLOHGGFHF76CB,大華段,6.31,都市：住,100000,821,持分移轉,07750000
RPSNOLTLOHGGFHF76CB,大華段,2.09,都市：住,100000,821,持分移轉,07760000
RPTNOLTLOHGGFHF86CB,大華段,.13,都市：住,100000,821,持分移轉,07730000
RPTNOLTLOHGGFHF86CB,大華段,.12,都市：住,100000,821,持分移轉,07740000
RPTNOLTLOHGGFHF86CB,大華段,6.31,都市：住,100000,821,持分移轉,07750000
RPTNOLTLOHGGFHF86CB,大華段,2.09,都市：住,100000,821,持分移轉,07760000
RPRNOLTLOHGGFHF66CB,大華段,.13,都市：住,100000,821,持分移轉,07730000
RPRNOLTLOHGGFHF66CB,大華段,.12,都市：住,100000,821,持分移轉,07740000
RPRNOLTLOHGGFHF66CB,大華段,6.31,都市：住,100000,821,持分移轉,07750000
RPRNOLTLOHGGFHF66CB,大華段,2.09,都市：住,100000,821,持分移轉,07760000
RPWNOLTLOHGGFHF17CB,大華段,.13,都市：住,100000,821,持分移轉,07730000
RPWNOLTLOHGGFHF17CB,大華段,.12,都市：住,100000,821,持分移轉,07740000
RPWNOLTLOHGGFHF17CB,大華段,6.31,都市：住,100000,821,持分移轉,07750000
RPWNOLTLOHGGFHF17CB,大華段,2.09,都市：住,100000,821,持分移轉,07760000
RPUNOLTLOHGGFHF96CB,大華段,.13,都市：住,100000,821,持分移轉,07730000
RPUNOLTLOHGGFHF96CB,大華段,.12,都市：住,100000,821,持分移轉,07740000
RPUNOLTLOHGGFHF96CB,大華段,6.31,都市：住,100000,821,持分移轉,07750000
RPUNOLTLOHGGFHF96CB,大華段,2.09,都市：住,100000,821,持分移轉,07760000
RPXNOLTLOHGGFHF27CB,大華段,.13,都市：住,100000,821,持分移轉,07730000
RPXNOLTLOHGGFHF27CB,大華段,.12,都市：住,100000,821,持分移轉,07740000
RPXNOLTLOHGGFHF27CB,大華段,6.31,都市：住,100000,821,持分移轉,07750000
RPXNOLTLOHGGFHF27CB,大華段,2.09,都市：住,100000,821,持分移轉,07760000
RPVNOLTLOHGGFHF07CB,大華段,.13,都市：住,100000,821,持分移轉,07730000
RPVNOLTLOHGGFHF07CB,大華段,.12,都市：住,100000,821,持分移轉,07740000
RPVNOLTLOHGGFHF07CB,大華段,6.31,都市：住,100000,821,持分移轉,07750000
RPVNOLTLOHGGFHF07CB,大華段,2.09,都市：住,100000,821,持分移轉,07760000
RPOOOLTLOHGGFHF09CB,大華段,.13,都市：住,100000,821,持分移轉,07730000
RPOOOLTLOHGGFHF09CB,大華段,.12,都市：住,100000,821,持分移轉,07740000
RPOOOLTLOHGGFHF09CB,大華段,6.31,都市：住,100000,821,持分移轉,07750000
RPOOOLTLOHGGFHF09CB,大華段,2.09,都市：住,100000,821,持分移轉,07760000
RPPOOLTLOHGGFHF56CB,大華段,.13,都市：住,100000,821,持分移轉,07730000
RPPOOLTLOHGGFHF56CB,大華段,.12,都市：住,100000,821,持分移轉,07740000
RPPOOLTLOHGGFHF56CB,大華段,6.31,都市：住,100000,821,持分移轉,07750000
RPPOOLTLOHGGFHF56CB,大華段,2.09,都市：住,100000,821,持分移轉,07760000
RPQOOLTLOHGGFHF66CB,大華段,.13,都市：住,100000,821,持分移轉,07730000
RPQOOLTLOHGGFHF66CB,大華段,.12,都市：住,100000,821,持分移轉,07740000
RPQOOLTLOHGGFHF66CB,大華段,6.31,都市：住,100000,821,持分移轉,07750000
RPQOOLTLOHGGFHF66CB,大華段,2.09,都市：住,100000,821,持分移轉,07760000
RPSOOLTLOHGGFHF86CB,大華段,.11,都市：住,100000,701,持分移轉,07730000
RPSOOLTLOHGGFHF86CB,大華段,.10,都市：住,100000,701,持分移轉,07740000
RPSOOLTLOHGGFHF86CB,大華段,5.39,都市：住,100000,701,持分移轉,07750000
RPSOOLTLOHGGFHF86CB,大華段,1.79,都市：住,100000,701,持分移轉,07760000
RPTOOLTLOHGGFHF96CB,大華段,.11,都市：住,100000,701,持分移轉,07730000
RPTOOLTLOHGGFHF96CB,大華段,.10,都市：住,100000,701,持分移轉,07740000
RPTOOLTLOHGGFHF96CB,大華段,5.39,都市：住,100000,701,持分移轉,07750000
RPTOOLTLOHGGFHF96CB,大華段,1.79,都市：住,100000,701,持分移轉,07760000
RPROOLTLOHGGFHF76CB,大華段,.13,都市：住,100000,831,持分移轉,07730000
RPROOLTLOHGGFHF76CB,大華段,.12,都市：住,100000,831,持分移轉,07740000
RPROOLTLOHGGFHF76CB,大華段,6.39,都市：住,100000,831,持分移轉,07750000
RPROOLTLOHGGFHF76CB,大華段,2.12,都市：住,100000,831,持分移轉,07760000
RPVOOLTLOHGGFHF17CB,大華段,.11,都市：住,100000,701,持分移轉,07730000
RPVOOLTLOHGGFHF17CB,大華段,.10,都市：住,100000,701,持分移轉,07740000
RPVOOLTLOHGGFHF17CB,大華段,5.39,都市：住,100000,701,持分移轉,07750000
RPVOOLTLOHGGFHF17CB,大華段,1.79,都市：住,100000,701,持分移轉,07760000
RPUOOLTLOHGGFHF07CB,大華段,.11,都市：住,100000,721,持分移轉,07730000
RPUOOLTLOHGGFHF07CB,大華段,.10,都市：住,100000,721,持分移轉,07740000
RPUOOLTLOHGGFHF07CB,大華段,5.54,都市：住,100000,721,持分移轉,07750000
RPUOOLTLOHGGFHF07CB,大華段,1.84,都市：住,100000,721,持分移轉,07760000
RPWOOLTLOHGGFHF27CB,大華段,.11,都市：住,100000,701,持分移轉,07730000
RPWOOLTLOHGGFHF27CB,大華段,.10,都市：住,100000,701,持分移轉,07740000
RPWOOLTLOHGGFHF27CB,大華段,5.39,都市：住,100000,701,持分移轉,07750000
RPXOOLTLOHGGFHF37CB,大華段,.11,都市：住,100000,711,持分移轉,07730000
RPWOOLTLOHGGFHF27CB,大華段,1.79,都市：住,100000,701,持分移轉,07760000
RPXOOLTLOHGGFHF37CB,大華段,.10,都市：住,100000,711,持分移轉,07740000
RPXOOLTLOHGGFHF37CB,大華段,5.47,都市：住,100000,711,持分移轉,07750000
RPXOOLTLOHGGFHF37CB,大華段,1.81,都市：住,100000,711,持分移轉,07760000
RPOPOLTLOHGGFHF56CB,大華段,.11,都市：住,100000,701,持分移轉,07730000
RPOPOLTLOHGGFHF56CB,大華段,.10,都市：住,100000,701,持分移轉,07740000
RPOPOLTLOHGGFHF56CB,大華段,5.39,都市：住,100000,701,持分移轉,07750000
RPOPOLTLOHGGFHF56CB,大華段,1.79,都市：住,100000,701,持分移轉,07760000
RPQPOLTLOHGGFHF76CB,大華段,.11,都市：住,100000,701,持分移轉,07730000
RPQPOLTLOHGGFHF76CB,大華段,.10,都市：住,100000,701,持分移轉,07740000
RPQPOLTLOHGGFHF76CB,大華段,5.39,都市：住,100000,701,持分移轉,07750000
RPQPOLTLOHGGFHF76CB,大華段,1.79,都市：住,100000,701,持分移轉,07760000
RPPPOLTLOHGGFHF66CB,大華段,.11,都市：住,100000,711,持分移轉,07730000
RPPPOLTLOHGGFHF66CB,大華段,.10,都市：住,100000,711,持分移轉,07740000
RPPPOLTLOHGGFHF66CB,大華段,5.47,都市：住,100000,711,持分移轉,07750000
RPPPOLTLOHGGFHF66CB,大華段,1.81,都市：住,100000,711,持分移轉,07760000
RPURMLKMOHGGFIF09CB,鳳鳴段,29.14,都市：住,100000,1043,持分移轉,00310001
RPRPOLTLOHGGFHF86CB,大華段,.11,都市：住,100000,701,持分移轉,07730000
RPRPOLTLOHGGFHF86CB,大華段,.10,都市：住,100000,701,持分移轉,07740000
RPRPOLTLOHGGFHF86CB,大華段,5.39,都市：住,100000,701,持分移轉,07750000
RPRPOLTLOHGGFHF86CB,大華段,1.79,都市：住,100000,701,持分移轉,07760000
RPSNMLLJPHGGFGF18CB,大安段,8.83,都市：住,100000,268,持分移轉,05630000
RPWNMLLJPHGGFGF58CB,仁信段,18.60,都市：住,100000,2297,持分移轉,01110000
RPQOMLLJPHGGFGF08CB,仁信段,16.49,都市：住,100000,1730,持分移轉,00050000
RPVRMLKMOHGGFIF56CB,鳳鳴段,29.14,都市：住,100000,1043,持分移轉,00310001
RPOOMLLJPHGGFGF87CB,仁信段,15.66,都市：住,100000,1934,持分移轉,01110000
RPSOMLLJPHGGFGF28CB,仁信段,16.49,都市：住,100000,1730,持分移轉,00050000
RPPNMLLJPHGGFAF27CB,江翠段,5.17,都市：商,10000,45,持分移轉,00120000
RPPNMLLJPHGGFAF27CB,江翠段,1.25,都市：商,10000,45,持分移轉,00130000
RPRNMLLJPHGGFAF47CB,江翠段,8.38,都市：商,10000,73,持分移轉,00120000
RPQNMLLJPHGGFAF37CB,江翠段,8.38,都市：商,10000,73,持分移轉,00120000
RPRNMLLJPHGGFAF47CB,江翠段,2.02,都市：商,10000,73,持分移轉,00130000
RPQNMLLJPHGGFAF37CB,江翠段,2.02,都市：商,10000,73,持分移轉,00130000
RPSNMLLJPHGGFAF57CB,江翠段,8.38,都市：商,10000,73,持分移轉,00120000
RPSNMLLJPHGGFAF57CB,江翠段,2.02,都市：商,10000,73,持分移轉,00130000
RPUNMLLJPHGGFAF77CB,江翠段,8.38,都市：商,10000,73,持分移轉,00120000
RPUNMLLJPHGGFAF77CB,江翠段,2.02,都市：商,10000,73,持分移轉,00130000
RPVNMLLJPHGGFAF87CB,江翠段,7.12,都市：商,10000,62,持分移轉,00120000
RPVNMLLJPHGGFAF87CB,江翠段,1.72,都市：商,10000,62,持分移轉,00130000
RPOOMLLJPHGGFAF27CB,江翠段,7.12,都市：商,10000,62,持分移轉,00120000
RPOOMLLJPHGGFAF27CB,江翠段,1.72,都市：商,10000,62,持分移轉,00130000
RPQOMLLJPHGGFAF47CB,江翠段,7.12,都市：商,10000,62,持分移轉,00120000
RPQOMLLJPHGGFAF47CB,江翠段,1.72,都市：商,10000,62,持分移轉,00130000
RPPOMLLJPHGGFAF37CB,江翠段,7.12,都市：商,10000,62,持分移轉,00120000
RPWNMLLJPHGGFAF97CB,江翠段,7.12,都市：商,10000,62,持分移轉,00120000
RPPOMLLJPHGGFAF37CB,江翠段,1.72,都市：商,10000,62,持分移轉,00130000
RPWNMLLJPHGGFAF97CB,江翠段,1.72,都市：商,10000,62,持分移轉,00130000
RPROMLLJPHGGFAF57CB,江翠段,7.12,都市：商,10000,62,持分移轉,00120000
RPROMLLJPHGGFAF57CB,江翠段,1.72,都市：商,10000,62,持分移轉,00130000
RPTOMLLJPHGGFAF77CB,江翠段,6.66,都市：商,10000,58,持分移轉,00120000
RPTOMLLJPHGGFAF77CB,江翠段,1.61,都市：商,10000,58,持分移轉,00130000
RPVOMLLJPHGGFAF97CB,江翠段,6.66,都市：商,10000,58,持分移轉,00120000
RPVOMLLJPHGGFAF97CB,江翠段,1.61,都市：商,10000,58,持分移轉,00130000
RPUOMLLJPHGGFAF87CB,江翠段,6.66,都市：商,10000,58,持分移轉,00120000
RPUOMLLJPHGGFAF87CB,江翠段,1.61,都市：商,10000,58,持分移轉,00130000
RPXOMLLJPHGGFAF18CB,江翠段,6.66,都市：商,10000,58,持分移轉,00120000
RPXOMLLJPHGGFAF18CB,江翠段,1.61,都市：商,10000,58,持分移轉,00130000
RPWOMLLJPHGGFAF08CB,江翠段,6.66,都市：商,10000,58,持分移轉,00120000
RPWOMLLJPHGGFAF08CB,江翠段,1.61,都市：商,10000,58,持分移轉,00130000
RPQPMLLJPHGGFAF57CB,江翠段,8.50,都市：商,10000,74,持分移轉,00120000
RPQPMLLJPHGGFAF57CB,江翠段,2.05,都市：商,10000,74,持分移轉,00130000
RPOPMLLJPHGGFAF37CB,江翠段,6.66,都市：商,10000,58,持分移轉,00120000
RPOPMLLJPHGGFAF37CB,江翠段,1.61,都市：商,10000,58,持分移轉,00130000
RPPPMLLJPHGGFAF47CB,江翠段,8.50,都市：商,10000,74,持分移轉,00120000
RPPPMLLJPHGGFAF47CB,江翠段,2.05,都市：商,10000,74,持分移轉,00130000
RPRPMLLJPHGGFAF67CB,江翠段,8.50,都市：商,10000,74,持分移轉,00120000
RPRPMLLJPHGGFAF67CB,江翠段,2.05,都市：商,10000,74,持分移轉,00130000
RPSPMLLJPHGGFAF77CB,江翠段,8.50,都市：商,10000,74,持分移轉,00120000
RPSPMLLJPHGGFAF77CB,江翠段,2.05,都市：商,10000,74,持分移轉,00130000
RPTPMLLJPHGGFAF87CB,江翠段,8.50,都市：商,10000,74,持分移轉,00120000
RPTPMLLJPHGGFAF87CB,江翠段,2.05,都市：商,10000,74,持分移轉,00130000
RPXPMLLJPHGGFAF28CB,江翠段,7.81,都市：商,10000,68,持分移轉,00120000
RPXPMLLJPHGGFAF28CB,江翠段,1.88,都市：商,10000,68,持分移轉,00130000
RPVPMLLJPHGGFAF08CB,江翠段,5.17,都市：商,10000,45,持分移轉,00120000
RPVPMLLJPHGGFAF08CB,江翠段,1.25,都市：商,10000,45,持分移轉,00130000
RPWPMLLJPHGGFAF18CB,江翠段,5.28,都市：商,10000,46,持分移轉,00120000
RPWPMLLJPHGGFAF18CB,江翠段,1.27,都市：商,10000,46,持分移轉,00130000
RPOQMLLJPHGGFAF47CB,江翠段,7.81,都市：商,10000,68,持分移轉,00120000
RPOQMLLJPHGGFAF47CB,江翠段,1.88,都市：商,10000,68,持分移轉,00130000
RPRQMLLJPHGGFAF77CB,江翠段,7.81,都市：商,10000,68,持分移轉,00120000
RPRQMLLJPHGGFAF77CB,江翠段,1.88,都市：商,10000,68,持分移轉,00130000
RPPQMLLJPHGGFAF57CB,江翠段,7.81,都市：商,10000,68,持分移轉,00120000
RPQQMLLJPHGGFAF67CB,江翠段,7.81,都市：商,10000,68,持分移轉,00120000
RPPQMLLJPHGGFAF57CB,江翠段,1.88,都市：商,10000,68,持分移轉,00130000
RPQQMLLJPHGGFAF67CB,江翠段,1.88,都市：商,10000,68,持分移轉,00130000
RPSQMLLJPHGGFAF87CB,江翠段,7.81,都市：商,10000,68,持分移轉,00120000
RPSQMLLJPHGGFAF87CB,江翠段,1.88,都市：商,10000,68,持分移轉,00130000
RPTQMLLJPHGGFAF97CB,江翠段,7.81,都市：商,10000,68,持分移轉,00120000
RPTQMLLJPHGGFAF97CB,江翠段,1.88,都市：商,10000,68,持分移轉,00130000
RPUQMLLJPHGGFAF08CB,江翠段,7.81,都市：商,10000,68,持分移轉,00120000
RPUQMLLJPHGGFAF08CB,江翠段,1.88,都市：商,10000,68,持分移轉,00130000
RPXQMLLJPHGGFAF38CB,江翠段,7.12,都市：商,10000,62,持分移轉,00120000
RPXQMLLJPHGGFAF38CB,江翠段,1.72,都市：商,10000,62,持分移轉,00130000
RPVQMLLJPHGGFAF18CB,江翠段,5.28,都市：商,10000,46,持分移轉,00120000
RPVQMLLJPHGGFAF18CB,江翠段,1.27,都市：商,10000,46,持分移轉,00130000
RPORMLLJPHGGFAF57CB,江翠段,7.12,都市：商,10000,62,持分移轉,00120000
RPORMLLJPHGGFAF57CB,江翠段,1.72,都市：商,10000,62,持分移轉,00130000
RPPRMLLJPHGGFAF67CB,江翠段,7.12,都市：商,10000,62,持分移轉,00120000
RPPRMLLJPHGGFAF67CB,江翠段,1.72,都市：商,10000,62,持分移轉,00130000
RPRRMLLJPHGGFAF87CB,江翠段,7.12,都市：商,10000,62,持分移轉,00120000
RPRRMLLJPHGGFAF87CB,江翠段,1.72,都市：商,10000,62,持分移轉,00130000
RPURMLLJPHGGFAF18CB,江翠段,7.12,都市：商,10000,62,持分移轉,00120000
RPURMLLJPHGGFAF18CB,江翠段,1.72,都市：商,10000,62,持分移轉,00130000
RPTRMLLJPHGGFAF08CB,江翠段,7.12,都市：商,10000,62,持分移轉,00120000
RPTRMLLJPHGGFAF08CB,江翠段,1.72,都市：商,10000,62,持分移轉,00130000
RPVRMLLJPHGGFAF28CB,江翠段,7.12,都市：商,10000,62,持分移轉,00120000
RPVRMLLJPHGGFAF28CB,江翠段,1.72,都市：商,10000,62,持分移轉,00130000
RPWRMLLJPHGGFAF38CB,江翠段,7.12,都市：商,10000,62,持分移轉,00120000
RPWRMLLJPHGGFAF38CB,江翠段,1.72,都市：商,10000,62,持分移轉,00130000
RPOSMLLJPHGGFAF67CB,江翠段,6.77,都市：商,10000,59,持分移轉,00120000
RPOSMLLJPHGGFAF67CB,江翠段,1.63,都市：商,10000,59,持分移轉,00130000
RPPSMLLJPHGGFAF77CB,江翠段,7.12,都市：商,10000,62,持分移轉,00120000
RPPSMLLJPHGGFAF77CB,江翠段,1.72,都市：商,10000,62,持分移轉,00130000
RPQSMLLJPHGGFAF87CB,江翠段,7.12,都市：商,10000,62,持分移轉,00120000
RPQSMLLJPHGGFAF87CB,江翠段,1.72,都市：商,10000,62,持分移轉,00130000
RPRSMLLJPHGGFAF97CB,江翠段,7.12,都市：商,10000,62,持分移轉,00120000
RPRSMLLJPHGGFAF97CB,江翠段,1.72,都市：商,10000,62,持分移轉,00130000
RPUSMLLJPHGGFAF28CB,江翠段,7.12,都市：商,10000,62,持分移轉,00120000
RPUSMLLJPHGGFAF28CB,江翠段,1.72,都市：商,10000,62,持分移轉,00130000
RPSSMLLJPHGGFAF08CB,江翠段,7.12,都市：商,10000,62,持分移轉,00120000
RPSSMLLJPHGGFAF08CB,江翠段,1.72,都市：商,10000,62,持分移轉,00130000
RPTSMLLJPHGGFAF18CB,江翠段,7.12,都市：商,10000,62,持分移轉,00120000
RPTSMLLJPHGGFAF18CB,江翠段,1.72,都市：商,10000,62,持分移轉,00130000
RPXTMLLJPHGGFAF68CB,江翠段,5.63,都市：商,10000,49,持分移轉,00120000
RPXTMLLJPHGGFAF68CB,江翠段,1.36,都市：商,10000,49,持分移轉,00130000
RPUTMLLJPHGGFAF38CB,江翠段,6.77,都市：商,10000,59,持分移轉,00120000
RPUTMLLJPHGGFAF38CB,江翠段,1.63,都市：商,10000,59,持分移轉,00130000
RPTTMLLJPHGGFAF28CB,江翠段,6.77,都市：商,10000,59,持分移轉,00120000
RPTTMLLJPHGGFAF28CB,江翠段,1.63,都市：商,10000,59,持分移轉,00130000
RPWTMLLJPHGGFAF58CB,江翠段,5.63,都市：商,10000,49,持分移轉,00120000
RPWTMLLJPHGGFAF58CB,江翠段,1.36,都市：商,10000,49,持分移轉,00130000
RPOUMLLJPHGGFAF87CB,江翠段,5.28,都市：商,10000,46,持分移轉,00120000
RPOUMLLJPHGGFAF87CB,江翠段,1.27,都市：商,10000,46,持分移轉,00130000
RPPUMLLJPHGGFAF97CB,江翠段,5.28,都市：商,10000,46,持分移轉,00120000
RPPUMLLJPHGGFAF97CB,江翠段,1.27,都市：商,10000,46,持分移轉,00130000
RPSUMLLJPHGGFAF28CB,江翠段,5.28,都市：商,10000,46,持分移轉,00120000
RPSUMLLJPHGGFAF28CB,江翠段,1.27,都市：商,10000,46,持分移轉,00130000
RPRUMLLJPHGGFAF18CB,江翠段,5.28,都市：商,10000,46,持分移轉,00120000
RPRUMLLJPHGGFAF18CB,江翠段,1.27,都市：商,10000,46,持分移轉,00130000
RPTUMLLJPHGGFAF38CB,江翠段,6.66,都市：商,10000,58,持分移轉,00120000
RPTUMLLJPHGGFAF38CB,江翠段,1.61,都市：商,10000,58,持分移轉,00130000
RPPNMLMJPHGGFGF97CB,仁信段,18.60,都市：住,100000,2297,持分移轉,01110000
RPXUMLLJPHGGFAF78CB,江翠段,5.17,都市：商,10000,45,持分移轉,00120000
RPXUMLLJPHGGFAF78CB,江翠段,1.25,都市：商,10000,45,持分移轉,00130000
RPVUMLLJPHGGFAF58CB,江翠段,6.66,都市：商,10000,58,持分移轉,00120000
RPVUMLLJPHGGFAF58CB,江翠段,1.61,都市：商,10000,58,持分移轉,00130000
RPUUMLLJPHGGFAF48CB,江翠段,6.66,都市：商,10000,58,持分移轉,00120000
RPUUMLLJPHGGFAF48CB,江翠段,1.61,都市：商,10000,58,持分移轉,00130000
RPQNMLMJPHGGFGF08CB,仁信段,18.35,都市：住,100000,2267,持分移轉,01110000
RPRNMLMJPHGGFGF18CB,仁信段,16.17,都市：住,100000,1997,持分移轉,01110000
RPUNMLMJPHGGFGF48CB,仁信段,16.45,都市：住,100000,2032,持分移轉,01110000
RPOOMLMJPHGGFGF97CB,仁信段,14.11,都市：住,100000,1480,持分移轉,00050000
RPTNMLMJPHGGFGF38CB,仁信段,16.45,都市：住,100000,2032,持分移轉,01110000
RPPOMLMJPHGGFGF08CB,仁信段,17.73,都市：住,100000,1860,持分移轉,00050000
RPTOMLMJPHGGFGF48CB,仁信段,17.92,都市：住,100000,1880,持分移轉,00050000
RPQOMLMJPHGGFGF18CB,仁信段,13.37,都市：住,100000,1403,持分移轉,00050000
RPROMLMJPHGGFGF28CB,仁信段,18.35,都市：住,100000,2267,持分移轉,01110000
RPSOMLMJPHGGFGF38CB,仁信段,17.92,都市：住,100000,1880,持分移轉,00050000
RPUOMLMJPHGGFGF58CB,仁信段,17.82,都市：住,100000,1870,持分移轉,00050000
RPVOMLMJPHGGFGF68CB,仁信段,14.11,都市：住,100000,1480,持分移轉,00050000
RPWOMLMJPHGGFGF78CB,仁信段,17.82,都市：住,100000,1870,持分移轉,00050000
RPXOMLMJPHGGFGF88CB,仁信段,14.24,都市：住,100000,1494,持分移轉,00050000
RPPPMLMJPHGGFGF18CB,仁信段,17.82,都市：住,100000,1870,持分移轉,00050000
RPOPMLMJPHGGFGF08CB,仁信段,13.47,都市：住,100000,1413,持分移轉,00050000
RPQPMLMJPHGGFGF28CB,仁信段,13.47,都市：住,100000,1413,持分移轉,00050000
RPRPMLMJPHGGFGF38CB,仁信段,14.11,都市：住,100000,1480,持分移轉,00050000
RPUPMLMJPHGGFGF68CB,仁信段,13.37,都市：住,100000,1403,持分移轉,00050000
RPTPMLMJPHGGFGF58CB,仁信段,17.92,都市：住,100000,1880,持分移轉,00050000
RPSPMLMJPHGGFGF48CB,仁信段,14.14,都市：住,100000,1484,持分移轉,00050000
RPVPMLMJPHGGFGF78CB,仁信段,17.94,都市：住,100000,1882,持分移轉,00050000
RPWPMLMJPHGGFGF88CB,仁信段,17.92,都市：住,100000,1880,持分移轉,00050000
RPTNMLMJPHGGFCF97CB,寶強段,2.78,都市：商,10000,89,持分移轉,11950000
RPTNMLMJPHGGFCF97CB,寶強段,2.90,都市：商,10000,89,持分移轉,11960000
RPTNMLMJPHGGFCF97CB,寶強段,2.76,都市：商,10000,89,持分移轉,11710000
RPUNMLMJPHGGFCF08CB,寶強段,6.40,都市：商,10000,205,持分移轉,11950000
RPUNMLMJPHGGFCF08CB,寶強段,6.37,都市：商,10000,205,持分移轉,11710000
RPUNMLMJPHGGFCF08CB,寶強段,6.69,都市：商,10000,205,持分移轉,11960000
RPQNMLMJPHGGFCF67CB,寶強段,2.97,都市：商,10000,95,持分移轉,11950000
RPQNMLMJPHGGFCF67CB,寶強段,2.95,都市：商,10000,95,持分移轉,11710000
RPQNMLMJPHGGFCF67CB,寶強段,3.10,都市：商,10000,95,持分移轉,11960000
RPPNMLMJPHGGFCF57CB,寶強段,2.97,都市：商,10000,95,持分移轉,11950000
RPOQMLMJPHGGFGF18CB,仁信段,15.09,都市：住,100000,1133,持分移轉,00850000
RPPNMLMJPHGGFCF57CB,寶強段,2.95,都市：商,10000,95,持分移轉,11710000
RPPNMLMJPHGGFCF57CB,寶強段,3.10,都市：商,10000,95,持分移轉,11960000
RPRNMLMJPHGGFCF77CB,寶強段,2.97,都市：商,10000,95,持分移轉,11950000
RPRNMLMJPHGGFCF77CB,寶強段,2.95,都市：商,10000,95,持分移轉,11710000
RPRNMLMJPHGGFCF77CB,寶強段,3.10,都市：商,10000,95,持分移轉,11960000
RPXPMLMJPHGGFGF98CB,仁信段,16.89,都市：住,100000,1268,持分移轉,00850000
RPSNMLMJPHGGFCF87CB,寶強段,2.97,都市：商,10000,95,持分移轉,11950000
RPSNMLMJPHGGFCF87CB,寶強段,2.95,都市：商,10000,95,持分移轉,11710000
RPSNMLMJPHGGFCF87CB,寶強段,3.10,都市：商,10000,95,持分移轉,11960000
RPVNMLMJPHGGFCF18CB,寶強段,2.65,都市：商,10000,85,持分移轉,11950000
RPVNMLMJPHGGFCF18CB,寶強段,2.64,都市：商,10000,85,持分移轉,11710000
RPVNMLMJPHGGFCF18CB,寶強段,2.77,都市：商,10000,85,持分移轉,11960000
RPWNMLMJPHGGFCF28CB,寶強段,2.65,都市：商,10000,85,持分移轉,11950000
RPWNMLMJPHGGFCF28CB,寶強段,2.64,都市：商,10000,85,持分移轉,11710000
RPWNMLMJPHGGFCF28CB,寶強段,2.77,都市：商,10000,85,持分移轉,11960000
RPSNMLMJPHGGFHF38CB,南山段,14.69,都市：住,100000,790,持分移轉,04870000
RPRNMLMJPHGGFHF28CB,南山段,14.69,都市：住,100000,790,持分移轉,04870000
RPXNMLMJPHGGFCF38CB,寶強段,2.65,都市：商,10000,85,持分移轉,11950000
RPXNMLMJPHGGFCF38CB,寶強段,2.64,都市：商,10000,85,持分移轉,11710000
RPXNMLMJPHGGFCF38CB,寶強段,2.77,都市：商,10000,85,持分移轉,11960000
RPPNMLMJPHGGFHF08CB,南山段,14.69,都市：住,100000,790,持分移轉,04870000
RPOOMLMJPHGGFCF57CB,寶強段,2.65,都市：商,10000,85,持分移轉,11950000
RPOOMLMJPHGGFCF57CB,寶強段,2.64,都市：商,10000,85,持分移轉,11710000
RPOOMLMJPHGGFCF57CB,寶強段,2.77,都市：商,10000,85,持分移轉,11960000
RPUNMLMJPHGGFHF58CB,南山段,14.30,都市：住,100000,769,持分移轉,04870000
RPTNMLMJPHGGFHF48CB,南山段,14.69,都市：住,100000,790,持分移轉,04870000
RPVNMLMJPHGGFHF68CB,南山段,12.44,都市：住,100000,669,持分移轉,04870000
RPWNMLMJPHGGFHF78CB,南山段,12.36,都市：住,100000,665,持分移轉,04870000
RPROMLMJPHGGFHF38CB,南山段,15.45,都市：住,100000,831,持分移轉,04870000
RPOOMLMJPHGGFHF08CB,南山段,14.22,都市：住,100000,765,持分移轉,04870000
RPTOMLMJPHGGFHF58CB,南山段,15.45,都市：住,100000,831,持分移轉,04870000
RPUOMLMJPHGGFHF68CB,南山段,15.45,都市：住,100000,831,持分移轉,04870000
RPWOMLMJPHGGFHF88CB,南山段,17.31,都市：住,100000,931,持分移轉,04870000
RPVOMLMJPHGGFHF78CB,南山段,15.45,都市：住,100000,831,持分移轉,04870000
RPSOMLMJPHGGFHF48CB,南山段,15.45,都市：住,100000,831,持分移轉,04870000
RPOPMLMJPHGGFHF18CB,南山段,15.06,都市：住,100000,810,持分移轉,04870000
RPXOMLMJPHGGFHF98CB,南山段,15.06,都市：住,100000,810,持分移轉,04870000
RPPPMLMJPHGGFHF28CB,南山段,15.06,都市：住,100000,810,持分移轉,04870000
RPRPMLMJPHGGFHF48CB,南山段,16.92,都市：住,100000,910,持分移轉,04870000
RPTPMLMJPHGGFHF68CB,南山段,9.15,都市：住,100000,492,持分移轉,04870000
RPWPMLMJPHGGFHF98CB,南山段,9.15,都市：住,100000,492,持分移轉,04870000
RPVPMLMJPHGGFHF88CB,南山段,9.15,都市：住,100000,492,持分移轉,04870000
RPSPMLMJPHGGFHF58CB,南山段,9.15,都市：住,100000,492,持分移轉,04870000
RPUPMLMJPHGGFHF78CB,南山段,9.15,都市：住,100000,492,持分移轉,04870000
RPOQMLMJPHGGFHF28CB,南山段,9.15,都市：住,100000,492,持分移轉,04870000
RPXPMLMJPHGGFHF09CB,南山段,9.15,都市：住,100000,492,持分移轉,04870000
RPPQMLMJPHGGFHF38CB,南山段,11.01,都市：住,100000,592,持分移轉,04870000
RPQQMLMJPHGGFHF48CB,南山段,11.01,都市：住,100000,592,持分移轉,04870000
RPRQMLMJPHGGFHF58CB,南山段,11.01,都市：住,100000,592,持分移轉,04870000
RPVQMLMJPHGGFHF98CB,南山段,10.69,都市：住,100000,575,持分移轉,04870000
RPUQMLMJPHGGFHF88CB,南山段,8.83,都市：住,100000,475,持分移轉,04870000
RPTQMLMJPHGGFHF78CB,南山段,10.69,都市：住,100000,575,持分移轉,04870000
RPSQMLMJPHGGFHF68CB,南山段,8.83,都市：住,100000,475,持分移轉,04870000
RPWQMLMJPHGGFHF09CB,南山段,11.01,都市：住,100000,592,持分移轉,04870000
RPPRMLMJPHGGFHF48CB,南山段,11.01,都市：住,100000,592,持分移轉,04870000
RPXQMLMJPHGGFHF56CB,南山段,11.01,都市：住,100000,592,持分移轉,04870000
RPQRMLMJPHGGFHF58CB,南山段,11.01,都市：住,100000,592,持分移轉,04870000
RPORMLMJPHGGFHF38CB,南山段,11.01,都市：住,100000,592,持分移轉,04870000
RPRRMLMJPHGGFHF68CB,南山段,11.01,都市：住,100000,592,持分移轉,04870000
RPPNMLNJPHGGFCF67CB,寶強段,2.65,都市：商,10000,85,持分移轉,11950000
RPPNMLNJPHGGFCF67CB,寶強段,2.64,都市：商,10000,85,持分移轉,11710000
RPSRMLMJPHGGFHF78CB,南山段,9.15,都市：住,100000,492,持分移轉,04870000
RPPNMLNJPHGGFCF67CB,寶強段,2.77,都市：商,10000,85,持分移轉,11960000
RPQNMLNJPHGGFCF77CB,寶強段,2.75,都市：商,10000,88,持分移轉,11950000
RPQNMLNJPHGGFCF77CB,寶強段,2.73,都市：商,10000,88,持分移轉,11710000
RPQNMLNJPHGGFCF77CB,寶強段,2.87,都市：商,10000,88,持分移轉,11960000
RPRNMLNJPHGGFCF87CB,寶強段,2.65,都市：商,10000,85,持分移轉,11950000
RPRNMLNJPHGGFCF87CB,寶強段,2.64,都市：商,10000,85,持分移轉,11710000
RPRNMLNJPHGGFCF87CB,寶強段,2.77,都市：商,10000,85,持分移轉,11960000
RPSNMLNJPHGGFCF97CB,寶強段,2.65,都市：商,10000,85,持分移轉,11950000
RPSNMLNJPHGGFCF97CB,寶強段,2.64,都市：商,10000,85,持分移轉,11710000
RPSNMLNJPHGGFCF97CB,寶強段,2.77,都市：商,10000,85,持分移轉,11960000
RPVNMLNJPHGGFCF28CB,寶強段,2.65,都市：商,10000,85,持分移轉,11950000
RPVNMLNJPHGGFCF28CB,寶強段,2.64,都市：商,10000,85,持分移轉,11710000
RPVNMLNJPHGGFCF28CB,寶強段,2.77,都市：商,10000,85,持分移轉,11960000
RPTNMLNJPHGGFCF08CB,寶強段,2.65,都市：商,10000,85,持分移轉,11950000
RPTNMLNJPHGGFCF08CB,寶強段,2.64,都市：商,10000,85,持分移轉,11710000
RPTNMLNJPHGGFCF08CB,寶強段,2.77,都市：商,10000,85,持分移轉,11960000
RPWNMLNJPHGGFCF38CB,寶強段,2.65,都市：商,10000,85,持分移轉,11950000
RPWNMLNJPHGGFCF38CB,寶強段,2.64,都市：商,10000,85,持分移轉,11710000
RPWNMLNJPHGGFCF38CB,寶強段,2.77,都市：商,10000,85,持分移轉,11960000
RPUNMLNJPHGGFCF18CB,寶強段,2.65,都市：商,10000,85,持分移轉,11950000
RPUNMLNJPHGGFCF18CB,寶強段,2.64,都市：商,10000,85,持分移轉,11710000
RPUNMLNJPHGGFCF18CB,寶強段,2.77,都市：商,10000,85,持分移轉,11960000
RPXNMLNJPHGGFCF48CB,寶強段,3.21,都市：商,10000,103,持分移轉,11950000
RPXNMLNJPHGGFCF48CB,寶強段,3.20,都市：商,10000,103,持分移轉,11710000
RPXNMLNJPHGGFCF48CB,寶強段,3.36,都市：商,10000,103,持分移轉,11960000
RPROMLNJPHGGFCF97CB,寶強段,2.18,都市：商,10000,70,持分移轉,11950000
RPROMLNJPHGGFCF97CB,寶強段,2.17,都市：商,10000,70,持分移轉,11710000
RPROMLNJPHGGFCF97CB,寶強段,2.28,都市：商,10000,70,持分移轉,11960000
RPPOMLNJPHGGFCF77CB,寶強段,2.18,都市：商,10000,70,持分移轉,11950000
RPPOMLNJPHGGFCF77CB,寶強段,2.17,都市：商,10000,70,持分移轉,11710000
RPPOMLNJPHGGFCF77CB,寶強段,2.28,都市：商,10000,70,持分移轉,11960000
RPOOMLNJPHGGFCF67CB,寶強段,3.21,都市：商,10000,103,持分移轉,11950000
RPOOMLNJPHGGFCF67CB,寶強段,3.20,都市：商,10000,103,持分移轉,11710000
RPOOMLNJPHGGFCF67CB,寶強段,3.36,都市：商,10000,103,持分移轉,11960000
RPQOMLNJPHGGFCF87CB,寶強段,2.18,都市：商,10000,70,持分移轉,11950000
RPQOMLNJPHGGFCF87CB,寶強段,2.17,都市：商,10000,70,持分移轉,11710000
RPQOMLNJPHGGFCF87CB,寶強段,2.28,都市：商,10000,70,持分移轉,11960000
RPSOMLNJPHGGFCF08CB,寶強段,2.50,都市：商,10000,80,持分移轉,11950000
RPSOMLNJPHGGFCF08CB,寶強段,2.48,都市：商,10000,80,持分移轉,11710000
RPSOMLNJPHGGFCF08CB,寶強段,2.61,都市：商,10000,80,持分移轉,11960000
RPTOMLNJPHGGFCF18CB,寶強段,2.37,都市：商,10000,76,持分移轉,11950000
RPTOMLNJPHGGFCF18CB,寶強段,2.36,都市：商,10000,76,持分移轉,11710000
RPTOMLNJPHGGFCF18CB,寶強段,2.48,都市：商,10000,76,持分移轉,11960000
RPUOMLNJPHGGFCF28CB,寶強段,2.37,都市：商,10000,76,持分移轉,11950000
RPUOMLNJPHGGFCF28CB,寶強段,2.36,都市：商,10000,76,持分移轉,11710000
RPUOMLNJPHGGFCF28CB,寶強段,2.48,都市：商,10000,76,持分移轉,11960000
RPVOMLNJPHGGFCF38CB,寶強段,2.36,都市：商,10000,76,持分移轉,11710000
RPVOMLNJPHGGFCF38CB,寶強段,2.37,都市：商,10000,76,持分移轉,11950000
RPVOMLNJPHGGFCF38CB,寶強段,2.48,都市：商,10000,76,持分移轉,11960000
RPXOMLNJPHGGFCF58CB,寶強段,4.81,都市：商,10000,154,持分移轉,11950000
RPXOMLNJPHGGFCF58CB,寶強段,4.78,都市：商,10000,154,持分移轉,11710000
RPXOMLNJPHGGFCF58CB,寶強段,5.03,都市：商,10000,154,持分移轉,11960000
RPWOMLNJPHGGFCF48CB,寶強段,4.81,都市：商,10000,154,持分移轉,11950000
RPWOMLNJPHGGFCF48CB,寶強段,4.78,都市：商,10000,154,持分移轉,11710000
RPWOMLNJPHGGFCF48CB,寶強段,5.03,都市：商,10000,154,持分移轉,11960000
RPOPMLNJPHGGFCF77CB,寶強段,2.43,都市：商,10000,78,持分移轉,11950000
RPOPMLNJPHGGFCF77CB,寶強段,2.42,都市：商,10000,78,持分移轉,11710000
RPOPMLNJPHGGFCF77CB,寶強段,2.55,都市：商,10000,78,持分移轉,11960000
RPPPMLNJPHGGFCF87CB,寶強段,2.43,都市：商,10000,78,持分移轉,11950000
RPPPMLNJPHGGFCF87CB,寶強段,2.42,都市：商,10000,78,持分移轉,11710000
RPPPMLNJPHGGFCF87CB,寶強段,2.55,都市：商,10000,78,持分移轉,11960000
RPQPMLNJPHGGFCF97CB,寶強段,2.55,都市：商,10000,78,持分移轉,11960000
RPQPMLNJPHGGFCF97CB,寶強段,2.42,都市：商,10000,78,持分移轉,11710000
RPQPMLNJPHGGFCF97CB,寶強段,2.43,都市：商,10000,78,持分移轉,11950000
RPRPMLNJPHGGFCF08CB,寶強段,4.37,都市：商,10000,140,持分移轉,11950000
RPRPMLNJPHGGFCF08CB,寶強段,4.35,都市：商,10000,140,持分移轉,11710000
RPRPMLNJPHGGFCF08CB,寶強段,4.57,都市：商,10000,140,持分移轉,11960000
RPTPMLNJPHGGFCF28CB,寶強段,1.72,都市：商,10000,55,持分移轉,11950000
RPTPMLNJPHGGFCF28CB,寶強段,1.71,都市：商,10000,55,持分移轉,11710000
RPTPMLNJPHGGFCF28CB,寶強段,1.80,都市：商,10000,55,持分移轉,11960000
RPSPMLNJPHGGFCF18CB,寶強段,4.37,都市：商,10000,140,持分移轉,11950000
RPSPMLNJPHGGFCF18CB,寶強段,4.35,都市：商,10000,140,持分移轉,11710000
RPSPMLNJPHGGFCF18CB,寶強段,4.57,都市：商,10000,140,持分移轉,11960000
RPVPMLNJPHGGFCF48CB,寶強段,2.25,都市：商,10000,72,持分移轉,11950000
RPUPMLNJPHGGFCF38CB,寶強段,2.25,都市：商,10000,72,持分移轉,11950000
RPVPMLNJPHGGFCF48CB,寶強段,2.24,都市：商,10000,72,持分移轉,11710000
RPUPMLNJPHGGFCF38CB,寶強段,2.24,都市：商,10000,72,持分移轉,11710000
RPVPMLNJPHGGFCF48CB,寶強段,2.35,都市：商,10000,72,持分移轉,11960000
RPUPMLNJPHGGFCF38CB,寶強段,2.35,都市：商,10000,72,持分移轉,11960000
RPWPMLNJPHGGFCF58CB,寶強段,2.25,都市：商,10000,72,持分移轉,11950000
RPWPMLNJPHGGFCF58CB,寶強段,2.24,都市：商,10000,72,持分移轉,11710000
RPWPMLNJPHGGFCF58CB,寶強段,2.35,都市：商,10000,72,持分移轉,11960000
RPXPMLNJPHGGFCF68CB,寶強段,2.09,都市：商,10000,67,持分移轉,11950000
RPXPMLNJPHGGFCF68CB,寶強段,2.08,都市：商,10000,67,持分移轉,11710000
RPXPMLNJPHGGFCF68CB,寶強段,2.19,都市：商,10000,67,持分移轉,11960000
RPRQMLNJPHGGFCF18CB,寶強段,2.87,都市：商,10000,92,持分移轉,11950000
RPRQMLNJPHGGFCF18CB,寶強段,2.86,都市：商,10000,92,持分移轉,11710000
RPRQMLNJPHGGFCF18CB,寶強段,3.00,都市：商,10000,92,持分移轉,11960000
RPOQMLNJPHGGFCF87CB,寶強段,2.09,都市：商,10000,67,持分移轉,11950000
RPOQMLNJPHGGFCF87CB,寶強段,2.08,都市：商,10000,67,持分移轉,11710000
RPOQMLNJPHGGFCF87CB,寶強段,2.19,都市：商,10000,67,持分移轉,11960000
RPPQMLNJPHGGFCF97CB,寶強段,2.87,都市：商,10000,92,持分移轉,11950000
RPQQMLNJPHGGFCF08CB,寶強段,2.87,都市：商,10000,92,持分移轉,11950000
RPPQMLNJPHGGFCF97CB,寶強段,2.86,都市：商,10000,92,持分移轉,11710000
RPQQMLNJPHGGFCF08CB,寶強段,2.86,都市：商,10000,92,持分移轉,11710000
RPPQMLNJPHGGFCF97CB,寶強段,3.00,都市：商,10000,92,持分移轉,11960000
RPQQMLNJPHGGFCF08CB,寶強段,3.00,都市：商,10000,92,持分移轉,11960000
RPUQMLNJPHGGFCF48CB,寶強段,3.00,都市：商,10000,96,持分移轉,11950000
RPVQMLNJPHGGFCF58CB,寶強段,3.00,都市：商,10000,96,持分移轉,11950000
RPUQMLNJPHGGFCF48CB,寶強段,3.13,都市：商,10000,96,持分移轉,11960000
RPVQMLNJPHGGFCF58CB,寶強段,2.98,都市：商,10000,96,持分移轉,11710000
RPUQMLNJPHGGFCF48CB,寶強段,2.98,都市：商,10000,96,持分移轉,11710000
RPVQMLNJPHGGFCF58CB,寶強段,3.13,都市：商,10000,96,持分移轉,11960000
RPTQMLNJPHGGFCF38CB,寶強段,3.00,都市：商,10000,96,持分移轉,11950000
RPTQMLNJPHGGFCF38CB,寶強段,2.98,都市：商,10000,96,持分移轉,11710000
RPTQMLNJPHGGFCF38CB,寶強段,3.13,都市：商,10000,96,持分移轉,11960000
RPSQMLNJPHGGFCF28CB,寶強段,3.00,都市：商,10000,96,持分移轉,11950000
RPSQMLNJPHGGFCF28CB,寶強段,2.98,都市：商,10000,96,持分移轉,11710000
RPSQMLNJPHGGFCF28CB,寶強段,3.13,都市：商,10000,96,持分移轉,11960000
RPQNMLNJPHGGFGF18CB,大安段,7.25,都市：住,100000,220,持分移轉,05630000
RPPNMLNJPHGGFGF08CB,大安段,7.25,都市：住,100000,220,持分移轉,05630000
RPXOMLOJPHGGFAF48CB,明德段,6.51,都市：住,100000,1164,持分移轉,03060000
RPXOMLOJPHGGFAF48CB,明德段,6.77,都市：住,100000,1164,持分移轉,03070000
RPXOMLOJPHGGFAF48CB,明德段,6.79,都市：住,100000,1164,持分移轉,03080000
RPWOMLOJPHGGFAF38CB,明德段,6.51,都市：住,100000,1164,持分移轉,03060000
RPWOMLOJPHGGFAF38CB,明德段,6.77,都市：住,100000,1164,持分移轉,03070000
RPWOMLOJPHGGFAF38CB,明德段,6.79,都市：住,100000,1164,持分移轉,03080000
RPPPMLOJPHGGFAF77CB,明德段,6.51,都市：住,100000,1164,持分移轉,03060000
RPPPMLOJPHGGFAF77CB,明德段,6.77,都市：住,100000,1164,持分移轉,03070000
RPPPMLOJPHGGFAF77CB,明德段,6.79,都市：住,100000,1164,持分移轉,03080000
RPOPMLOJPHGGFAF67CB,明德段,6.51,都市：住,100000,1164,持分移轉,03060000
RPOPMLOJPHGGFAF67CB,明德段,6.77,都市：住,100000,1164,持分移轉,03070000
RPOPMLOJPHGGFAF67CB,明德段,6.79,都市：住,100000,1164,持分移轉,03080000
RPRPMLOJPHGGFAF97CB,明德段,5.23,都市：住,100000,936,持分移轉,03060000
RPRPMLOJPHGGFAF97CB,明德段,5.44,都市：住,100000,936,持分移轉,03070000
RPRPMLOJPHGGFAF97CB,明德段,5.46,都市：住,100000,936,持分移轉,03080000
RPTPMLOJPHGGFAF18CB,明德段,5.29,都市：住,100000,946,持分移轉,03060000
RPTPMLOJPHGGFAF18CB,明德段,5.50,都市：住,100000,946,持分移轉,03070000
RPSPMLOJPHGGFAF08CB,明德段,5.23,都市：住,100000,936,持分移轉,03060000
RPTPMLOJPHGGFAF18CB,明德段,5.52,都市：住,100000,946,持分移轉,03080000
RPSPMLOJPHGGFAF08CB,明德段,5.44,都市：住,100000,936,持分移轉,03070000
RPQPMLOJPHGGFAF87CB,明德段,5.23,都市：住,100000,936,持分移轉,03060000
RPSPMLOJPHGGFAF08CB,明德段,5.46,都市：住,100000,936,持分移轉,03080000
RPQPMLOJPHGGFAF87CB,明德段,5.44,都市：住,100000,936,持分移轉,03070000
RPQPMLOJPHGGFAF87CB,明德段,5.46,都市：住,100000,936,持分移轉,03080000
RPUPMLOJPHGGFAF28CB,明德段,5.23,都市：住,100000,936,持分移轉,03060000
RPUPMLOJPHGGFAF28CB,明德段,5.44,都市：住,100000,936,持分移轉,03070000
RPUPMLOJPHGGFAF28CB,明德段,5.46,都市：住,100000,936,持分移轉,03080000
RPVPMLOJPHGGFAF38CB,明德段,5.23,都市：住,100000,936,持分移轉,03060000
RPVPMLOJPHGGFAF38CB,明德段,5.44,都市：住,100000,936,持分移轉,03070000
RPVPMLOJPHGGFAF38CB,明德段,5.46,都市：住,100000,936,持分移轉,03080000
RPOQMLOJPHGGFAF77CB,明德段,5.23,都市：住,100000,936,持分移轉,03060000
RPOQMLOJPHGGFAF77CB,明德段,5.44,都市：住,100000,936,持分移轉,03070000
RPOQMLOJPHGGFAF77CB,明德段,5.46,都市：住,100000,936,持分移轉,03080000
RPPQMLOJPHGGFAF87CB,明德段,5.23,都市：住,100000,936,持分移轉,03060000
RPPQMLOJPHGGFAF87CB,明德段,5.44,都市：住,100000,936,持分移轉,03070000
RPPQMLOJPHGGFAF87CB,明德段,5.46,都市：住,100000,936,持分移轉,03080000
RPWPMLOJPHGGFAF48CB,明德段,5.23,都市：住,100000,936,持分移轉,03060000
RPWPMLOJPHGGFAF48CB,明德段,5.44,都市：住,100000,936,持分移轉,03070000
RPWPMLOJPHGGFAF48CB,明德段,5.46,都市：住,100000,936,持分移轉,03080000
RPXPMLOJPHGGFAF58CB,明德段,5.23,都市：住,100000,936,持分移轉,03060000
RPXPMLOJPHGGFAF58CB,明德段,5.44,都市：住,100000,936,持分移轉,03070000
RPXPMLOJPHGGFAF58CB,明德段,5.46,都市：住,100000,936,持分移轉,03080000
RPTQMLOJPHGGFAF28CB,明德段,5.23,都市：住,100000,936,持分移轉,03060000
RPTQMLOJPHGGFAF28CB,明德段,5.44,都市：住,100000,936,持分移轉,03070000
RPTQMLOJPHGGFAF28CB,明德段,5.46,都市：住,100000,936,持分移轉,03080000
RPSQMLOJPHGGFAF18CB,明德段,5.23,都市：住,100000,936,持分移轉,03060000
RPSQMLOJPHGGFAF18CB,明德段,5.44,都市：住,100000,936,持分移轉,03070000
RPSQMLOJPHGGFAF18CB,明德段,5.46,都市：住,100000,936,持分移轉,03080000
RPQQMLOJPHGGFAF97CB,明德段,5.23,都市：住,100000,936,持分移轉,03060000
RPRQMLOJPHGGFAF08CB,明德段,5.18,都市：住,100000,926,持分移轉,03060000
RPQQMLOJPHGGFAF97CB,明德段,5.44,都市：住,100000,936,持分移轉,03070000
RPRQMLOJPHGGFAF08CB,明德段,5.38,都市：住,100000,926,持分移轉,03070000
RPQQMLOJPHGGFAF97CB,明德段,5.46,都市：住,100000,936,持分移轉,03080000
RPRQMLOJPHGGFAF08CB,明德段,5.40,都市：住,100000,926,持分移轉,03080000
RPUQMLOJPHGGFAF38CB,明德段,5.23,都市：住,100000,936,持分移轉,03060000
RPUQMLOJPHGGFAF38CB,明德段,5.44,都市：住,100000,936,持分移轉,03070000
RPUQMLOJPHGGFAF38CB,明德段,5.46,都市：住,100000,936,持分移轉,03080000
RPVQMLOJPHGGFAF48CB,明德段,5.23,都市：住,100000,936,持分移轉,03060000
RPVQMLOJPHGGFAF48CB,明德段,5.44,都市：住,100000,936,持分移轉,03070000
RPVQMLOJPHGGFAF48CB,明德段,5.46,都市：住,100000,936,持分移轉,03080000
RPWQMLOJPHGGFAF58CB,明德段,5.23,都市：住,100000,936,持分移轉,03060000
RPWQMLOJPHGGFAF58CB,明德段,5.44,都市：住,100000,936,持分移轉,03070000
RPWQMLOJPHGGFAF58CB,明德段,5.46,都市：住,100000,936,持分移轉,03080000
RPORMLOJPHGGFAF87CB,明德段,5.23,都市：住,100000,936,持分移轉,03060000
RPORMLOJPHGGFAF87CB,明德段,5.44,都市：住,100000,936,持分移轉,03070000
RPORMLOJPHGGFAF87CB,明德段,5.46,都市：住,100000,936,持分移轉,03080000
RPXQMLOJPHGGFAF68CB,明德段,5.23,都市：住,100000,936,持分移轉,03060000
RPXQMLOJPHGGFAF68CB,明德段,5.44,都市：住,100000,936,持分移轉,03070000
RPXQMLOJPHGGFAF68CB,明德段,5.46,都市：住,100000,936,持分移轉,03080000
RPRNMLPJPHGGFAF87CB,明德段,6.51,都市：住,100000,1164,持分移轉,03060000
RPRNMLPJPHGGFAF87CB,明德段,6.77,都市：住,100000,1164,持分移轉,03070000
RPRNMLPJPHGGFAF87CB,明德段,6.79,都市：住,100000,1164,持分移轉,03080000
RPQNMLPJPHGGFAF77CB,明德段,6.51,都市：住,100000,1164,持分移轉,03060000
RPQNMLPJPHGGFAF77CB,明德段,6.77,都市：住,100000,1164,持分移轉,03070000
RPQNMLPJPHGGFAF77CB,明德段,6.79,都市：住,100000,1164,持分移轉,03080000
RPRRMLOJPHGGFAF18CB,明德段,5.23,都市：住,100000,936,持分移轉,03060000
RPRRMLOJPHGGFAF18CB,明德段,5.44,都市：住,100000,936,持分移轉,03070000
RPRRMLOJPHGGFAF18CB,明德段,5.46,都市：住,100000,936,持分移轉,03080000
RPPNMLPJPHGGFAF67CB,明德段,6.57,都市：住,100000,1174,持分移轉,03060000
RPPNMLPJPHGGFAF67CB,明德段,6.83,都市：住,100000,1174,持分移轉,03070000
RPPNMLPJPHGGFAF67CB,明德段,6.85,都市：住,100000,1174,持分移轉,03080000
RPQRMLOJPHGGFAF08CB,明德段,5.23,都市：住,100000,936,持分移轉,03060000
RPQRMLOJPHGGFAF08CB,明德段,5.44,都市：住,100000,936,持分移轉,03070000
RPQRMLOJPHGGFAF08CB,明德段,5.46,都市：住,100000,936,持分移轉,03080000
RPPRMLOJPHGGFAF97CB,明德段,5.23,都市：住,100000,936,持分移轉,03060000
RPPRMLOJPHGGFAF97CB,明德段,5.44,都市：住,100000,936,持分移轉,03070000
RPPRMLOJPHGGFAF97CB,明德段,5.46,都市：住,100000,936,持分移轉,03080000
RPTNMLPJPHGGFAF08CB,明德段,6.51,都市：住,100000,1164,持分移轉,03060000
RPTNMLPJPHGGFAF08CB,明德段,6.77,都市：住,100000,1164,持分移轉,03070000
RPTNMLPJPHGGFAF08CB,明德段,6.79,都市：住,100000,1164,持分移轉,03080000
RPSNMLPJPHGGFAF97CB,明德段,6.51,都市：住,100000,1164,持分移轉,03060000
RPSNMLPJPHGGFAF97CB,明德段,6.77,都市：住,100000,1164,持分移轉,03070000
RPSNMLPJPHGGFAF97CB,明德段,6.79,都市：住,100000,1164,持分移轉,03080000
RPUNMLPJPHGGFAF18CB,明德段,6.51,都市：住,100000,1164,持分移轉,03060000
RPUNMLPJPHGGFAF18CB,明德段,6.77,都市：住,100000,1164,持分移轉,03070000
RPUNMLPJPHGGFAF18CB,明德段,6.79,都市：住,100000,1164,持分移轉,03080000
RPVNMLPJPHGGFAF28CB,明德段,6.51,都市：住,100000,1164,持分移轉,03060000
RPVNMLPJPHGGFAF28CB,明德段,6.77,都市：住,100000,1164,持分移轉,03070000
RPVNMLPJPHGGFAF28CB,明德段,6.79,都市：住,100000,1164,持分移轉,03080000
RPXNMLPJPHGGFAF48CB,明德段,6.51,都市：住,100000,1164,持分移轉,03060000
RPXNMLPJPHGGFAF48CB,明德段,6.77,都市：住,100000,1164,持分移轉,03070000
RPXNMLPJPHGGFAF48CB,明德段,6.79,都市：住,100000,1164,持分移轉,03080000
RPWNMLPJPHGGFAF38CB,明德段,6.51,都市：住,100000,1164,持分移轉,03060000
RPWNMLPJPHGGFAF38CB,明德段,6.77,都市：住,100000,1164,持分移轉,03070000
RPWNMLPJPHGGFAF38CB,明德段,6.79,都市：住,100000,1164,持分移轉,03080000
RPROMLPJPHGGFAF97CB,明德段,5.84,都市：住,100000,1045,持分移轉,03060000
RPROMLPJPHGGFAF97CB,明德段,6.08,都市：住,100000,1045,持分移轉,03070000
RPROMLPJPHGGFAF97CB,明德段,6.10,都市：住,100000,1045,持分移轉,03080000
RPQOMLPJPHGGFAF87CB,明德段,5.84,都市：住,100000,1045,持分移轉,03060000
RPQOMLPJPHGGFAF87CB,明德段,6.08,都市：住,100000,1045,持分移轉,03070000
RPQOMLPJPHGGFAF87CB,明德段,6.10,都市：住,100000,1045,持分移轉,03080000
RPOOMLPJPHGGFAF67CB,明德段,5.84,都市：住,100000,1045,持分移轉,03060000
RPOOMLPJPHGGFAF67CB,明德段,6.08,都市：住,100000,1045,持分移轉,03070000
RPOOMLPJPHGGFAF67CB,明德段,6.10,都市：住,100000,1045,持分移轉,03080000
RPPOMLPJPHGGFAF77CB,明德段,5.84,都市：住,100000,1045,持分移轉,03060000
RPPOMLPJPHGGFAF77CB,明德段,6.08,都市：住,100000,1045,持分移轉,03070000
RPPOMLPJPHGGFAF77CB,明德段,6.10,都市：住,100000,1045,持分移轉,03080000
RPSOMLPJPHGGFAF08CB,明德段,5.84,都市：住,100000,1045,持分移轉,03060000
RPSOMLPJPHGGFAF08CB,明德段,6.08,都市：住,100000,1045,持分移轉,03070000
RPSOMLPJPHGGFAF08CB,明德段,6.10,都市：住,100000,1045,持分移轉,03080000
RPTOMLPJPHGGFAF18CB,明德段,5.84,都市：住,100000,1045,持分移轉,03060000
RPTOMLPJPHGGFAF18CB,明德段,6.08,都市：住,100000,1045,持分移轉,03070000
RPTOMLPJPHGGFAF18CB,明德段,6.10,都市：住,100000,1045,持分移轉,03080000
RPWOMLPJPHGGFAF48CB,明德段,5.84,都市：住,100000,1045,持分移轉,03060000
RPWOMLPJPHGGFAF48CB,明德段,6.08,都市：住,100000,1045,持分移轉,03070000
RPWOMLPJPHGGFAF48CB,明德段,6.10,都市：住,100000,1045,持分移轉,03080000
RPUOMLPJPHGGFAF28CB,明德段,5.84,都市：住,100000,1045,持分移轉,03060000
RPUOMLPJPHGGFAF28CB,明德段,6.08,都市：住,100000,1045,持分移轉,03070000
RPUOMLPJPHGGFAF28CB,明德段,6.10,都市：住,100000,1045,持分移轉,03080000
RPOPMLPJPHGGFAF77CB,明德段,5.84,都市：住,100000,1045,持分移轉,03060000
RPPNMLPJPHGGFGF28CB,仁信段,11.60,都市：住,100000,871,持分移轉,00850000
RPOPMLPJPHGGFAF77CB,明德段,6.08,都市：住,100000,1045,持分移轉,03070000
RPOPMLPJPHGGFAF77CB,明德段,6.10,都市：住,100000,1045,持分移轉,03080000
RPPPMLPJPHGGFAF87CB,明德段,5.84,都市：住,100000,1045,持分移轉,03060000
RPPPMLPJPHGGFAF87CB,明德段,6.08,都市：住,100000,1045,持分移轉,03070000
RPPPMLPJPHGGFAF87CB,明德段,6.10,都市：住,100000,1045,持分移轉,03080000
RPQNMLPJPHGGFGF38CB,仁信段,18.28,都市：住,100000,1372,持分移轉,00850000
RPXOMLPJPHGGFAF58CB,明德段,5.84,都市：住,100000,1045,持分移轉,03060000
RPXOMLPJPHGGFAF58CB,明德段,6.08,都市：住,100000,1045,持分移轉,03070000
RPXOMLPJPHGGFAF58CB,明德段,6.10,都市：住,100000,1045,持分移轉,03080000
RPQPMLPJPHGGFAF97CB,明德段,5.84,都市：住,100000,1045,持分移轉,03060000
RPQPMLPJPHGGFAF97CB,明德段,6.08,都市：住,100000,1045,持分移轉,03070000
RPQPMLPJPHGGFAF97CB,明德段,6.10,都市：住,100000,1045,持分移轉,03080000
RPQNMLPJPHGGFHF48CB,南山段,10.69,都市：住,100000,575,持分移轉,04870000
RPPNMLPJPHGGFHF38CB,南山段,9.15,都市：住,100000,492,持分移轉,04870000
RPRNMLPJPHGGFHF58CB,南山段,8.83,都市：住,100000,475,持分移轉,04870000
RPSNMLPJPHGGFHF68CB,南山段,10.69,都市：住,100000,575,持分移轉,04870000
RPWNMLPJPHGGFHF09CB,南山段,15.45,都市：住,100000,831,持分移轉,04870000
RPOOMLPJPHGGFHF38CB,南山段,15.45,都市：住,100000,831,持分移轉,04870000
RPVNMLPJPHGGFHF98CB,南山段,13.16,都市：住,100000,708,持分移轉,04870000
RPXNMLPJPHGGFHF56CB,南山段,15.45,都市：住,100000,831,持分移轉,04870000
RPTNMLPJPHGGFHF78CB,南山段,10.69,都市：住,100000,575,持分移轉,04870000
RPUNMLPJPHGGFHF88CB,南山段,10.69,都市：住,100000,575,持分移轉,04870000
RPPOMLPJPHGGFHF48CB,南山段,15.36,都市：住,100000,826,持分移轉,04870000
RPQOMLPJPHGGFHF58CB,南山段,13.59,都市：住,100000,731,持分移轉,04870000
RPROMLPJPHGGFHF68CB,南山段,15.45,都市：住,100000,831,持分移轉,04870000
RPXOMLPJPHGGFHF66CB,南山段,15.02,都市：住,100000,808,持分移轉,04870000
RPSOMLPJPHGGFHF78CB,南山段,15.02,都市：住,100000,808,持分移轉,04870000
RPWOMLPJPHGGFHF56CB,南山段,15.02,都市：住,100000,808,持分移轉,04870000
RPVOMLPJPHGGFHF09CB,南山段,15.02,都市：住,100000,808,持分移轉,04870000
RPUOMLPJPHGGFHF98CB,南山段,14.95,都市：住,100000,804,持分移轉,04870000
RPOPMLPJPHGGFHF48CB,南山段,9.30,都市：住,100000,500,持分移轉,04870000
RPPPMLPJPHGGFHF58CB,南山段,11.16,都市：住,100000,600,持分移轉,04870000
RPQPMLPJPHGGFHF68CB,南山段,16.08,都市：住,100000,865,持分移轉,04870000
RPRPMLPJPHGGFHF78CB,南山段,11.16,都市：住,100000,600,持分移轉,04870000
RPSPMLPJPHGGFHF88CB,南山段,11.16,都市：住,100000,600,持分移轉,04870000
RPTPMLPJPHGGFHF98CB,南山段,10.99,都市：住,100000,591,持分移轉,04870000
RPXPMLPJPHGGFHF76CB,南山段,10.88,都市：住,100000,585,持分移轉,04870000
RPVPMLPJPHGGFHF56CB,南山段,10.99,都市：住,100000,591,持分移轉,04870000
RPWPMLPJPHGGFHF66CB,南山段,10.99,都市：住,100000,591,持分移轉,04870000
RPUPMLPJPHGGFHF09CB,南山段,10.99,都市：住,100000,591,持分移轉,04870000
RPOQMLPJPHGGFHF58CB,南山段,8.72,都市：住,100000,469,持分移轉,04870000
RPQQMLPJPHGGFHF78CB,南山段,10.62,都市：住,100000,571,持分移轉,04870000
RPSQMLPJPHGGFHF98CB,南山段,8.72,都市：住,100000,469,持分移轉,04870000
RPRQMLPJPHGGFHF88CB,南山段,10.58,都市：住,100000,569,持分移轉,04870000
RPUQMLPJPHGGFHF56CB,南山段,8.76,都市：住,100000,471,持分移轉,04870000
RPTQMLPJPHGGFHF09CB,南山段,10.58,都市：住,100000,569,持分移轉,04870000
RPORMLPJPHGGFHF68CB,南山段,10.62,都市：住,100000,571,持分移轉,04870000
RPPRMLPJPHGGFHF78CB,南山段,10.58,都市：住,100000,569,持分移轉,04870000
RPWQMLPJPHGGFHF76CB,南山段,8.72,都市：住,100000,469,持分移轉,04870000
RPVQMLPJPHGGFHF66CB,南山段,10.58,都市：住,100000,569,持分移轉,04870000
RPXQMLPJPHGGFHF86CB,南山段,8.72,都市：住,100000,469,持分移轉,04870000
RPRRMLPJPHGGFHF98CB,南山段,8.72,都市：住,100000,469,持分移轉,04870000
RPQRMLPJPHGGFHF88CB,南山段,10.58,都市：住,100000,569,持分移轉,04870000
RPONMLQJPHGGFAF67CB,公館段,11.54,都市：住,1000000,4340,持分移轉,11770000
RPPNMLQJPHGGFAF77CB,公館段,11.54,都市：住,1000000,4340,持分移轉,11770000
RPQNMLQJPHGGFAF87CB,公館段,11.54,都市：住,1000000,4340,持分移轉,11770000
RPTNMLQJPHGGFAF18CB,公館段,18.02,都市：住,1000000,6780,持分移轉,11770000
RPUNMLQJPHGGFAF28CB,公館段,18.05,都市：住,1000000,6790,持分移轉,11770000
RPRNMLQJPHGGFAF97CB,公館段,11.54,都市：住,1000000,4340,持分移轉,11770000
RPVNMLQJPHGGFAF38CB,公館段,18.05,都市：住,1000000,6790,持分移轉,11770000
RPWNMLQJPHGGFAF48CB,公館段,18.05,都市：住,1000000,6790,持分移轉,11770000
RPOOMLQJPHGGFAF77CB,公館段,18.05,都市：住,1000000,6790,持分移轉,11770000
RPXNMLQJPHGGFAF58CB,公館段,18.05,都市：住,1000000,6790,持分移轉,11770000
RPQOMLQJPHGGFAF97CB,公館段,18.05,都市：住,1000000,6790,持分移轉,11770000
RPROMLQJPHGGFAF08CB,公館段,11.88,都市：住,1000000,4470,持分移轉,11770000
RPUOMLQJPHGGFAF38CB,公館段,11.88,都市：住,1000000,4470,持分移轉,11770000
RPSOMLQJPHGGFAF18CB,公館段,11.88,都市：住,1000000,4470,持分移轉,11770000
RPTOMLQJPHGGFAF28CB,公館段,11.88,都市：住,1000000,4470,持分移轉,11770000
RPPOMLQJPHGGFAF87CB,公館段,11.56,都市：住,1000000,4350,持分移轉,11770000
RPWOMLQJPHGGFAF58CB,公館段,11.91,都市：住,1000000,4480,持分移轉,11770000
RPVOMLQJPHGGFAF48CB,公館段,11.88,都市：住,1000000,4470,持分移轉,11770000
RPOPMLQJPHGGFAF87CB,公館段,11.91,都市：住,1000000,4480,持分移轉,11770000
RPXOMLQJPHGGFAF68CB,公館段,11.91,都市：住,1000000,4480,持分移轉,11770000
RPQPMLQJPHGGFAF08CB,公館段,11.91,都市：住,1000000,4480,持分移轉,11770000
RPPPMLQJPHGGFAF97CB,明德段,4.36,都市：住,100000,780,持分移轉,03060000
RPPPMLQJPHGGFAF97CB,明德段,4.54,都市：住,100000,780,持分移轉,03070000
RPPPMLQJPHGGFAF97CB,明德段,4.55,都市：住,100000,780,持分移轉,03080000
RPRPMLQJPHGGFAF18CB,公館段,11.91,都市：住,1000000,4480,持分移轉,11770000
RPSPMLQJPHGGFAF28CB,明德段,4.36,都市：住,100000,780,持分移轉,03060000
RPSPMLQJPHGGFAF28CB,明德段,4.54,都市：住,100000,780,持分移轉,03070000
RPSPMLQJPHGGFAF28CB,明德段,4.55,都市：住,100000,780,持分移轉,03080000
RPTPMLQJPHGGFAF38CB,公館段,11.91,都市：住,1000000,4480,持分移轉,11770000
RPVPMLQJPHGGFAF58CB,明德段,4.36,都市：住,100000,780,持分移轉,03060000
RPVPMLQJPHGGFAF58CB,明德段,4.54,都市：住,100000,780,持分移轉,03070000
RPVPMLQJPHGGFAF58CB,明德段,4.55,都市：住,100000,780,持分移轉,03080000
RPUPMLQJPHGGFAF48CB,公館段,17.70,都市：住,1000000,6660,持分移轉,11770000
RPWPMLQJPHGGFAF68CB,公館段,17.70,都市：住,1000000,6660,持分移轉,11770000
RPOQMLQJPHGGFAF97CB,公館段,17.70,都市：住,1000000,6660,持分移轉,11770000
RPPQMLQJPHGGFAF08CB,明德段,4.36,都市：住,100000,780,持分移轉,03060000
RPPQMLQJPHGGFAF08CB,明德段,4.54,都市：住,100000,780,持分移轉,03070000
RPPQMLQJPHGGFAF08CB,明德段,4.55,都市：住,100000,780,持分移轉,03080000
RPQQMLQJPHGGFAF18CB,公館段,17.70,都市：住,1000000,6660,持分移轉,11770000
RPRQMLQJPHGGFAF28CB,公館段,17.70,都市：住,1000000,6660,持分移轉,11770000
RPSQMLQJPHGGFAF38CB,明德段,4.36,都市：住,100000,780,持分移轉,03060000
RPTQMLQJPHGGFAF48CB,公館段,17.70,都市：住,1000000,6660,持分移轉,11770000
RPSQMLQJPHGGFAF38CB,明德段,4.54,都市：住,100000,780,持分移轉,03070000
RPSQMLQJPHGGFAF38CB,明德段,4.55,都市：住,100000,780,持分移轉,03080000
RPVQMLQJPHGGFAF68CB,公館段,17.70,都市：住,1000000,6660,持分移轉,11770000
RPWQMLQJPHGGFAF78CB,公館段,17.73,都市：住,1000000,6670,持分移轉,11770000
RPXQMLQJPHGGFAF88CB,明德段,4.36,都市：住,100000,780,持分移轉,03060000
RPXQMLQJPHGGFAF88CB,明德段,4.54,都市：住,100000,780,持分移轉,03070000
RPXQMLQJPHGGFAF88CB,明德段,4.55,都市：住,100000,780,持分移轉,03080000
RPORMLQJPHGGFAF08CB,明德段,4.42,都市：住,100000,790,持分移轉,03060000
RPORMLQJPHGGFAF08CB,明德段,4.59,都市：住,100000,790,持分移轉,03070000
RPORMLQJPHGGFAF08CB,明德段,4.61,都市：住,100000,790,持分移轉,03080000
RPPRMLQJPHGGFAF18CB,公館段,17.70,都市：住,1000000,6660,持分移轉,11770000
RPRRMLQJPHGGFAF38CB,明德段,4.42,都市：住,100000,790,持分移轉,03060000
RPRRMLQJPHGGFAF38CB,明德段,4.59,都市：住,100000,790,持分移轉,03070000
RPQRMLQJPHGGFAF28CB,公館段,12.01,都市：住,1000000,4520,持分移轉,11770000
RPRRMLQJPHGGFAF38CB,明德段,4.61,都市：住,100000,790,持分移轉,03080000
RPURMLQJPHGGFAF68CB,公館段,11.88,都市：住,1000000,4470,持分移轉,11770000
RPVRMLQJPHGGFAF78CB,公館段,11.88,都市：住,1000000,4470,持分移轉,11770000
RPSRMLQJPHGGFAF48CB,明德段,4.36,都市：住,100000,780,持分移轉,03060000
RPSRMLQJPHGGFAF48CB,明德段,4.54,都市：住,100000,780,持分移轉,03070000
RPSRMLQJPHGGFAF48CB,明德段,4.55,都市：住,100000,780,持分移轉,03080000
RPTRMLQJPHGGFAF58CB,明德段,4.36,都市：住,100000,780,持分移轉,03060000
RPTRMLQJPHGGFAF58CB,明德段,4.54,都市：住,100000,780,持分移轉,03070000
RPTRMLQJPHGGFAF58CB,明德段,4.55,都市：住,100000,780,持分移轉,03080000
RPWRMLQJPHGGFAF88CB,公館段,11.88,都市：住,1000000,4470,持分移轉,11770000
RPPSMLQJPHGGFAF28CB,公館段,11.88,都市：住,1000000,4470,持分移轉,11770000
RPXRMLQJPHGGFAF98CB,公館段,11.88,都市：住,1000000,4470,持分移轉,11770000
RPOSMLQJPHGGFAF18CB,明德段,5.84,都市：住,100000,1045,持分移轉,03060000
RPOSMLQJPHGGFAF18CB,明德段,6.08,都市：住,100000,1045,持分移轉,03070000
RPOSMLQJPHGGFAF18CB,明德段,6.10,都市：住,100000,1045,持分移轉,03080000
RPQSMLQJPHGGFAF38CB,公館段,11.88,都市：住,1000000,4470,持分移轉,11770000
RPUSMLQJPHGGFAF78CB,明德段,23.67,都市：住,100000,1187,持分移轉,01750000
RPVSMLQJPHGGFAF88CB,明德段,5.84,都市：住,100000,1045,持分移轉,03060000
RPRSMLQJPHGGFAF48CB,明德段,5.84,都市：住,100000,1045,持分移轉,03060000
RPVSMLQJPHGGFAF88CB,明德段,6.08,都市：住,100000,1045,持分移轉,03070000
RPRSMLQJPHGGFAF48CB,明德段,6.08,都市：住,100000,1045,持分移轉,03070000
RPVSMLQJPHGGFAF88CB,明德段,6.10,都市：住,100000,1045,持分移轉,03080000
RPRSMLQJPHGGFAF48CB,明德段,6.10,都市：住,100000,1045,持分移轉,03080000
RPSSMLQJPHGGFAF58CB,公館段,11.88,都市：住,1000000,4470,持分移轉,11770000
RPTSMLQJPHGGFAF68CB,明德段,5.84,都市：住,100000,1045,持分移轉,03060000
RPTSMLQJPHGGFAF68CB,明德段,6.08,都市：住,100000,1045,持分移轉,03070000
RPTSMLQJPHGGFAF68CB,明德段,6.10,都市：住,100000,1045,持分移轉,03080000
RPWSMLQJPHGGFAF98CB,公館段,11.88,都市：住,1000000,4470,持分移轉,11770000
RPXSMLQJPHGGFAF09CB,明德段,5.84,都市：住,100000,1045,持分移轉,03060000
RPXSMLQJPHGGFAF09CB,明德段,6.08,都市：住,100000,1045,持分移轉,03070000
RPXSMLQJPHGGFAF09CB,明德段,6.10,都市：住,100000,1045,持分移轉,03080000
RPPTMLQJPHGGFAF38CB,明德段,28.52,都市：住,100000,1430,持分移轉,01750000
RPOTMLQJPHGGFAF28CB,公館段,11.88,都市：住,1000000,4470,持分移轉,11770000
RPQTMLQJPHGGFAF48CB,明德段,5.84,都市：住,100000,1045,持分移轉,03060000
RPQTMLQJPHGGFAF48CB,明德段,6.08,都市：住,100000,1045,持分移轉,03070000
RPQTMLQJPHGGFAF48CB,明德段,6.10,都市：住,100000,1045,持分移轉,03080000
RPRTMLQJPHGGFAF58CB,公館段,11.91,都市：住,1000000,4480,持分移轉,11770000
RPSTMLQJPHGGFAF68CB,明德段,5.84,都市：住,100000,1045,持分移轉,03060000
RPSTMLQJPHGGFAF68CB,明德段,6.08,都市：住,100000,1045,持分移轉,03070000
RPSTMLQJPHGGFAF68CB,明德段,6.10,都市：住,100000,1045,持分移轉,03080000
RPVTMLQJPHGGFAF98CB,明德段,5.84,都市：住,100000,1045,持分移轉,03060000
RPVTMLQJPHGGFAF98CB,明德段,6.08,都市：住,100000,1045,持分移轉,03070000
RPUTMLQJPHGGFAF88CB,公館段,11.91,都市：住,1000000,4480,持分移轉,11770000
RPVTMLQJPHGGFAF98CB,明德段,6.10,都市：住,100000,1045,持分移轉,03080000
RPWTMLQJPHGGFAF09CB,公館段,17.68,都市：住,1000000,6650,持分移轉,11770000
RPXTMLQJPHGGFAF56CB,明德段,5.84,都市：住,100000,1045,持分移轉,03060000
RPXTMLQJPHGGFAF56CB,明德段,6.08,都市：住,100000,1045,持分移轉,03070000
RPXTMLQJPHGGFAF56CB,明德段,6.10,都市：住,100000,1045,持分移轉,03080000
RPRUMLQJPHGGFAF68CB,明德段,23.67,都市：住,100000,1187,持分移轉,01750000
RPOUMLQJPHGGFAF38CB,公館段,17.62,都市：住,1000000,6630,持分移轉,11770000
RPPUMLQJPHGGFAF48CB,公館段,17.62,都市：住,1000000,6630,持分移轉,11770000
RPWUMLQJPHGGFAF56CB,公館段,17.62,都市：住,1000000,6630,持分移轉,11770000
RPTUMLQJPHGGFAF88CB,公館段,17.62,都市：住,1000000,6630,持分移轉,11770000
RPSUMLQJPHGGFAF78CB,明德段,5.84,都市：住,100000,1045,持分移轉,03060000
RPSUMLQJPHGGFAF78CB,明德段,6.08,都市：住,100000,1045,持分移轉,03070000
RPSUMLQJPHGGFAF78CB,明德段,6.10,都市：住,100000,1045,持分移轉,03080000
RPVUMLQJPHGGFAF09CB,公館段,17.62,都市：住,1000000,6630,持分移轉,11770000
RPQUMLQJPHGGFAF58CB,明德段,5.84,都市：住,100000,1045,持分移轉,03060000
RPQUMLQJPHGGFAF58CB,明德段,6.08,都市：住,100000,1045,持分移轉,03070000
RPXUMLQJPHGGFAF66CB,公館段,17.62,都市：住,1000000,6630,持分移轉,11770000
RPQUMLQJPHGGFAF58CB,明德段,6.10,都市：住,100000,1045,持分移轉,03080000
RPOVMLQJPHGGFAF48CB,公館段,17.62,都市：住,1000000,6630,持分移轉,11770000
RPPVMLQJPHGGFAF58CB,公館段,17.62,都市：住,1000000,6630,持分移轉,11770000
RPSVMLQJPHGGFAF88CB,公館段,17.62,都市：住,1000000,6630,持分移轉,11770000
RPQVMLQJPHGGFAF68CB,公館段,17.62,都市：住,1000000,6630,持分移轉,11770000
RPPWMLQJPHGGFAF68CB,公館段,17.62,都市：住,1000000,6630,持分移轉,11770000
RPTWMLQJPHGGFAF09CB,公館段,17.62,都市：住,1000000,6630,持分移轉,11770000
RPVVMLQJPHGGFAF56CB,公館段,17.62,都市：住,1000000,6630,持分移轉,11770000
RPUWMLQJPHGGFAF56CB,明德段,23.67,都市：住,100000,1187,持分移轉,01750000
RPQWMLQJPHGGFAF78CB,明德段,23.67,都市：住,100000,1187,持分移轉,01750000
RPWWMLQJPHGGFAF76CB,公館段,17.70,都市：住,1000000,6660,持分移轉,11770000
RPXWMLQJPHGGFAF86CB,公館段,17.65,都市：住,1000000,6640,持分移轉,11770000
RPQNNLQJPHGGFAF97CB,公館段,17.68,都市：住,1000000,6650,持分移轉,11770000
RPTNNLQJPHGGFAF28CB,公館段,17.68,都市：住,1000000,6650,持分移轉,11770000
RPSNNLQJPHGGFAF18CB,公館段,17.68,都市：住,1000000,6650,持分移轉,11770000
RPRNMLQJPHGGFAF08DB,明德段,15.05,都市：住,10000,240,持分移轉,01920000
RPSNMLQJPHGGFAF18DB,明德段,14.05,都市：住,10000,224,持分移轉,01920000
RPQNMLQJPHGGFAF97DB,明德段,23.01,都市：住,10000,367,持分移轉,01920000
RPTNMLQJPHGGFAF28DB,明德段,14.05,都市：住,10000,224,持分移轉,01920000
RPUNMLQJPHGGFAF38DB,明德段,14.99,都市：住,10000,239,持分移轉,01920000
RPVNMLQJPHGGFAF48DB,明德段,14.05,都市：住,10000,224,持分移轉,01920000
RPWNMLQJPHGGFAF58DB,明德段,14.99,都市：住,10000,239,持分移轉,01920000
RPQOMLQJPHGGFAF08DB,明德段,14.05,都市：住,10000,224,持分移轉,01920000
RPSOMLQJPHGGFAF28DB,明德段,21.57,都市：住,10000,344,持分移轉,01920000
RPUOMLQJPHGGFAF48DB,明德段,21.57,都市：住,10000,344,持分移轉,01920000
RPROMLQJPHGGFAF18DB,明德段,14.05,都市：住,10000,224,持分移轉,01920000
RPTOMLQJPHGGFAF38DB,明德段,14.99,都市：住,10000,239,持分移轉,01920000
RPTNMLRJPHGGFAF38DB,明德段,14.05,都市：住,10000,224,持分移轉,01920000
RPRNMLRJPHGGFAF18DB,明德段,14.99,都市：住,10000,239,持分移轉,01920000
RPUNMLRJPHGGFAF48DB,明德段,21.57,都市：住,10000,344,持分移轉,01920000
RPPOMLRJPHGGFAF08DB,明德段,13.11,都市：住,10000,209,持分移轉,01920000
RPVNMLRJPHGGFAF58DB,明德段,14.05,都市：住,10000,224,持分移轉,01920000
RPWNMLRJPHGGFAF68DB,明德段,13.11,都市：住,10000,209,持分移轉,01920000
RPROMLRJPHGGFAF28DB,明德段,21.57,都市：住,10000,344,持分移轉,01920000
RPSOMLRJPHGGFAF38DB,明德段,21.57,都市：住,10000,344,持分移轉,01920000
RPQOMLRJPHGGFAF18DB,明德段,14.05,都市：住,10000,224,持分移轉,01920000
RPTOMLRJPHGGFAF48DB,明德段,14.99,都市：住,10000,239,持分移轉,01920000
RPQNMLRJPHGGFAF97CB,公館段,17.68,都市：住,1000000,6650,持分移轉,11770000
RPPNMLRJPHGGFAF87CB,公館段,17.68,都市：住,1000000,6650,持分移轉,11770000
RPRNMLRJPHGGFAF08CB,公館段,17.68,都市：住,1000000,6650,持分移轉,11770000
RPOOMLRJPHGGFAF87CB,明德段,33.19,都市：住,100000,1664,持分移轉,01750000
RPPOMLRJPHGGFAF97CB,公館段,17.68,都市：住,1000000,6650,持分移轉,11770000
RPVNMLRJPHGGFAF48CB,公館段,17.68,都市：住,1000000,6650,持分移轉,11770000
RPVOMLRJPHGGFAF58CB,明德段,23.67,都市：住,100000,1187,持分移轉,01750000
RPROMLRJPHGGFAF18CB,公館段,17.68,都市：住,1000000,6650,持分移轉,11770000
RPSOMLRJPHGGFAF28CB,公館段,17.68,都市：住,1000000,6650,持分移轉,11770000
RPWOMLRJPHGGFAF68CB,公館段,17.68,都市：住,1000000,6650,持分移轉,11770000
RPXOMLRJPHGGFAF78CB,公館段,17.65,都市：住,1000000,6640,持分移轉,11770000
RPOPMLRJPHGGFAF97CB,明德段,23.67,都市：住,100000,1187,持分移轉,01750000
RPPPMLRJPHGGFAF08CB,公館段,17.68,都市：住,1000000,6650,持分移轉,11770000
RPQPMLRJPHGGFAF18CB,公館段,17.68,都市：住,1000000,6650,持分移轉,11770000
RPSPMLRJPHGGFAF38CB,明德段,23.67,都市：住,100000,1187,持分移轉,01750000
RPRPMLRJPHGGFAF28CB,公館段,17.68,都市：住,1000000,6650,持分移轉,11770000
RPTPMLRJPHGGFAF48CB,公館段,17.68,都市：住,1000000,6650,持分移轉,11770000
RPPQMLRJPHGGFAF18CB,公館段,11.91,都市：住,1000000,4480,持分移轉,11770000
RPOQMLRJPHGGFAF08CB,明德段,23.67,都市：住,100000,1187,持分移轉,01750000
RPVPMLRJPHGGFAF68CB,公館段,12.01,都市：住,1000000,4520,持分移轉,11770000
RPXPMLRJPHGGFAF88CB,公館段,11.91,都市：住,1000000,4480,持分移轉,11770000
RPWPMLRJPHGGFAF78CB,公館段,11.88,都市：住,1000000,4470,持分移轉,11770000
RPUPMLRJPHGGFAF58CB,明德段,23.67,都市：住,100000,1187,持分移轉,01750000
RPQQMLRJPHGGFAF28CB,公館段,11.88,都市：住,1000000,4470,持分移轉,11770000
RPRQMLRJPHGGFAF38CB,明德段,23.67,都市：住,100000,1187,持分移轉,01750000
RPSQMLRJPHGGFAF48CB,公館段,11.88,都市：住,1000000,4470,持分移轉,11770000
RPVQMLRJPHGGFAF78CB,明德段,23.67,都市：住,100000,1187,持分移轉,01750000
RPTQMLRJPHGGFAF58CB,明德段,23.67,都市：住,100000,1187,持分移轉,01750000
RPUQMLRJPHGGFAF68CB,公館段,11.88,都市：住,1000000,4470,持分移轉,11770000
RPWQMLRJPHGGFAF88CB,公館段,11.88,都市：住,1000000,4470,持分移轉,11770000
RPWRMLRJPHGGFAF98CB,公館段,11.88,都市：住,1000000,4470,持分移轉,11770000
RPXQMLRJPHGGFAF98CB,公館段,11.88,都市：住,1000000,4470,持分移轉,11770000
RPTRMLRJPHGGFAF68CB,公館段,11.88,都市：住,1000000,4470,持分移轉,11770000
RPPSMLRJPHGGFAF38CB,明德段,23.69,都市：住,100000,1188,持分移轉,01750000
RPRRMLRJPHGGFAF48CB,公館段,11.88,都市：住,1000000,4470,持分移轉,11770000
RPQSMLRJPHGGFAF48CB,明德段,23.69,都市：住,100000,1188,持分移轉,01750000
RPSSMLRJPHGGFAF68CB,明德段,23.69,都市：住,100000,1188,持分移轉,01750000
RPTSMLRJPHGGFAF78CB,明德段,23.69,都市：住,100000,1188,持分移轉,01750000
RPWSMLRJPHGGFAF09CB,明德段,23.69,都市：住,100000,1188,持分移轉,01750000
RPTTMLRJPHGGFAF88CB,公館段,11.88,都市：住,1000000,4470,持分移轉,11770000
RPSTMLRJPHGGFAF78CB,公館段,11.88,都市：住,1000000,4470,持分移轉,11770000
RPUTMLRJPHGGFAF98CB,公館段,11.88,都市：住,1000000,4470,持分移轉,11770000
RPRTMLRJPHGGFAF68CB,公館段,11.88,都市：住,1000000,4470,持分移轉,11770000
RPWTMLRJPHGGFAF56CB,公館段,11.88,都市：住,1000000,4470,持分移轉,11770000
RPVTMLRJPHGGFAF09CB,公館段,11.88,都市：住,1000000,4470,持分移轉,11770000
RPRUMLRJPHGGFAF78CB,公館段,17.38,都市：住,1000000,6540,持分移轉,11770000
RPXTMLRJPHGGFAF66CB,公館段,17.38,都市：住,1000000,6540,持分移轉,11770000
RPOUMLRJPHGGFAF48CB,明德段,23.69,都市：住,100000,1188,持分移轉,01750000
RPTUMLRJPHGGFAF98CB,公館段,17.38,都市：住,1000000,6540,持分移轉,11770000
RPUUMLRJPHGGFAF09CB,明德段,23.69,都市：住,100000,1188,持分移轉,01750000
RPVUMLRJPHGGFAF56CB,公館段,17.41,都市：住,1000000,6550,持分移轉,11770000
RPSUMLRJPHGGFAF88CB,明德段,23.69,都市：住,100000,1188,持分移轉,01750000
RPWUMLRJPHGGFAF66CB,公館段,17.41,都市：住,1000000,6550,持分移轉,11770000
RPPVMLRJPHGGFAF68CB,公館段,17.41,都市：住,1000000,6550,持分移轉,11770000
RPXUMLRJPHGGFAF76CB,明德段,23.69,都市：住,100000,1188,持分移轉,01750000
RPRVMLRJPHGGFAF88CB,公館段,17.38,都市：住,1000000,6540,持分移轉,11770000
RPTVMLRJPHGGFAF09CB,明德段,23.69,都市：住,100000,1188,持分移轉,01750000
RPQVMLRJPHGGFAF78CB,明德段,23.69,都市：住,100000,1188,持分移轉,01750000
RPUVMLRJPHGGFAF56CB,公館段,17.41,都市：住,1000000,6550,持分移轉,11770000
RPVVMLRJPHGGFAF66CB,明德段,23.69,都市：住,100000,1188,持分移轉,01750000
RPOWMLRJPHGGFAF68CB,公館段,17.41,都市：住,1000000,6550,持分移轉,11770000
RPWVMLRJPHGGFAF76CB,公館段,17.41,都市：住,1000000,6550,持分移轉,11770000
RPQWMLRJPHGGFAF88CB,公館段,17.41,都市：住,1000000,6550,持分移轉,11770000
RPPWMLRJPHGGFAF78CB,公館段,17.41,都市：住,1000000,6550,持分移轉,11770000
RPXVMLRJPHGGFAF86CB,公館段,17.41,都市：住,1000000,6550,持分移轉,11770000
RPRWMLRJPHGGFAF98CB,公館段,17.41,都市：住,1000000,6550,持分移轉,11770000
RPUWMLRJPHGGFAF66CB,公館段,17.41,都市：住,1000000,6550,持分移轉,11770000
RPSWMLRJPHGGFAF09CB,公館段,17.41,都市：住,1000000,6550,持分移轉,11770000
RPWWMLRJPHGGFAF86CB,永翠段,16.27,都市：住,100000,921,持分移轉,00040000
RPWWMLRJPHGGFAF86CB,永翠段,11.74,都市：住,100000,921,持分移轉,00060000
RPVWMLRJPHGGFAF76CB,永翠段,9.91,都市：住,100000,561,持分移轉,00040000
RPVWMLRJPHGGFAF76CB,永翠段,7.15,都市：住,100000,561,持分移轉,00060000
RPQNNLRJPHGGFAF08CB,永翠段,16.27,都市：住,100000,921,持分移轉,00040000
RPQNNLRJPHGGFAF08CB,永翠段,11.74,都市：住,100000,921,持分移轉,00060000
RPXWMLRJPHGGFAF96CB,永翠段,16.27,都市：住,100000,921,持分移轉,00040000
RPXWMLRJPHGGFAF96CB,永翠段,11.74,都市：住,100000,921,持分移轉,00060000
RPPNNLRJPHGGFAF97CB,永翠段,16.20,都市：住,100000,917,持分移轉,00040000
RPPNNLRJPHGGFAF97CB,永翠段,11.69,都市：住,100000,917,持分移轉,00060000
RPPNMLRJPHGGFBF97CB,復興段,7.54,都市：住,100000,261,持分移轉,03020000
RPPNMLRJPHGGFBF97CB,復興段,1.10,都市：住,100000,261,持分移轉,03070003
RPPNMLRJPHGGFBF97CB,復興段,1.91,都市：住,100000,261,持分移轉,03790000
RPRNMLRJPHGGFBF18CB,復興段,7.37,都市：住,100000,255,持分移轉,03020000
RPRNMLRJPHGGFBF18CB,復興段,1.07,都市：住,100000,255,持分移轉,03070003
RPRNMLRJPHGGFBF18CB,復興段,1.87,都市：住,100000,255,持分移轉,03790000
RPONNLRJPHGGFAF87CB,永翠段,16.27,都市：住,100000,921,持分移轉,00040000
RPSNMLRJPHGGFBF28CB,復興段,8.96,都市：住,100000,310,持分移轉,03020000
RPONNLRJPHGGFAF87CB,永翠段,11.74,都市：住,100000,921,持分移轉,00060000
RPSNMLRJPHGGFBF28CB,復興段,1.30,都市：住,100000,310,持分移轉,03070003
RPSNMLRJPHGGFBF28CB,復興段,2.27,都市：住,100000,310,持分移轉,03790000
RPUNMLRJPHGGFBF48CB,立言段,13.45,都市：住,10000,98,持分移轉,00100000
RPTNMLRJPHGGFBF38CB,復興段,9.25,都市：住,100000,320,持分移轉,03020000
RPTNMLRJPHGGFBF38CB,復興段,1.35,都市：住,100000,320,持分移轉,03070003
RPTNMLRJPHGGFBF38CB,復興段,2.35,都市：住,100000,320,持分移轉,03790000
RPVNMLRJPHGGFBF58CB,立言段,10.43,都市：住,10000,76,持分移轉,00100000
RPQNMLSJPHGGFAF08CB,永翠段,16.20,都市：住,100000,917,持分移轉,00040000
RPQNMLSJPHGGFAF08CB,永翠段,11.69,都市：住,100000,917,持分移轉,00060000
RPPNMLSJPHGGFBF08CB,力行段,1.92,都市：商,100000,336,持分移轉,08330000
RPPNMLSJPHGGFBF08CB,力行段,.60,都市：商,100000,336,持分移轉,08340000
RPPNMLSJPHGGFBF08CB,力行段,.60,都市：商,100000,336,持分移轉,08350000
RPPNMLSJPHGGFBF08CB,力行段,.74,都市：商,100000,336,持分移轉,08470000
RPPNMLSJPHGGFBF08CB,力行段,1.49,都市：商,100000,336,持分移轉,08480000
RPPNMLSJPHGGFBF08CB,力行段,1.22,都市：商,100000,336,持分移轉,08490000
RPTNMLSJPHGGFBF48CB,建林段,14.92,都市：住,10000,141,持分移轉,01290000
RPPNMLSJPHGGFAF97CB,永翠段,16.27,都市：住,100000,921,持分移轉,00040000
RPPNMLSJPHGGFAF97CB,永翠段,11.74,都市：住,100000,921,持分移轉,00060000
RPSNMLSJPHGGFAF28CB,永翠段,16.38,都市：住,100000,927,持分移轉,00040000
RPSNMLSJPHGGFAF28CB,永翠段,11.82,都市：住,100000,927,持分移轉,00060000
RPTNMLSJPHGGFAF38CB,永翠段,16.27,都市：住,100000,921,持分移轉,00040000
RPRNMLSJPHGGFAF18CB,永翠段,16.27,都市：住,100000,921,持分移轉,00040000
RPTNMLSJPHGGFAF38CB,永翠段,11.74,都市：住,100000,921,持分移轉,00060000
RPRNMLSJPHGGFAF18CB,永翠段,11.74,都市：住,100000,921,持分移轉,00060000
RPVNMLSJPHGGFAF58CB,永翠段,16.38,都市：住,100000,927,持分移轉,00040000
RPVNMLSJPHGGFAF58CB,永翠段,11.82,都市：住,100000,927,持分移轉,00060000
RPWNMLSJPHGGFAF68CB,永翠段,6.22,都市：住,100000,352,持分移轉,00040000
RPWNMLSJPHGGFAF68CB,永翠段,4.49,都市：住,100000,352,持分移轉,00060000
RPUNMLSJPHGGFAF48CB,永翠段,16.27,都市：住,100000,921,持分移轉,00040000
RPUNMLSJPHGGFAF48CB,永翠段,11.74,都市：住,100000,921,持分移轉,00060000
RPXNMLSJPHGGFAF78CB,永翠段,16.27,都市：住,100000,921,持分移轉,00040000
RPXNMLSJPHGGFAF78CB,永翠段,11.74,都市：住,100000,921,持分移轉,00060000
RPOOMLSJPHGGFAF97CB,永翠段,16.27,都市：住,100000,921,持分移轉,00040000
RPOOMLSJPHGGFAF97CB,永翠段,11.74,都市：住,100000,921,持分移轉,00060000
RPQOMLSJPHGGFAF18CB,永翠段,16.27,都市：住,100000,921,持分移轉,00040000
RPQOMLSJPHGGFAF18CB,永翠段,11.74,都市：住,100000,921,持分移轉,00060000
RPPOMLSJPHGGFAF08CB,永翠段,16.27,都市：住,100000,921,持分移轉,00040000
RPPOMLSJPHGGFAF08CB,永翠段,11.74,都市：住,100000,921,持分移轉,00060000
RPROMLSJPHGGFAF28CB,永翠段,16.27,都市：住,100000,921,持分移轉,00040000
RPROMLSJPHGGFAF28CB,永翠段,11.74,都市：住,100000,921,持分移轉,00060000
RPTOMLSJPHGGFAF48CB,永翠段,16.27,都市：住,100000,921,持分移轉,00040000
RPSOMLSJPHGGFAF38CB,永翠段,16.27,都市：住,100000,921,持分移轉,00040000
RPTOMLSJPHGGFAF48CB,永翠段,11.74,都市：住,100000,921,持分移轉,00060000
RPSOMLSJPHGGFAF38CB,永翠段,11.74,都市：住,100000,921,持分移轉,00060000
RPUOMLSJPHGGFAF58CB,永翠段,16.27,都市：住,100000,921,持分移轉,00040000
RPUOMLSJPHGGFAF58CB,永翠段,11.74,都市：住,100000,921,持分移轉,00060000
RPWOMLSJPHGGFAF78CB,永翠段,16.27,都市：住,100000,921,持分移轉,00040000
RPWOMLSJPHGGFAF78CB,永翠段,11.74,都市：住,100000,921,持分移轉,00060000
RPVOMLSJPHGGFAF68CB,永翠段,16.27,都市：住,100000,921,持分移轉,00040000
RPVOMLSJPHGGFAF68CB,永翠段,11.74,都市：住,100000,921,持分移轉,00060000
RPQPMLSJPHGGFAF28CB,永翠段,12.97,都市：住,100000,734,持分移轉,00040000
RPQPMLSJPHGGFAF28CB,永翠段,9.36,都市：住,100000,734,持分移轉,00060000
RPPPMLSJPHGGFAF18CB,永翠段,12.97,都市：住,100000,734,持分移轉,00040000
RPPPMLSJPHGGFAF18CB,永翠段,9.36,都市：住,100000,734,持分移轉,00060000
RPOPMLSJPHGGFAF08CB,永翠段,13.20,都市：住,100000,747,持分移轉,00040000
RPOPMLSJPHGGFAF08CB,永翠段,9.52,都市：住,100000,747,持分移轉,00060000
RPXOMLSJPHGGFAF88CB,永翠段,16.38,都市：住,100000,927,持分移轉,00040000
RPXOMLSJPHGGFAF88CB,永翠段,11.82,都市：住,100000,927,持分移轉,00060000
RPTPMLSJPHGGFAF58CB,永翠段,12.97,都市：住,100000,734,持分移轉,00040000
RPTPMLSJPHGGFAF58CB,永翠段,9.36,都市：住,100000,734,持分移轉,00060000
RPRPMLSJPHGGFAF38CB,永翠段,12.97,都市：住,100000,734,持分移轉,00040000
RPRPMLSJPHGGFAF38CB,永翠段,9.36,都市：住,100000,734,持分移轉,00060000
RPUPMLSJPHGGFAF68CB,永翠段,12.97,都市：住,100000,734,持分移轉,00040000
RPUPMLSJPHGGFAF68CB,永翠段,9.36,都市：住,100000,734,持分移轉,00060000
RPSPMLSJPHGGFAF48CB,永翠段,12.97,都市：住,100000,734,持分移轉,00040000
RPSPMLSJPHGGFAF48CB,永翠段,9.36,都市：住,100000,734,持分移轉,00060000
RPWPMLSJPHGGFAF88CB,永翠段,12.97,都市：住,100000,734,持分移轉,00040000
RPWPMLSJPHGGFAF88CB,永翠段,9.36,都市：住,100000,734,持分移轉,00060000
RPVPMLSJPHGGFAF78CB,永翠段,12.97,都市：住,100000,734,持分移轉,00040000
RPVPMLSJPHGGFAF78CB,永翠段,9.36,都市：住,100000,734,持分移轉,00060000
RPXPMLSJPHGGFAF98CB,永翠段,12.97,都市：住,100000,734,持分移轉,00040000
RPXPMLSJPHGGFAF98CB,永翠段,9.36,都市：住,100000,734,持分移轉,00060000
RPQQMLSJPHGGFAF38CB,永翠段,12.97,都市：住,100000,734,持分移轉,00040000
RPQQMLSJPHGGFAF38CB,永翠段,9.36,都市：住,100000,734,持分移轉,00060000
RPOQMLSJPHGGFAF18CB,永翠段,12.97,都市：住,100000,734,持分移轉,00040000
RPOQMLSJPHGGFAF18CB,永翠段,9.36,都市：住,100000,734,持分移轉,00060000
RPRQMLSJPHGGFAF48CB,永翠段,12.97,都市：住,100000,734,持分移轉,00040000
RPRQMLSJPHGGFAF48CB,永翠段,9.36,都市：住,100000,734,持分移轉,00060000
RPPQMLSJPHGGFAF28CB,永翠段,12.97,都市：住,100000,734,持分移轉,00040000
RPPQMLSJPHGGFAF28CB,永翠段,9.36,都市：住,100000,734,持分移轉,00060000
RPSQMLSJPHGGFAF58CB,永翠段,12.53,都市：住,100000,709,持分移轉,00040000
RPSQMLSJPHGGFAF58CB,永翠段,9.04,都市：住,100000,709,持分移轉,00060000
RPTQMLSJPHGGFAF68CB,永翠段,12.74,都市：住,100000,721,持分移轉,00040000
RPTQMLSJPHGGFAF68CB,永翠段,9.19,都市：住,100000,721,持分移轉,00060000
RPWQMLSJPHGGFAF98CB,永翠段,12.74,都市：住,100000,721,持分移轉,00040000
RPUQMLSJPHGGFAF78CB,永翠段,12.74,都市：住,100000,721,持分移轉,00040000
RPWQMLSJPHGGFAF98CB,永翠段,9.19,都市：住,100000,721,持分移轉,00060000
RPUQMLSJPHGGFAF78CB,永翠段,9.19,都市：住,100000,721,持分移轉,00060000
RPXQMLSJPHGGFAF09CB,永翠段,12.74,都市：住,100000,721,持分移轉,00040000
RPVQMLSJPHGGFAF88CB,永翠段,12.74,都市：住,100000,721,持分移轉,00040000
RPXQMLSJPHGGFAF09CB,永翠段,9.19,都市：住,100000,721,持分移轉,00060000
RPVQMLSJPHGGFAF88CB,永翠段,9.19,都市：住,100000,721,持分移轉,00060000
RPPRMLSJPHGGFAF38CB,永翠段,12.74,都市：住,100000,721,持分移轉,00040000
RPPRMLSJPHGGFAF38CB,永翠段,9.19,都市：住,100000,721,持分移轉,00060000
RPQRMLSJPHGGFAF48CB,永翠段,12.74,都市：住,100000,721,持分移轉,00040000
RPQRMLSJPHGGFAF48CB,永翠段,9.19,都市：住,100000,721,持分移轉,00060000
RPRRMLSJPHGGFAF58CB,永翠段,12.74,都市：住,100000,721,持分移轉,00040000
RPRRMLSJPHGGFAF58CB,永翠段,9.19,都市：住,100000,721,持分移轉,00060000
RPSRMLSJPHGGFAF68CB,永翠段,12.74,都市：住,100000,721,持分移轉,00040000
RPSRMLSJPHGGFAF68CB,永翠段,9.19,都市：住,100000,721,持分移轉,00060000
RPURMLSJPHGGFAF88CB,永翠段,12.74,都市：住,100000,721,持分移轉,00040000
RPURMLSJPHGGFAF88CB,永翠段,9.19,都市：住,100000,721,持分移轉,00060000
RPVRMLSJPHGGFAF98CB,永翠段,12.74,都市：住,100000,721,持分移轉,00040000
RPVRMLSJPHGGFAF98CB,永翠段,9.19,都市：住,100000,721,持分移轉,00060000
RPXRMLSJPHGGFAF56CB,永翠段,16.34,都市：住,100000,925,持分移轉,00040000
RPXRMLSJPHGGFAF56CB,永翠段,11.79,都市：住,100000,925,持分移轉,00060000
RPWRMLSJPHGGFAF09CB,永翠段,12.74,都市：住,100000,721,持分移轉,00040000
RPWRMLSJPHGGFAF09CB,永翠段,9.19,都市：住,100000,721,持分移轉,00060000
RPPSMLSJPHGGFAF48CB,永翠段,13.13,都市：住,100000,743,持分移轉,00040000
RPPSMLSJPHGGFAF48CB,永翠段,9.47,都市：住,100000,743,持分移轉,00060000
RPOSMLSJPHGGFAF38CB,永翠段,12.86,都市：住,100000,728,持分移轉,00040000
RPOSMLSJPHGGFAF38CB,永翠段,9.28,都市：住,100000,728,持分移轉,00060000
RPRSMLSJPHGGFAF68CB,永翠段,13.13,都市：住,100000,743,持分移轉,00040000
RPRSMLSJPHGGFAF68CB,永翠段,9.47,都市：住,100000,743,持分移轉,00060000
RPQSMLSJPHGGFAF58CB,永翠段,13.13,都市：住,100000,743,持分移轉,00040000
RPQSMLSJPHGGFAF58CB,永翠段,9.47,都市：住,100000,743,持分移轉,00060000
RPSSMLSJPHGGFAF78CB,永翠段,13.13,都市：住,100000,743,持分移轉,00040000
RPSSMLSJPHGGFAF78CB,永翠段,9.47,都市：住,100000,743,持分移轉,00060000
RPUSMLSJPHGGFAF98CB,永翠段,13.13,都市：住,100000,743,持分移轉,00040000
RPUSMLSJPHGGFAF98CB,永翠段,9.47,都市：住,100000,743,持分移轉,00060000
RPTSMLSJPHGGFAF88CB,永翠段,13.13,都市：住,100000,743,持分移轉,00040000
RPTSMLSJPHGGFAF88CB,永翠段,9.47,都市：住,100000,743,持分移轉,00060000
RPOOMLSJPHGGFIF78CB,鳳鳴段,20.57,都市：住,100000,727,持分移轉,00050000
RPWSMLSJPHGGFAF56CB,永翠段,13.13,都市：住,100000,743,持分移轉,00040000
RPWSMLSJPHGGFAF56CB,永翠段,9.47,都市：住,100000,743,持分移轉,00060000
RPPNMLSJPHGGFAF08DB,明德段,14.05,都市：住,10000,224,持分移轉,01920000
RPVSMLSJPHGGFAF09CB,永翠段,13.13,都市：住,100000,743,持分移轉,00040000
RPPOMLSJPHGGFIF88CB,鳳鳴段,22.69,都市：住,100000,802,持分移轉,00050000
RPVSMLSJPHGGFAF09CB,永翠段,9.47,都市：住,100000,743,持分移轉,00060000
RPRNMLSJPHGGFAF28DB,明德段,21.57,都市：住,10000,344,持分移轉,01920000
RPQNMLSJPHGGFAF18DB,明德段,14.05,都市：住,10000,224,持分移轉,01920000
RPUNMLSJPHGGFAF58DB,明德段,21.57,都市：住,10000,344,持分移轉,01920000
RPSNMLSJPHGGFAF38DB,明德段,14.99,都市：住,10000,239,持分移轉,01920000
RPWNMLSJPHGGFAF78DB,明德段,14.99,都市：住,10000,239,持分移轉,01920000
RPTNMLSJPHGGFAF48DB,明德段,28.03,都市：住,10000,447,持分移轉,01920000
RPOOMLSJPHGGFAF08DB,明德段,19.63,都市：住,10000,313,持分移轉,01920000
RPXNMLSJPHGGFAF88DB,明德段,19.50,都市：住,10000,311,持分移轉,01920000
RPPNMLTJPHGGFAF18DB,明德段,20.44,都市：住,10000,326,持分移轉,01920000
RPSNMLTJPHGGFAF48DB,明德段,19.63,都市：住,10000,313,持分移轉,01920000
RPRNMLTJPHGGFAF38DB,明德段,19.63,都市：住,10000,313,持分移轉,01920000
RPQNMLTJPHGGFAF28DB,明德段,20.44,都市：住,10000,326,持分移轉,01920000
RPTNMLTJPHGGFAF58DB,明德段,19.13,都市：住,10000,305,持分移轉,01920000
RPTSMLTJPHGGFHF07CB,華中段,40.45,都市：住,100000,328,持分移轉,00300000
RPTQMLTJPHGGFHF86CB,華中段,40.45,都市：住,100000,328,持分移轉,00300000
RPPNMLTJPHGGFHF78CB,大華段,12.21,都市：住,1000000,3777,持分移轉,06810000
RPXTMLTJPHGGFHF57CB,華中段,40.45,都市：住,100000,328,持分移轉,00300000
RPXUMLTJPHGGFHF67CB,華中段,40.58,都市：住,100000,329,持分移轉,00300000
RPRTMLTJPHGGFHF96CB,華中段,40.45,都市：住,100000,328,持分移轉,00300000
RPVUMLTJPHGGFHF47CB,華中段,40.58,都市：住,100000,329,持分移轉,00300000
RPXONLTJPHGGFHF17CB,華中段,40.45,都市：住,100000,328,持分移轉,00300000
RPPONLTJPHGGFHF98CB,華中段,40.45,都市：住,100000,328,持分移轉,00300000
RPXPNLTJPHGGFHF27CB,華中段,40.45,都市：住,100000,328,持分移轉,00300000
RPVPNLTJPHGGFHF07CB,華中段,40.45,都市：住,100000,328,持分移轉,00300000
RPSONLTJPHGGFHF66CB,華中段,40.45,都市：住,100000,328,持分移轉,00300000
RPVONLTJPHGGFHF96CB,華中段,40.45,都市：住,100000,328,持分移轉,00300000
RPQQNLTJPHGGFHF66CB,華中段,29.60,都市：住,100000,240,持分移轉,00300000
RPPNMLTJPHGGFAF08CB,永翠段,13.13,都市：住,100000,743,持分移轉,00040000
RPPNMLTJPHGGFAF08CB,永翠段,9.47,都市：住,100000,743,持分移轉,00060000
RPQSNLTJPHGGFHF86CB,水源段,1.22,都市：商,100000,1079,持分移轉,02310003
RPQSNLTJPHGGFHF86CB,水源段,2.47,都市：商,100000,1079,持分移轉,02310001
RPPSNLTJPHGGFHF76CB,水源段,.55,都市：商,100000,1259,持分移轉,02270001
RPQSNLTJPHGGFHF86CB,水源段,2.87,都市：商,100000,1079,持分移轉,02310006
RPPSNLTJPHGGFHF76CB,水源段,.20,都市：商,100000,1259,持分移轉,02270002
RPQSNLTJPHGGFHF86CB,水源段,.59,都市：商,100000,1079,持分移轉,02270004
RPPSNLTJPHGGFHF76CB,水源段,.04,都市：商,100000,1259,持分移轉,02300001
RPQSNLTJPHGGFHF86CB,水源段,.21,都市：商,100000,1079,持分移轉,02270007
RPPSNLTJPHGGFHF76CB,水源段,1.05,都市：商,100000,1259,持分移轉,02290000
RPQSNLTJPHGGFHF86CB,水源段,.70,都市：商,100000,1079,持分移轉,02270000
RPPSNLTJPHGGFHF76CB,水源段,.68,都市：商,100000,1259,持分移轉,02300000
RPQSNLTJPHGGFHF86CB,水源段,.31,都市：商,100000,1079,持分移轉,02270003
RPPSNLTJPHGGFHF76CB,水源段,2.40,都市：商,100000,1259,持分移轉,02240000
RPQSNLTJPHGGFHF86CB,水源段,.76,都市：商,100000,1079,持分移轉,02310004
RPPSNLTJPHGGFHF76CB,水源段,1.70,都市：商,100000,1259,持分移轉,02280000
RPQSNLTJPHGGFHF86CB,水源段,.47,都市：商,100000,1079,持分移轉,02270001
RPPSNLTJPHGGFHF76CB,水源段,1.43,都市：商,100000,1259,持分移轉,02310002
RPQSNLTJPHGGFHF86CB,水源段,.18,都市：商,100000,1079,持分移轉,02270002
RPPSNLTJPHGGFHF76CB,水源段,1.43,都市：商,100000,1259,持分移轉,02310003
RPQSNLTJPHGGFHF86CB,水源段,.04,都市：商,100000,1079,持分移轉,02300001
RPPSNLTJPHGGFHF76CB,水源段,2.89,都市：商,100000,1259,持分移轉,02310001
RPQSNLTJPHGGFHF86CB,水源段,.90,都市：商,100000,1079,持分移轉,02290000
RPPSNLTJPHGGFHF76CB,水源段,3.35,都市：商,100000,1259,持分移轉,02310006
RPQSNLTJPHGGFHF86CB,水源段,.58,都市：商,100000,1079,持分移轉,02300000
RPPSNLTJPHGGFHF76CB,水源段,.69,都市：商,100000,1259,持分移轉,02270004
RPQSNLTJPHGGFHF86CB,水源段,2.05,都市：商,100000,1079,持分移轉,02240000
RPPSNLTJPHGGFHF76CB,水源段,.25,都市：商,100000,1259,持分移轉,02270007
RPQSNLTJPHGGFHF86CB,水源段,1.46,都市：商,100000,1079,持分移轉,02280000
RPPSNLTJPHGGFHF76CB,水源段,.82,都市：商,100000,1259,持分移轉,02270000
RPQSNLTJPHGGFHF86CB,水源段,1.22,都市：商,100000,1079,持分移轉,02310002
RPPSNLTJPHGGFHF76CB,水源段,.37,都市：商,100000,1259,持分移轉,02270003
RPPSNLTJPHGGFHF76CB,水源段,.89,都市：商,100000,1259,持分移轉,02310004
RPTNMLTJPHGGFAF48CB,永翠段,13.06,都市：住,100000,739,持分移轉,00040000
RPTNMLTJPHGGFAF48CB,永翠段,9.42,都市：住,100000,739,持分移轉,00060000
RPRNMLTJPHGGFAF28CB,永翠段,13.13,都市：住,100000,743,持分移轉,00040000
RPRNMLTJPHGGFAF28CB,永翠段,9.47,都市：住,100000,743,持分移轉,00060000
RPSNMLTJPHGGFAF38CB,永翠段,12.74,都市：住,100000,721,持分移轉,00040000
RPSNMLTJPHGGFAF38CB,永翠段,9.19,都市：住,100000,721,持分移轉,00060000
RPUNMLTJPHGGFAF58CB,永翠段,13.04,都市：住,100000,738,持分移轉,00040000
RPUNMLTJPHGGFAF58CB,永翠段,9.41,都市：住,100000,738,持分移轉,00060000
RPQNMLTJPHGGFAF18CB,永翠段,13.13,都市：住,100000,743,持分移轉,00040000
RPQNMLTJPHGGFAF18CB,永翠段,9.47,都市：住,100000,743,持分移轉,00060000
RPVNMLTJPHGGFAF68CB,永翠段,13.13,都市：住,100000,743,持分移轉,00040000
RPVNMLTJPHGGFAF68CB,永翠段,9.47,都市：住,100000,743,持分移轉,00060000
RPWNMLTJPHGGFAF78CB,永翠段,13.13,都市：住,100000,743,持分移轉,00040000
RPWNMLTJPHGGFAF78CB,永翠段,9.47,都市：住,100000,743,持分移轉,00060000
RPXNMLTJPHGGFAF88CB,永翠段,13.13,都市：住,100000,743,持分移轉,00040000
RPXNMLTJPHGGFAF88CB,永翠段,9.47,都市：住,100000,743,持分移轉,00060000
RPOOMLTJPHGGFAF08CB,永翠段,13.13,都市：住,100000,743,持分移轉,00040000
RPOOMLTJPHGGFAF08CB,永翠段,9.47,都市：住,100000,743,持分移轉,00060000
RPQOMLTJPHGGFAF28CB,永翠段,13.13,都市：住,100000,743,持分移轉,00040000
RPQOMLTJPHGGFAF28CB,永翠段,9.47,都市：住,100000,743,持分移轉,00060000
RPPOMLTJPHGGFAF18CB,永翠段,13.13,都市：住,100000,743,持分移轉,00040000
RPPOMLTJPHGGFAF18CB,永翠段,9.47,都市：住,100000,743,持分移轉,00060000
RPTOMLTJPHGGFAF58CB,永翠段,13.13,都市：住,100000,743,持分移轉,00040000
RPTOMLTJPHGGFAF58CB,永翠段,9.47,都市：住,100000,743,持分移轉,00060000
RPROMLTJPHGGFAF38CB,永翠段,13.13,都市：住,100000,743,持分移轉,00040000
RPSOMLTJPHGGFAF48CB,永翠段,13.13,都市：住,100000,743,持分移轉,00040000
RPSOMLTJPHGGFAF48CB,永翠段,9.47,都市：住,100000,743,持分移轉,00060000
RPROMLTJPHGGFAF38CB,永翠段,9.47,都市：住,100000,743,持分移轉,00060000
RPUOMLTJPHGGFAF68CB,永翠段,13.13,都市：住,100000,743,持分移轉,00040000
RPUOMLTJPHGGFAF68CB,永翠段,9.47,都市：住,100000,743,持分移轉,00060000
RPVOMLTJPHGGFAF78CB,永翠段,13.13,都市：住,100000,743,持分移轉,00040000
RPVOMLTJPHGGFAF78CB,永翠段,9.47,都市：住,100000,743,持分移轉,00060000
RPWOMLTJPHGGFAF88CB,永翠段,13.13,都市：住,100000,743,持分移轉,00040000
RPWOMLTJPHGGFAF88CB,永翠段,9.47,都市：住,100000,743,持分移轉,00060000
RPXOMLTJPHGGFAF98CB,永翠段,8.30,都市：住,100000,470,持分移轉,00040000
RPXOMLTJPHGGFAF98CB,永翠段,5.99,都市：住,100000,470,持分移轉,00060000
RPOPMLTJPHGGFAF18CB,永翠段,8.66,都市：住,100000,490,持分移轉,00040000
RPOPMLTJPHGGFAF18CB,永翠段,6.25,都市：住,100000,490,持分移轉,00060000
RPPPMLTJPHGGFAF28CB,永翠段,8.66,都市：住,100000,490,持分移轉,00040000
RPPPMLTJPHGGFAF28CB,永翠段,6.25,都市：住,100000,490,持分移轉,00060000
RPQPMLTJPHGGFAF38CB,永翠段,8.66,都市：住,100000,490,持分移轉,00040000
RPQPMLTJPHGGFAF38CB,永翠段,6.25,都市：住,100000,490,持分移轉,00060000
RPTPMLTJPHGGFAF68CB,永翠段,8.66,都市：住,100000,490,持分移轉,00040000
RPTPMLTJPHGGFAF68CB,永翠段,6.25,都市：住,100000,490,持分移轉,00060000
RPSPMLTJPHGGFAF58CB,永翠段,8.66,都市：住,100000,490,持分移轉,00040000
RPSPMLTJPHGGFAF58CB,永翠段,6.25,都市：住,100000,490,持分移轉,00060000
RPUPMLTJPHGGFAF78CB,永翠段,8.66,都市：住,100000,490,持分移轉,00040000
RPUPMLTJPHGGFAF78CB,永翠段,6.25,都市：住,100000,490,持分移轉,00060000
RPRPMLTJPHGGFAF48CB,永翠段,8.66,都市：住,100000,490,持分移轉,00040000
RPRPMLTJPHGGFAF48CB,永翠段,6.25,都市：住,100000,490,持分移轉,00060000
RPWPMLTJPHGGFAF98CB,永翠段,8.66,都市：住,100000,490,持分移轉,00040000
RPWPMLTJPHGGFAF98CB,永翠段,6.25,都市：住,100000,490,持分移轉,00060000
RPXPMLTJPHGGFAF09CB,永翠段,8.66,都市：住,100000,490,持分移轉,00040000
RPXPMLTJPHGGFAF09CB,永翠段,6.25,都市：住,100000,490,持分移轉,00060000
RPQQMLTJPHGGFAF48CB,永翠段,8.66,都市：住,100000,490,持分移轉,00040000
RPQQMLTJPHGGFAF48CB,永翠段,6.25,都市：住,100000,490,持分移轉,00060000
RPPQMLTJPHGGFAF38CB,永翠段,8.66,都市：住,100000,490,持分移轉,00040000
RPPQMLTJPHGGFAF38CB,永翠段,6.25,都市：住,100000,490,持分移轉,00060000
RPOQMLTJPHGGFAF28CB,永翠段,8.66,都市：住,100000,490,持分移轉,00040000
RPOQMLTJPHGGFAF28CB,永翠段,6.25,都市：住,100000,490,持分移轉,00060000
RPSQMLTJPHGGFAF68CB,永翠段,10.88,都市：住,100000,616,持分移轉,00040000
RPSQMLTJPHGGFAF68CB,永翠段,7.85,都市：住,100000,616,持分移轉,00060000
RPRQMLTJPHGGFAF58CB,永翠段,8.66,都市：住,100000,490,持分移轉,00040000
RPRQMLTJPHGGFAF58CB,永翠段,6.25,都市：住,100000,490,持分移轉,00060000
RPUQMLTJPHGGFAF88CB,永翠段,10.97,都市：住,100000,621,持分移轉,00040000
RPUQMLTJPHGGFAF88CB,永翠段,7.92,都市：住,100000,621,持分移轉,00060000
RPTQMLTJPHGGFAF78CB,永翠段,10.95,都市：住,100000,620,持分移轉,00040000
RPTQMLTJPHGGFAF78CB,永翠段,7.90,都市：住,100000,620,持分移轉,00060000
RPWQMLTJPHGGFAF09CB,永翠段,10.97,都市：住,100000,621,持分移轉,00040000
RPWQMLTJPHGGFAF09CB,永翠段,7.92,都市：住,100000,621,持分移轉,00060000
RPVQMLTJPHGGFAF98CB,永翠段,10.95,都市：住,100000,620,持分移轉,00040000
RPVQMLTJPHGGFAF98CB,永翠段,7.90,都市：住,100000,620,持分移轉,00060000
RPORMLTJPHGGFAF38CB,永翠段,10.95,都市：住,100000,620,持分移轉,00040000
RPORMLTJPHGGFAF38CB,永翠段,7.90,都市：住,100000,620,持分移轉,00060000
RPXQMLTJPHGGFAF56CB,永翠段,10.95,都市：住,100000,620,持分移轉,00040000
RPXQMLTJPHGGFAF56CB,永翠段,7.90,都市：住,100000,620,持分移轉,00060000
RPPRMLTJPHGGFAF48CB,永翠段,10.95,都市：住,100000,620,持分移轉,00040000
RPPRMLTJPHGGFAF48CB,永翠段,7.90,都市：住,100000,620,持分移轉,00060000
RPRRMLTJPHGGFAF68CB,永翠段,10.95,都市：住,100000,620,持分移轉,00040000
RPRRMLTJPHGGFAF68CB,永翠段,7.90,都市：住,100000,620,持分移轉,00060000
RPTRMLTJPHGGFAF88CB,永翠段,10.95,都市：住,100000,620,持分移轉,00040000
RPTRMLTJPHGGFAF88CB,永翠段,7.90,都市：住,100000,620,持分移轉,00060000
RPQRMLTJPHGGFAF58CB,永翠段,10.95,都市：住,100000,620,持分移轉,00040000
RPQRMLTJPHGGFAF58CB,永翠段,7.90,都市：住,100000,620,持分移轉,00060000
RPSRMLTJPHGGFAF78CB,永翠段,10.95,都市：住,100000,620,持分移轉,00040000
RPSRMLTJPHGGFAF78CB,永翠段,7.90,都市：住,100000,620,持分移轉,00060000
RPVRMLTJPHGGFAF09CB,永翠段,10.95,都市：住,100000,620,持分移轉,00040000
RPVRMLTJPHGGFAF09CB,永翠段,7.90,都市：住,100000,620,持分移轉,00060000
RPURMLTJPHGGFAF98CB,永翠段,10.95,都市：住,100000,620,持分移轉,00040000
RPURMLTJPHGGFAF98CB,永翠段,7.90,都市：住,100000,620,持分移轉,00060000
RPWRMLTJPHGGFAF56CB,永翠段,10.95,都市：住,100000,620,持分移轉,00040000
RPWRMLTJPHGGFAF56CB,永翠段,7.90,都市：住,100000,620,持分移轉,00060000
RPXRMLTJPHGGFAF66CB,永翠段,10.97,都市：住,100000,621,持分移轉,00040000
RPXRMLTJPHGGFAF66CB,永翠段,7.92,都市：住,100000,621,持分移轉,00060000
RPOSMLTJPHGGFAF48CB,永翠段,10.95,都市：住,100000,620,持分移轉,00040000
RPOSMLTJPHGGFAF48CB,永翠段,7.90,都市：住,100000,620,持分移轉,00060000
RPPSMLTJPHGGFAF58CB,永翠段,10.95,都市：住,100000,620,持分移轉,00040000
RPPSMLTJPHGGFAF58CB,永翠段,7.90,都市：住,100000,620,持分移轉,00060000
RPQSMLTJPHGGFAF68CB,永翠段,10.95,都市：住,100000,620,持分移轉,00040000
RPQSMLTJPHGGFAF68CB,永翠段,7.90,都市：住,100000,620,持分移轉,00060000
RPSSMLTJPHGGFAF88CB,永翠段,10.95,都市：住,100000,620,持分移轉,00040000
RPSSMLTJPHGGFAF88CB,永翠段,7.90,都市：住,100000,620,持分移轉,00060000
RPTSMLTJPHGGFAF98CB,永翠段,10.95,都市：住,100000,620,持分移轉,00040000
RPTSMLTJPHGGFAF98CB,永翠段,7.90,都市：住,100000,620,持分移轉,00060000
RPUSMLTJPHGGFAF09CB,永翠段,10.95,都市：住,100000,620,持分移轉,00040000
RPUSMLTJPHGGFAF09CB,永翠段,7.90,都市：住,100000,620,持分移轉,00060000
RPRSMLTJPHGGFAF78CB,永翠段,10.95,都市：住,100000,620,持分移轉,00040000
RPRSMLTJPHGGFAF78CB,永翠段,7.90,都市：住,100000,620,持分移轉,00060000
RPVSMLTJPHGGFAF56CB,永翠段,10.95,都市：住,100000,620,持分移轉,00040000
RPVSMLTJPHGGFAF56CB,永翠段,7.90,都市：住,100000,620,持分移轉,00060000
RPWSMLTJPHGGFAF66CB,永翠段,10.95,都市：住,100000,620,持分移轉,00040000
RPWSMLTJPHGGFAF66CB,永翠段,7.90,都市：住,100000,620,持分移轉,00060000
RPOTMLTJPHGGFAF58CB,永翠段,10.95,都市：住,100000,620,持分移轉,00040000
RPOTMLTJPHGGFAF58CB,永翠段,7.90,都市：住,100000,620,持分移轉,00060000
RPXSMLTJPHGGFAF76CB,永翠段,10.95,都市：住,100000,620,持分移轉,00040000
RPXSMLTJPHGGFAF76CB,永翠段,7.90,都市：住,100000,620,持分移轉,00060000
RPPNMLKKPHGGFGF87CB,大安段,7.25,都市：住,100000,220,持分移轉,05630000
RPUQMLTJPHGGFBF98CB,建林段,17.46,都市：住,10000,165,持分移轉,01290000
RPSQMLTJPHGGFBF78CB,建林段,17.25,都市：住,10000,163,持分移轉,01290000
RPPNMLMKPHGGFGF08CB,大安段,6.46,都市：住,100000,196,持分移轉,05630000
RPQNMLKKPHGGFGF97CB,大安段,6.69,都市：住,100000,203,持分移轉,05630000
RPQNMLMKPHGGFHF28CB,景福段,.83,都市：其他:都市計畫區內之市場用地,100000,439,持分移轉,03910001
RPQNMLMKPHGGFHF28CB,景福段,1.67,都市：其他:都市計畫區內之市場用地,100000,439,持分移轉,03910002
RPQNMLMKPHGGFHF28CB,景福段,1.25,都市：其他:都市計畫區內之市場用地,100000,439,持分移轉,03910003
RPQNMLMKPHGGFHF28CB,景福段,.49,都市：其他:都市計畫區內之市場用地,100000,439,持分移轉,03920001
RPQNMLMKPHGGFHF28CB,景福段,12.45,都市：其他:都市計畫區內之市場用地,100000,439,持分移轉,03950001
RPPNMLMKPHGGFHF18CB,景福段,1.10,都市：其他:都市計畫區內之市場用地,100000,581,持分移轉,03910001
RPPNMLMKPHGGFHF18CB,景福段,2.21,都市：其他:都市計畫區內之市場用地,100000,581,持分移轉,03910002
RPPNMLMKPHGGFHF18CB,景福段,1.66,都市：其他:都市計畫區內之市場用地,100000,581,持分移轉,03910003
RPPNMLMKPHGGFHF18CB,景福段,.64,都市：其他:都市計畫區內之市場用地,100000,581,持分移轉,03920001
RPPNMLMKPHGGFHF18CB,景福段,16.47,都市：其他:都市計畫區內之市場用地,100000,581,持分移轉,03950001
RPQNMLMKPHGGFAF57CB,永翠段,8.46,都市：住,100000,479,持分移轉,00040000
RPQNMLMKPHGGFAF57CB,永翠段,6.11,都市：住,100000,479,持分移轉,00060000
RPPNMLMKPHGGFAF47CB,永翠段,8.45,都市：住,100000,478,持分移轉,00040000
RPPNMLMKPHGGFAF47CB,永翠段,6.09,都市：住,100000,478,持分移轉,00060000
RPRNMLMKPHGGFHF38CB,景福段,.56,都市：其他:都市計畫區內之市場用地,100000,294,持分移轉,03910001
RPRNMLMKPHGGFHF38CB,景福段,1.12,都市：其他:都市計畫區內之市場用地,100000,294,持分移轉,03910002
RPRNMLMKPHGGFHF38CB,景福段,.84,都市：其他:都市計畫區內之市場用地,100000,294,持分移轉,03910003
RPRNMLMKPHGGFAF67CB,永翠段,8.55,都市：住,100000,484,持分移轉,00040000
RPRNMLMKPHGGFHF38CB,景福段,.33,都市：其他:都市計畫區內之市場用地,100000,294,持分移轉,03920001
RPRNMLMKPHGGFAF67CB,永翠段,6.17,都市：住,100000,484,持分移轉,00060000
RPRNMLMKPHGGFHF38CB,景福段,8.33,都市：其他:都市計畫區內之市場用地,100000,294,持分移轉,03950001
RPTNMLMKPHGGFAF87CB,永翠段,8.50,都市：住,100000,481,持分移轉,00040000
RPTNMLMKPHGGFAF87CB,永翠段,6.13,都市：住,100000,481,持分移轉,00060000
RPSNMLMKPHGGFAF77CB,永翠段,8.50,都市：住,100000,481,持分移轉,00040000
RPSNMLMKPHGGFAF77CB,永翠段,6.13,都市：住,100000,481,持分移轉,00060000
RPUNMLMKPHGGFAF97CB,永翠段,8.50,都市：住,100000,481,持分移轉,00040000
RPUNMLMKPHGGFAF97CB,永翠段,6.13,都市：住,100000,481,持分移轉,00060000
RPWNMLMKPHGGFAF18CB,永翠段,8.55,都市：住,100000,484,持分移轉,00040000
RPWNMLMKPHGGFAF18CB,永翠段,6.17,都市：住,100000,484,持分移轉,00060000
RPVNMLMKPHGGFAF08CB,永翠段,8.55,都市：住,100000,484,持分移轉,00040000
RPVNMLMKPHGGFAF08CB,永翠段,6.17,都市：住,100000,484,持分移轉,00060000
RPPOMLMKPHGGFAF57CB,永翠段,8.55,都市：住,100000,484,持分移轉,00040000
RPPOMLMKPHGGFAF57CB,永翠段,6.17,都市：住,100000,484,持分移轉,00060000
RPROMLMKPHGGFAF77CB,永翠段,8.55,都市：住,100000,484,持分移轉,00040000
RPROMLMKPHGGFAF77CB,永翠段,6.17,都市：住,100000,484,持分移轉,00060000
RPXNMLMKPHGGFAF28CB,永翠段,6.96,都市：住,1000000,6485,持分移轉,00300000
RPXNMLMKPHGGFAF28CB,永翠段,6.96,都市：住,1000000,6485,持分移轉,00310000
RPOOMLMKPHGGFAF47CB,永翠段,8.55,都市：住,100000,484,持分移轉,00040000
RPOOMLMKPHGGFAF47CB,永翠段,6.17,都市：住,100000,484,持分移轉,00060000
RPQOMLMKPHGGFAF67CB,永翠段,8.50,都市：住,100000,481,持分移轉,00040000
RPQOMLMKPHGGFAF67CB,永翠段,6.13,都市：住,100000,481,持分移轉,00060000
RPTOMLMKPHGGFAF97CB,永翠段,8.50,都市：住,100000,481,持分移轉,00040000
RPTOMLMKPHGGFAF97CB,永翠段,6.13,都市：住,100000,481,持分移轉,00060000
RPUOMLMKPHGGFAF08CB,永翠段,23.73,都市：商,100000,815,持分移轉,00270000
RPSOMLMKPHGGFAF87CB,永翠段,8.55,都市：住,100000,484,持分移轉,00040000
RPSOMLMKPHGGFAF87CB,永翠段,6.17,都市：住,100000,484,持分移轉,00060000
RPWOMLMKPHGGFAF28CB,永翠段,23.73,都市：商,100000,815,持分移轉,00270000
RPXOMLMKPHGGFAF38CB,永翠段,23.73,都市：商,100000,815,持分移轉,00270000
RPOPMLMKPHGGFAF57CB,永翠段,23.73,都市：商,100000,815,持分移轉,00270000
RPVOMLMKPHGGFAF18CB,永翠段,23.73,都市：商,100000,815,持分移轉,00270000
RPPPMLMKPHGGFAF67CB,永翠段,23.73,都市：商,100000,815,持分移轉,00270000
RPQPMLMKPHGGFAF77CB,永翠段,23.73,都市：商,100000,815,持分移轉,00270000
RPSPMLMKPHGGFAF97CB,永翠段,23.73,都市：商,100000,815,持分移轉,00270000
RPRPMLMKPHGGFAF87CB,永翠段,23.73,都市：商,100000,815,持分移轉,00270000
RPWPMLMKPHGGFAF38CB,明德段,26.51,都市：住,100000,796,持分移轉,03580000
RPUPMLMKPHGGFAF18CB,永翠段,23.73,都市：商,100000,815,持分移轉,00270000
RPOQMLMKPHGGFAF67CB,永翠段,23.73,都市：商,100000,815,持分移轉,00270000
RPPQMLMKPHGGFAF77CB,永翠段,23.73,都市：商,100000,815,持分移轉,00270000
RPQQMLMKPHGGFAF87CB,永翠段,23.73,都市：商,100000,815,持分移轉,00270000
RPXPMLMKPHGGFAF48CB,永翠段,23.73,都市：商,100000,815,持分移轉,00270000
RPRQMLMKPHGGFAF97CB,永翠段,23.73,都市：商,100000,815,持分移轉,00270000
RPUQMLMKPHGGFAF28CB,永翠段,15.99,都市：商,100000,549,持分移轉,00270000
RPSQMLMKPHGGFAF08CB,永翠段,23.82,都市：商,100000,818,持分移轉,00270000
RPTQMLMKPHGGFAF18CB,永翠段,15.99,都市：商,100000,549,持分移轉,00270000
RPXQMLMKPHGGFAF58CB,永翠段,15.99,都市：商,100000,549,持分移轉,00270000
RPVQMLMKPHGGFAF38CB,永翠段,15.99,都市：商,100000,549,持分移轉,00270000
RPORMLMKPHGGFAF77CB,永翠段,15.99,都市：商,100000,549,持分移轉,00270000
RPWQMLMKPHGGFAF48CB,永翠段,15.99,都市：商,100000,549,持分移轉,00270000
RPPRMLMKPHGGFAF87CB,永翠段,15.99,都市：商,100000,549,持分移轉,00270000
RPPNMLNKPHGGFAF57CB,永翠段,15.99,都市：商,100000,549,持分移轉,00270000
RPQNMLNKPHGGFAF67CB,永翠段,15.99,都市：商,100000,549,持分移轉,00270000
RPRNMLNKPHGGFAF77CB,永翠段,15.99,都市：商,100000,549,持分移轉,00270000
RPTNMLNKPHGGFAF97CB,永翠段,15.99,都市：商,100000,549,持分移轉,00270000
RPSNMLNKPHGGFAF87CB,永翠段,15.99,都市：商,100000,549,持分移轉,00270000
RPUNMLNKPHGGFAF08CB,明德段,17.07,都市：住,100000,856,持分移轉,01750000
RPXNMLNKPHGGFAF38CB,永翠段,15.99,都市：商,100000,549,持分移轉,00270000
RPWNMLNKPHGGFAF28CB,明德段,17.07,都市：住,100000,856,持分移轉,01750000
RPVNMLNKPHGGFAF18CB,永翠段,15.99,都市：商,100000,549,持分移轉,00270000
RPOOMLNKPHGGFAF57CB,永翠段,15.99,都市：商,100000,549,持分移轉,00270000
RPQOMLNKPHGGFAF77CB,永翠段,15.99,都市：商,100000,549,持分移轉,00270000
RPPOMLNKPHGGFAF67CB,明德段,17.07,都市：住,100000,856,持分移轉,01750000
RPSOMLNKPHGGFAF97CB,永翠段,15.99,都市：商,100000,549,持分移轉,00270000
RPROMLNKPHGGFAF87CB,明德段,17.07,都市：住,100000,856,持分移轉,01750000
RPTOMLNKPHGGFAF08CB,明德段,17.07,都市：住,100000,856,持分移轉,01750000
RPUOMLNKPHGGFAF18CB,永翠段,15.99,都市：商,100000,549,持分移轉,00270000
RPWOMLNKPHGGFAF38CB,永翠段,15.99,都市：商,100000,549,持分移轉,00270000
RPOPMLNKPHGGFAF67CB,明德段,17.07,都市：住,100000,856,持分移轉,01750000
RPRPMLNKPHGGFAF97CB,永翠段,15.99,都市：商,100000,549,持分移轉,00270000
RPXOMLNKPHGGFAF48CB,明德段,17.07,都市：住,100000,856,持分移轉,01750000
RPQPMLNKPHGGFAF87CB,明德段,17.07,都市：住,100000,856,持分移轉,01750000
RPPPMLNKPHGGFAF77CB,永翠段,15.99,都市：商,100000,549,持分移轉,00270000
RPTPMLNKPHGGFAF18CB,永翠段,15.99,都市：商,100000,549,持分移轉,00270000
RPSPMLNKPHGGFAF08CB,明德段,17.07,都市：住,100000,856,持分移轉,01750000
RPUPMLNKPHGGFAF28CB,明德段,17.07,都市：住,100000,856,持分移轉,01750000
RPVPMLNKPHGGFAF38CB,明德段,17.07,都市：住,100000,856,持分移轉,01750000
RPXPMLNKPHGGFAF58CB,明德段,17.07,都市：住,100000,856,持分移轉,01750000
RPWPMLNKPHGGFAF48CB,永翠段,15.99,都市：商,100000,549,持分移轉,00270000
RPPQMLNKPHGGFAF87CB,明德段,16.95,都市：住,100000,850,持分移轉,01750000
RPQQMLNKPHGGFAF97CB,明德段,16.95,都市：住,100000,850,持分移轉,01750000
RPOQMLNKPHGGFAF77CB,永翠段,15.99,都市：商,100000,549,持分移轉,00270000
RPUQMLNKPHGGFAF38CB,明德段,16.95,都市：住,100000,850,持分移轉,01750000
RPTQMLNKPHGGFAF28CB,永翠段,15.99,都市：商,100000,549,持分移轉,00270000
RPRQMLNKPHGGFAF08CB,明德段,16.95,都市：住,100000,850,持分移轉,01750000
RPVQMLNKPHGGFAF48CB,明德段,16.95,都市：住,100000,850,持分移轉,01750000
RPWQMLNKPHGGFAF58CB,明德段,16.95,都市：住,100000,850,持分移轉,01750000
RPQRMLNKPHGGFAF08CB,明德段,16.95,都市：住,100000,850,持分移轉,01750000
RPPRMLNKPHGGFAF97CB,明德段,16.95,都市：住,100000,850,持分移轉,01750000
RPXQMLNKPHGGFAF68CB,明德段,16.95,都市：住,100000,850,持分移轉,01750000
RPTRMLNKPHGGFAF38CB,永翠段,15.99,都市：商,100000,549,持分移轉,00270000
RPORMLNKPHGGFAF87CB,明德段,16.95,都市：住,100000,850,持分移轉,01750000
RPSRMLNKPHGGFAF28CB,永翠段,15.99,都市：商,100000,549,持分移轉,00270000
RPRRMLNKPHGGFAF18CB,永翠段,15.99,都市：商,100000,549,持分移轉,00270000
RPURMLNKPHGGFAF48CB,永翠段,15.99,都市：商,100000,549,持分移轉,00270000
RPVRMLNKPHGGFAF58CB,明德段,16.95,都市：住,100000,850,持分移轉,01750000
RPXRMLNKPHGGFAF78CB,明德段,16.95,都市：住,100000,850,持分移轉,01750000
RPQSMLNKPHGGFAF18CB,永翠段,15.99,都市：商,100000,549,持分移轉,00270000
RPRSMLNKPHGGFAF28CB,永翠段,15.99,都市：商,100000,549,持分移轉,00270000
RPPSMLNKPHGGFAF08CB,永翠段,15.99,都市：商,100000,549,持分移轉,00270000
RPWRMLNKPHGGFAF68CB,永翠段,15.99,都市：商,100000,549,持分移轉,00270000
RPOSMLNKPHGGFAF97CB,永翠段,15.99,都市：商,100000,549,持分移轉,00270000
RPTSMLNKPHGGFAF48CB,永翠段,15.99,都市：商,100000,549,持分移轉,00270000
RPSSMLNKPHGGFAF38CB,永翠段,15.99,都市：商,100000,549,持分移轉,00270000
RPWSMLNKPHGGFAF78CB,永翠段,15.99,都市：商,100000,549,持分移轉,00270000
RPXSMLNKPHGGFAF88CB,永翠段,23.73,都市：商,100000,815,持分移轉,00270000
RPPTMLNKPHGGFAF18CB,永翠段,16.54,都市：商,100000,568,持分移轉,00270000
RPUTMLNKPHGGFAF68CB,永翠段,16.54,都市：商,100000,568,持分移轉,00270000
RPTTMLNKPHGGFAF58CB,永翠段,16.54,都市：商,100000,568,持分移轉,00270000
RPOTMLNKPHGGFAF08CB,永翠段,23.73,都市：商,100000,815,持分移轉,00270000
RPSTMLNKPHGGFAF48CB,永翠段,16.54,都市：商,100000,568,持分移轉,00270000
RPRTMLNKPHGGFAF38CB,永翠段,16.54,都市：商,100000,568,持分移轉,00270000
RPVTMLNKPHGGFAF78CB,永翠段,16.54,都市：商,100000,568,持分移轉,00270000
RPWTMLNKPHGGFAF88CB,永翠段,16.54,都市：商,100000,568,持分移轉,00270000
RPXTMLNKPHGGFAF98CB,永翠段,16.54,都市：商,100000,568,持分移轉,00270000
RPRUMLNKPHGGFAF48CB,永翠段,16.54,都市：商,100000,568,持分移轉,00270000
RPOUMLNKPHGGFAF18CB,永翠段,16.54,都市：商,100000,568,持分移轉,00270000
RPSUMLNKPHGGFAF58CB,永翠段,16.54,都市：商,100000,568,持分移轉,00270000
RPQUMLNKPHGGFAF38CB,永翠段,16.54,都市：商,100000,568,持分移轉,00270000
RPQNMLNKPHGGFHF38CB,水源段,2.89,都市：商,100000,1259,持分移轉,02310001
RPQNMLNKPHGGFHF38CB,水源段,3.35,都市：商,100000,1259,持分移轉,02310006
RPQNMLNKPHGGFHF38CB,水源段,.69,都市：商,100000,1259,持分移轉,02270004
RPTUMLNKPHGGFAF68CB,永翠段,16.54,都市：商,100000,568,持分移轉,00270000
RPQNMLNKPHGGFHF38CB,水源段,.25,都市：商,100000,1259,持分移轉,02270007
RPQNMLNKPHGGFHF38CB,水源段,.82,都市：商,100000,1259,持分移轉,02270000
RPQNMLNKPHGGFHF38CB,水源段,.37,都市：商,100000,1259,持分移轉,02270003
RPQNMLNKPHGGFHF38CB,水源段,.89,都市：商,100000,1259,持分移轉,02310004
RPQNMLNKPHGGFHF38CB,水源段,.55,都市：商,100000,1259,持分移轉,02270001
RPQNMLNKPHGGFHF38CB,水源段,.20,都市：商,100000,1259,持分移轉,02270002
RPPNMLNKPHGGFHF28CB,水源段,2.05,都市：商,100000,1079,持分移轉,02240000
RPQNMLNKPHGGFHF38CB,水源段,.04,都市：商,100000,1259,持分移轉,02300001
RPPNMLNKPHGGFHF28CB,水源段,1.46,都市：商,100000,1079,持分移轉,02280000
RPQNMLNKPHGGFHF38CB,水源段,1.05,都市：商,100000,1259,持分移轉,02290000
RPPNMLNKPHGGFHF28CB,水源段,1.22,都市：商,100000,1079,持分移轉,02310002
RPQNMLNKPHGGFHF38CB,水源段,.68,都市：商,100000,1259,持分移轉,02300000
RPPNMLNKPHGGFHF28CB,水源段,1.22,都市：商,100000,1079,持分移轉,02310003
RPQNMLNKPHGGFHF38CB,水源段,2.40,都市：商,100000,1259,持分移轉,02240000
RPPNMLNKPHGGFHF28CB,水源段,2.47,都市：商,100000,1079,持分移轉,02310001
RPQNMLNKPHGGFHF38CB,水源段,1.70,都市：商,100000,1259,持分移轉,02280000
RPOSMLOKPHGGFGF68CB,仁信段,13.01,都市：住,100000,596,持分移轉,00120000
RPQNMLNKPHGGFHF38CB,水源段,1.43,都市：商,100000,1259,持分移轉,02310002
RPVRMLOKPHGGFGF66CB,仁信段,13.01,都市：住,100000,596,持分移轉,00120000
RPPNMLNKPHGGFHF28CB,水源段,2.87,都市：商,100000,1079,持分移轉,02310006
RPQNMLNKPHGGFHF38CB,水源段,1.43,都市：商,100000,1259,持分移轉,02310003
RPPNMLNKPHGGFHF28CB,水源段,.59,都市：商,100000,1079,持分移轉,02270004
RPPNMLNKPHGGFHF28CB,水源段,.21,都市：商,100000,1079,持分移轉,02270007
RPPNMLNKPHGGFHF28CB,水源段,.70,都市：商,100000,1079,持分移轉,02270000
RPPNMLNKPHGGFHF28CB,水源段,.31,都市：商,100000,1079,持分移轉,02270003
RPPNMLNKPHGGFHF28CB,水源段,.76,都市：商,100000,1079,持分移轉,02310004
RPPNMLNKPHGGFHF28CB,水源段,.47,都市：商,100000,1079,持分移轉,02270001
RPPNMLNKPHGGFHF28CB,水源段,.18,都市：商,100000,1079,持分移轉,02270002
RPPNMLNKPHGGFHF28CB,水源段,.04,都市：商,100000,1079,持分移轉,02300001
RPPNMLNKPHGGFHF28CB,水源段,.90,都市：商,100000,1079,持分移轉,02290000
RPPNMLNKPHGGFHF28CB,水源段,.58,都市：商,100000,1079,持分移轉,02300000
RPTTMLOKPHGGFGF66CB,仁信段,13.40,都市：住,100000,614,持分移轉,00120000
RPPTMLOKPHGGFGF88CB,仁信段,13.40,都市：住,100000,614,持分移轉,00120000
RPPSNLOKPHGGFGF88CB,仁信段,13.01,都市：住,100000,596,持分移轉,00120000
RPSONLOKPHGGFGF78CB,仁信段,13.40,都市：住,100000,614,持分移轉,00120000
RPOSNLOKPHGGFGF78CB,仁信段,13.01,都市：住,100000,596,持分移轉,00120000
RPPNNLOKPHGGFGF38CB,仁信段,17.53,都市：住,100000,803,持分移轉,00120000
RPSOOLOKPHGGFGF88CB,仁信段,17.53,都市：住,100000,803,持分移轉,00120000
RPXPNLOKPHGGFGF76CB,仁信段,17.53,都市：住,100000,803,持分移轉,00120000
RPRONLOKPHGGFGF68CB,仁信段,13.40,都市：住,100000,614,持分移轉,00120000
RPVOOLOKPHGGFGF56CB,仁信段,13.40,都市：住,100000,614,持分移轉,00120000
RPPNMLOKPHGGFAF67CB,永翠段,16.54,都市：商,100000,568,持分移轉,00270000
RPQNMLOKPHGGFAF77CB,永翠段,16.54,都市：商,100000,568,持分移轉,00270000
RPTNMLOKPHGGFAF08CB,永翠段,16.54,都市：商,100000,568,持分移轉,00270000
RPSNMLOKPHGGFAF97CB,永翠段,16.54,都市：商,100000,568,持分移轉,00270000
RPUNMLOKPHGGFAF18CB,永翠段,16.54,都市：商,100000,568,持分移轉,00270000
RPRNMLOKPHGGFAF87CB,永翠段,16.54,都市：商,100000,568,持分移轉,00270000
RPWNMLOKPHGGFAF38CB,永翠段,19.63,都市：商,100000,674,持分移轉,00270000
RPXNMLOKPHGGFAF48CB,永翠段,19.63,都市：商,100000,674,持分移轉,00270000
RPVNMLOKPHGGFAF28CB,永翠段,19.63,都市：商,100000,674,持分移轉,00270000
RPOOMLOKPHGGFAF67CB,永翠段,19.63,都市：商,100000,674,持分移轉,00270000
RPQOMLOKPHGGFAF87CB,永翠段,19.63,都市：商,100000,674,持分移轉,00270000
RPPOMLOKPHGGFAF77CB,永翠段,19.63,都市：商,100000,674,持分移轉,00270000
RPROMLOKPHGGFAF97CB,永翠段,19.63,都市：商,100000,674,持分移轉,00270000
RPSOMLOKPHGGFAF08CB,永翠段,19.63,都市：商,100000,674,持分移轉,00270000
RPTOMLOKPHGGFAF18CB,永翠段,19.63,都市：商,100000,674,持分移轉,00270000
RPPPMLOKPHGGFAF87CB,永翠段,19.63,都市：商,100000,674,持分移轉,00270000
RPXOMLOKPHGGFAF58CB,永翠段,19.63,都市：商,100000,674,持分移轉,00270000
RPVOMLOKPHGGFAF38CB,永翠段,19.63,都市：商,100000,674,持分移轉,00270000
RPWOMLOKPHGGFAF48CB,永翠段,19.63,都市：商,100000,674,持分移轉,00270000
RPQPMLOKPHGGFAF97CB,永翠段,19.63,都市：商,100000,674,持分移轉,00270000
RPRPMLOKPHGGFAF08CB,永翠段,19.63,都市：商,100000,674,持分移轉,00270000
RPTPMLOKPHGGFAF28CB,永翠段,19.63,都市：商,100000,674,持分移轉,00270000
RPPNMLPKPHGGFAF77CB,明德段,23.67,都市：住,100000,1187,持分移轉,01750000
RPUPMLOKPHGGFAF38CB,永翠段,19.63,都市：商,100000,674,持分移轉,00270000
RPSPMLOKPHGGFAF18CB,永翠段,19.63,都市：商,100000,674,持分移轉,00270000
RPQNMLPKPHGGFAF87CB,明德段,23.67,都市：住,100000,1187,持分移轉,01750000
RPRNMLPKPHGGFAF97CB,明德段,23.67,都市：住,100000,1187,持分移轉,01750000
RPTNMLPKPHGGFAF18CB,明德段,23.67,都市：住,100000,1187,持分移轉,01750000
RPUNMLPKPHGGFAF28CB,明德段,23.67,都市：住,100000,1187,持分移轉,01750000
RPSNMLPKPHGGFAF08CB,明德段,23.67,都市：住,100000,1187,持分移轉,01750000
RPVNMLPKPHGGFAF38CB,明德段,23.67,都市：住,100000,1187,持分移轉,01750000
RPOOMLPKPHGGFAF77CB,明德段,23.67,都市：住,100000,1187,持分移轉,01750000
RPWNMLPKPHGGFAF48CB,明德段,23.67,都市：住,100000,1187,持分移轉,01750000
RPROMLPKPHGGFAF08CB,明德段,23.69,都市：住,100000,1188,持分移轉,01750000
RPXNMLPKPHGGFAF58CB,明德段,23.67,都市：住,100000,1187,持分移轉,01750000
RPPOMLPKPHGGFAF87CB,明德段,23.67,都市：住,100000,1187,持分移轉,01750000
RPSOMLPKPHGGFAF18CB,明德段,23.69,都市：住,100000,1188,持分移轉,01750000
RPTOMLPKPHGGFAF28CB,明德段,23.69,都市：住,100000,1188,持分移轉,01750000
RPQOMLPKPHGGFAF97CB,明德段,24.73,都市：住,100000,1240,持分移轉,01750000
RPUOMLPKPHGGFAF38CB,明德段,23.69,都市：住,100000,1188,持分移轉,01750000
RPVOMLPKPHGGFAF48CB,明德段,16.05,都市：住,100000,482,持分移轉,03580000
RPWOMLPKPHGGFAF58CB,明德段,23.69,都市：住,100000,1188,持分移轉,01750000
RPXOMLPKPHGGFAF68CB,明德段,23.69,都市：住,100000,1188,持分移轉,01750000
RPRPMLPKPHGGFAF18CB,明德段,23.69,都市：住,100000,1188,持分移轉,01750000
RPQPMLPKPHGGFAF08CB,明德段,23.69,都市：住,100000,1188,持分移轉,01750000
RPOPMLPKPHGGFAF87CB,明德段,23.69,都市：住,100000,1188,持分移轉,01750000
RPPPMLPKPHGGFAF97CB,明德段,23.69,都市：住,100000,1188,持分移轉,01750000
RPSPMLPKPHGGFAF28CB,明德段,15.82,都市：住,100000,475,持分移轉,03580000
RPTPMLPKPHGGFAF38CB,明德段,15.92,都市：住,100000,478,持分移轉,03580000
RPUPMLPKPHGGFAF48CB,明德段,15.92,都市：住,100000,478,持分移轉,03580000
RPVPMLPKPHGGFAF58CB,明德段,23.69,都市：住,100000,1188,持分移轉,01750000
RPWPMLPKPHGGFAF68CB,明德段,15.92,都市：住,100000,478,持分移轉,03580000
RPOQMLPKPHGGFAF97CB,明德段,15.92,都市：住,100000,478,持分移轉,03580000
RPXPMLPKPHGGFAF78CB,明德段,15.92,都市：住,100000,478,持分移轉,03580000
RPPQMLPKPHGGFAF08CB,明德段,15.92,都市：住,100000,478,持分移轉,03580000
RPQQMLPKPHGGFAF18CB,明德段,15.92,都市：住,100000,478,持分移轉,03580000
RPTQMLPKPHGGFAF48CB,明德段,15.92,都市：住,100000,478,持分移轉,03580000
RPSQMLPKPHGGFAF38CB,明德段,15.92,都市：住,100000,478,持分移轉,03580000
RPRQMLPKPHGGFAF28CB,明德段,15.92,都市：住,100000,478,持分移轉,03580000
RPVQMLPKPHGGFAF68CB,明德段,15.92,都市：住,100000,478,持分移轉,03580000
RPUQMLPKPHGGFAF58CB,明德段,15.92,都市：住,100000,478,持分移轉,03580000
RPXQMLPKPHGGFAF88CB,明德段,15.12,都市：住,100000,454,持分移轉,03580000
RPWQMLPKPHGGFAF78CB,明德段,15.12,都市：住,100000,454,持分移轉,03580000
RPQRMLPKPHGGFAF28CB,明德段,15.12,都市：住,100000,454,持分移轉,03580000
RPRRMLPKPHGGFAF38CB,明德段,15.12,都市：住,100000,454,持分移轉,03580000
RPTRMLPKPHGGFAF58CB,明德段,15.12,都市：住,100000,454,持分移轉,03580000
RPORMLPKPHGGFAF08CB,明德段,15.12,都市：住,100000,454,持分移轉,03580000
RPPRMLPKPHGGFAF18CB,明德段,15.12,都市：住,100000,454,持分移轉,03580000
RPSRMLPKPHGGFAF48CB,明德段,15.12,都市：住,100000,454,持分移轉,03580000
RPURMLPKPHGGFAF68CB,明德段,15.12,都市：住,100000,454,持分移轉,03580000
RPVRMLPKPHGGFAF78CB,明德段,15.12,都市：住,100000,454,持分移轉,03580000
RPWRMLPKPHGGFAF88CB,明德段,15.12,都市：住,100000,454,持分移轉,03580000
RPXRMLPKPHGGFAF98CB,明德段,15.12,都市：住,100000,454,持分移轉,03580000
RPOSMLPKPHGGFAF18CB,明德段,15.12,都市：住,100000,454,持分移轉,03580000
RPQSMLPKPHGGFAF38CB,明德段,15.42,都市：住,100000,463,持分移轉,03580000
RPPSMLPKPHGGFAF28CB,明德段,22.15,都市：住,100000,665,持分移轉,03580000
RPTSMLPKPHGGFAF68CB,明德段,26.34,都市：住,100000,791,持分移轉,03580000
RPRSMLPKPHGGFAF48CB,新都段,14.59,都市：住,100000,335,持分移轉,01060000
RPSSMLPKPHGGFAF58CB,新都段,14.54,都市：住,100000,334,持分移轉,01060000
RPQVMLPKPHGGFBF78CB,副都心段一小段,5.98,都市：商,100000,597,持分移轉,00040000
RPQVMLPKPHGGFBF78CB,副都心段一小段,13.46,都市：商,100000,597,持分移轉,00050000
RPPVMLPKPHGGFBF68CB,副都心段一小段,5.87,都市：商,100000,586,持分移轉,00040000
RPPVMLPKPHGGFBF68CB,副都心段一小段,13.22,都市：商,100000,586,持分移轉,00050000
RPRVMLPKPHGGFBF88CB,副都心段一小段,5.99,都市：商,100000,598,持分移轉,00040000
RPRVMLPKPHGGFBF88CB,副都心段一小段,13.49,都市：商,100000,598,持分移轉,00050000
RPSVMLPKPHGGFBF98CB,副都心段一小段,6.00,都市：商,100000,599,持分移轉,00040000
RPSVMLPKPHGGFBF98CB,副都心段一小段,13.51,都市：商,100000,599,持分移轉,00050000
RPTVMLPKPHGGFBF09CB,副都心段一小段,5.87,都市：商,100000,586,持分移轉,00040000
RPUVMLPKPHGGFBF56CB,副都心段一小段,5.87,都市：商,100000,586,持分移轉,00040000
RPTVMLPKPHGGFBF09CB,副都心段一小段,13.22,都市：商,100000,586,持分移轉,00050000
RPUVMLPKPHGGFBF56CB,副都心段一小段,13.22,都市：商,100000,586,持分移轉,00050000
RPVVMLPKPHGGFBF66CB,副都心段一小段,5.88,都市：商,100000,587,持分移轉,00040000
RPVVMLPKPHGGFBF66CB,副都心段一小段,13.24,都市：商,100000,587,持分移轉,00050000
RPWVMLPKPHGGFBF76CB,副都心段一小段,5.87,都市：商,100000,586,持分移轉,00040000
RPWVMLPKPHGGFBF76CB,副都心段一小段,13.22,都市：商,100000,586,持分移轉,00050000
RPXVMLPKPHGGFBF86CB,副都心段一小段,5.96,都市：商,100000,595,持分移轉,00040000
RPXVMLPKPHGGFBF86CB,副都心段一小段,13.42,都市：商,100000,595,持分移轉,00050000
RPRWMLPKPHGGFBF98CB,副都心段一小段,3.65,都市：商,100000,365,持分移轉,00040000
RPRWMLPKPHGGFBF98CB,副都心段一小段,8.23,都市：商,100000,365,持分移轉,00050000
RPOWMLPKPHGGFBF68CB,副都心段一小段,3.65,都市：商,100000,365,持分移轉,00040000
RPOWMLPKPHGGFBF68CB,副都心段一小段,8.23,都市：商,100000,365,持分移轉,00050000
RPPWMLPKPHGGFBF78CB,副都心段一小段,3.65,都市：商,100000,365,持分移轉,00040000
RPPWMLPKPHGGFBF78CB,副都心段一小段,8.23,都市：商,100000,365,持分移轉,00050000
RPUWMLPKPHGGFBF66CB,副都心段一小段,3.64,都市：商,100000,364,持分移轉,00040000
RPUWMLPKPHGGFBF66CB,副都心段一小段,8.21,都市：商,100000,364,持分移轉,00050000
RPQWMLPKPHGGFBF88CB,副都心段一小段,3.65,都市：商,100000,365,持分移轉,00040000
RPQWMLPKPHGGFBF88CB,副都心段一小段,8.23,都市：商,100000,365,持分移轉,00050000
RPSWMLPKPHGGFBF09CB,副都心段一小段,3.65,都市：商,100000,365,持分移轉,00040000
RPSWMLPKPHGGFBF09CB,副都心段一小段,8.23,都市：商,100000,365,持分移轉,00050000
RPTWMLPKPHGGFBF56CB,副都心段一小段,3.65,都市：商,100000,365,持分移轉,00040000
RPTWMLPKPHGGFBF56CB,副都心段一小段,8.23,都市：商,100000,365,持分移轉,00050000
RPWWMLPKPHGGFBF86CB,副都心段一小段,3.64,都市：商,100000,364,持分移轉,00040000
RPWWMLPKPHGGFBF86CB,副都心段一小段,8.21,都市：商,100000,364,持分移轉,00050000
RPXWMLPKPHGGFBF96CB,副都心段一小段,4.61,都市：商,100000,461,持分移轉,00040000
RPXWMLPKPHGGFBF96CB,副都心段一小段,10.40,都市：商,100000,461,持分移轉,00050000
RPVWMLPKPHGGFBF76CB,副都心段一小段,3.65,都市：商,100000,365,持分移轉,00040000
RPVWMLPKPHGGFBF76CB,副都心段一小段,8.23,都市：商,100000,365,持分移轉,00050000
RPONNLPKPHGGFBF87CB,副都心段一小段,4.71,都市：商,100000,471,持分移轉,00040000
RPONNLPKPHGGFBF87CB,副都心段一小段,10.62,都市：商,100000,471,持分移轉,00050000
RPQNNLPKPHGGFBF08CB,副都心段一小段,4.61,都市：商,100000,461,持分移轉,00040000
RPQNNLPKPHGGFBF08CB,副都心段一小段,10.40,都市：商,100000,461,持分移轉,00050000
RPPNNLPKPHGGFBF97CB,副都心段一小段,4.61,都市：商,100000,461,持分移轉,00040000
RPPNNLPKPHGGFBF97CB,副都心段一小段,10.40,都市：商,100000,461,持分移轉,00050000
RPTNNLPKPHGGFBF38CB,副都心段一小段,4.61,都市：商,100000,461,持分移轉,00040000
RPTNNLPKPHGGFBF38CB,副都心段一小段,10.40,都市：商,100000,461,持分移轉,00050000
RPRNNLPKPHGGFBF18CB,副都心段一小段,4.61,都市：商,100000,461,持分移轉,00040000
RPRNNLPKPHGGFBF18CB,副都心段一小段,10.40,都市：商,100000,461,持分移轉,00050000
RPSNNLPKPHGGFBF28CB,副都心段一小段,4.61,都市：商,100000,461,持分移轉,00040000
RPSNNLPKPHGGFBF28CB,副都心段一小段,10.40,都市：商,100000,461,持分移轉,00050000
RPVNNLPKPHGGFBF58CB,副都心段一小段,4.61,都市：商,100000,461,持分移轉,00040000
RPUNNLPKPHGGFBF48CB,副都心段一小段,4.61,都市：商,100000,461,持分移轉,00040000
RPVNNLPKPHGGFBF58CB,副都心段一小段,10.40,都市：商,100000,461,持分移轉,00050000
RPUNNLPKPHGGFBF48CB,副都心段一小段,10.40,都市：商,100000,461,持分移轉,00050000
RPWNNLPKPHGGFBF68CB,副都心段一小段,4.61,都市：商,100000,461,持分移轉,00040000
RPWNNLPKPHGGFBF68CB,副都心段一小段,10.40,都市：商,100000,461,持分移轉,00050000
RPXNNLPKPHGGFBF78CB,副都心段一小段,5.02,都市：商,100000,501,持分移轉,00040000
RPXNNLPKPHGGFBF78CB,副都心段一小段,11.30,都市：商,100000,501,持分移轉,00050000
RPOONLPKPHGGFBF97CB,副都心段一小段,5.02,都市：商,100000,501,持分移轉,00040000
RPOONLPKPHGGFBF97CB,副都心段一小段,11.30,都市：商,100000,501,持分移轉,00050000
RPPONLPKPHGGFBF08CB,副都心段一小段,5.02,都市：商,100000,501,持分移轉,00040000
RPPONLPKPHGGFBF08CB,副都心段一小段,11.30,都市：商,100000,501,持分移轉,00050000
RPQONLPKPHGGFBF18CB,副都心段一小段,4.57,都市：商,100000,457,持分移轉,00040000
RPQONLPKPHGGFBF18CB,副都心段一小段,10.31,都市：商,100000,457,持分移轉,00050000
RPVONLPKPHGGFBF68CB,副都心段一小段,4.57,都市：商,100000,457,持分移轉,00040000
RPVONLPKPHGGFBF68CB,副都心段一小段,10.31,都市：商,100000,457,持分移轉,00050000
RPRONLPKPHGGFBF28CB,副都心段一小段,4.57,都市：商,100000,457,持分移轉,00040000
RPRONLPKPHGGFBF28CB,副都心段一小段,10.31,都市：商,100000,457,持分移轉,00050000
RPSONLPKPHGGFBF38CB,副都心段一小段,4.57,都市：商,100000,457,持分移轉,00040000
RPSONLPKPHGGFBF38CB,副都心段一小段,10.31,都市：商,100000,457,持分移轉,00050000
RPUONLPKPHGGFBF58CB,副都心段一小段,4.57,都市：商,100000,457,持分移轉,00040000
RPUONLPKPHGGFBF58CB,副都心段一小段,10.31,都市：商,100000,457,持分移轉,00050000
RPTONLPKPHGGFBF48CB,副都心段一小段,4.57,都市：商,100000,457,持分移轉,00040000
RPTONLPKPHGGFBF48CB,副都心段一小段,10.31,都市：商,100000,457,持分移轉,00050000
RPWONLPKPHGGFBF78CB,副都心段一小段,4.57,都市：商,100000,457,持分移轉,00040000
RPWONLPKPHGGFBF78CB,副都心段一小段,10.31,都市：商,100000,457,持分移轉,00050000
RPXONLPKPHGGFBF88CB,副都心段一小段,4.57,都市：商,100000,457,持分移轉,00040000
RPXONLPKPHGGFBF88CB,副都心段一小段,10.31,都市：商,100000,457,持分移轉,00050000
RPOPNLPKPHGGFBF08CB,副都心段一小段,4.57,都市：商,100000,457,持分移轉,00040000
RPOPNLPKPHGGFBF08CB,副都心段一小段,10.31,都市：商,100000,457,持分移轉,00050000
RPPPNLPKPHGGFBF18CB,副都心段一小段,4.57,都市：商,100000,457,持分移轉,00040000
RPPPNLPKPHGGFBF18CB,副都心段一小段,10.31,都市：商,100000,457,持分移轉,00050000
RPQPNLPKPHGGFBF28CB,副都心段一小段,4.57,都市：商,100000,457,持分移轉,00040000
RPQPNLPKPHGGFBF28CB,副都心段一小段,10.31,都市：商,100000,457,持分移轉,00050000
RPSPNLPKPHGGFBF48CB,副都心段一小段,4.58,都市：商,100000,458,持分移轉,00040000
RPSPNLPKPHGGFBF48CB,副都心段一小段,10.33,都市：商,100000,458,持分移轉,00050000
RPUPNLPKPHGGFBF68CB,副都心段一小段,4.85,都市：商,100000,484,持分移轉,00040000
RPUPNLPKPHGGFBF68CB,副都心段一小段,10.92,都市：商,100000,484,持分移轉,00050000
RPRPNLPKPHGGFBF38CB,副都心段一小段,4.57,都市：商,100000,457,持分移轉,00040000
RPRPNLPKPHGGFBF38CB,副都心段一小段,10.31,都市：商,100000,457,持分移轉,00050000
RPTPNLPKPHGGFBF58CB,副都心段一小段,4.85,都市：商,100000,484,持分移轉,00040000
RPVPNLPKPHGGFBF78CB,副都心段一小段,4.85,都市：商,100000,484,持分移轉,00040000
RPTPNLPKPHGGFBF58CB,副都心段一小段,10.92,都市：商,100000,484,持分移轉,00050000
RPVPNLPKPHGGFBF78CB,副都心段一小段,10.92,都市：商,100000,484,持分移轉,00050000
RPWPNLPKPHGGFBF88CB,副都心段一小段,4.94,都市：商,100000,493,持分移轉,00040000
RPWPNLPKPHGGFBF88CB,副都心段一小段,11.12,都市：商,100000,493,持分移轉,00050000
RPOQNLPKPHGGFBF18CB,副都心段一小段,4.85,都市：商,100000,484,持分移轉,00040000
RPXPNLPKPHGGFBF98CB,副都心段一小段,4.85,都市：商,100000,484,持分移轉,00040000
RPOQNLPKPHGGFBF18CB,副都心段一小段,10.92,都市：商,100000,484,持分移轉,00050000
RPXPNLPKPHGGFBF98CB,副都心段一小段,10.92,都市：商,100000,484,持分移轉,00050000
RPQQNLPKPHGGFBF38CB,副都心段一小段,4.86,都市：商,100000,485,持分移轉,00040000
RPQQNLPKPHGGFBF38CB,副都心段一小段,10.94,都市：商,100000,485,持分移轉,00050000
RPPQNLPKPHGGFBF28CB,副都心段一小段,4.94,都市：商,100000,493,持分移轉,00040000
RPPQNLPKPHGGFBF28CB,副都心段一小段,11.12,都市：商,100000,493,持分移轉,00050000
RPRQNLPKPHGGFBF48CB,副都心段一小段,4.85,都市：商,100000,484,持分移轉,00040000
RPRQNLPKPHGGFBF48CB,副都心段一小段,10.92,都市：商,100000,484,持分移轉,00050000
RPUQNLPKPHGGFBF78CB,副都心段一小段,4.85,都市：商,100000,484,持分移轉,00040000
RPUQNLPKPHGGFBF78CB,副都心段一小段,10.92,都市：商,100000,484,持分移轉,00050000
RPSQNLPKPHGGFBF58CB,副都心段一小段,4.85,都市：商,100000,484,持分移轉,00040000
RPSQNLPKPHGGFBF58CB,副都心段一小段,10.92,都市：商,100000,484,持分移轉,00050000
RPVQNLPKPHGGFBF88CB,副都心段一小段,4.34,都市：商,100000,434,持分移轉,00040000
RPVQNLPKPHGGFBF88CB,副都心段一小段,9.79,都市：商,100000,434,持分移轉,00050000
RPTQNLPKPHGGFBF68CB,副都心段一小段,4.86,都市：商,100000,485,持分移轉,00040000
RPTQNLPKPHGGFBF68CB,副都心段一小段,10.94,都市：商,100000,485,持分移轉,00050000
RPORNLPKPHGGFBF28CB,副都心段一小段,4.33,都市：商,100000,433,持分移轉,00040000
RPORNLPKPHGGFBF28CB,副都心段一小段,9.77,都市：商,100000,433,持分移轉,00050000
RPWQNLPKPHGGFBF98CB,副都心段一小段,4.34,都市：商,100000,434,持分移轉,00040000
RPWQNLPKPHGGFBF98CB,副都心段一小段,9.79,都市：商,100000,434,持分移轉,00050000
RPXQNLPKPHGGFBF09CB,副都心段一小段,4.34,都市：商,100000,434,持分移轉,00040000
RPXQNLPKPHGGFBF09CB,副都心段一小段,9.79,都市：商,100000,434,持分移轉,00050000
RPPRNLPKPHGGFBF38CB,副都心段一小段,4.34,都市：商,100000,434,持分移轉,00040000
RPPRNLPKPHGGFBF38CB,副都心段一小段,9.79,都市：商,100000,434,持分移轉,00050000
RPQRNLPKPHGGFBF48CB,副都心段一小段,4.34,都市：商,100000,434,持分移轉,00040000
RPQRNLPKPHGGFBF48CB,副都心段一小段,9.79,都市：商,100000,434,持分移轉,00050000
RPSRNLPKPHGGFBF68CB,副都心段一小段,4.33,都市：商,100000,433,持分移轉,00040000
RPSRNLPKPHGGFBF68CB,副都心段一小段,9.77,都市：商,100000,433,持分移轉,00050000
RPRRNLPKPHGGFBF58CB,副都心段一小段,4.34,都市：商,100000,434,持分移轉,00040000
RPRRNLPKPHGGFBF58CB,副都心段一小段,9.79,都市：商,100000,434,持分移轉,00050000
RPTRNLPKPHGGFBF78CB,副都心段一小段,4.33,都市：商,100000,433,持分移轉,00040000
RPTRNLPKPHGGFBF78CB,副都心段一小段,9.77,都市：商,100000,433,持分移轉,00050000
RPURNLPKPHGGFBF88CB,副都心段一小段,4.34,都市：商,100000,434,持分移轉,00040000
RPURNLPKPHGGFBF88CB,副都心段一小段,9.79,都市：商,100000,434,持分移轉,00050000
RPVRNLPKPHGGFBF98CB,副都心段一小段,4.33,都市：商,100000,433,持分移轉,00040000
RPVRNLPKPHGGFBF98CB,副都心段一小段,9.77,都市：商,100000,433,持分移轉,00050000
RPWRNLPKPHGGFBF09CB,副都心段一小段,4.06,都市：商,100000,406,持分移轉,00040000
RPWRNLPKPHGGFBF09CB,副都心段一小段,9.16,都市：商,100000,406,持分移轉,00050000
RPOSNLPKPHGGFBF38CB,副都心段一小段,4.06,都市：商,100000,406,持分移轉,00040000
RPOSNLPKPHGGFBF38CB,副都心段一小段,9.16,都市：商,100000,406,持分移轉,00050000
RPXRNLPKPHGGFBF56CB,副都心段一小段,4.06,都市：商,100000,406,持分移轉,00040000
RPXRNLPKPHGGFBF56CB,副都心段一小段,9.16,都市：商,100000,406,持分移轉,00050000
RPPSNLPKPHGGFBF48CB,副都心段一小段,4.06,都市：商,100000,406,持分移轉,00040000
RPPSNLPKPHGGFBF48CB,副都心段一小段,9.16,都市：商,100000,406,持分移轉,00050000
RPQSNLPKPHGGFBF58CB,副都心段一小段,4.06,都市：商,100000,406,持分移轉,00040000
RPQSNLPKPHGGFBF58CB,副都心段一小段,9.16,都市：商,100000,406,持分移轉,00050000
RPTSNLPKPHGGFBF88CB,副都心段一小段,4.06,都市：商,100000,406,持分移轉,00040000
RPTSNLPKPHGGFBF88CB,副都心段一小段,9.16,都市：商,100000,406,持分移轉,00050000
RPRSNLPKPHGGFBF68CB,副都心段一小段,4.06,都市：商,100000,406,持分移轉,00040000
RPRSNLPKPHGGFBF68CB,副都心段一小段,9.16,都市：商,100000,406,持分移轉,00050000
RPSSNLPKPHGGFBF78CB,副都心段一小段,4.06,都市：商,100000,406,持分移轉,00040000
RPSSNLPKPHGGFBF78CB,副都心段一小段,9.16,都市：商,100000,406,持分移轉,00050000
RPUSNLPKPHGGFBF98CB,副都心段一小段,4.06,都市：商,100000,406,持分移轉,00040000
RPUSNLPKPHGGFBF98CB,副都心段一小段,9.16,都市：商,100000,406,持分移轉,00050000
RPXSNLPKPHGGFBF66CB,副都心段一小段,4.06,都市：商,100000,406,持分移轉,00040000
RPXSNLPKPHGGFBF66CB,副都心段一小段,9.16,都市：商,100000,406,持分移轉,00050000
RPVSNLPKPHGGFBF09CB,副都心段一小段,4.06,都市：商,100000,406,持分移轉,00040000
RPVSNLPKPHGGFBF09CB,副都心段一小段,9.16,都市：商,100000,406,持分移轉,00050000
RPWSNLPKPHGGFBF56CB,副都心段一小段,4.06,都市：商,100000,406,持分移轉,00040000
RPWSNLPKPHGGFBF56CB,副都心段一小段,9.16,都市：商,100000,406,持分移轉,00050000
RPOTNLPKPHGGFBF48CB,副都心段一小段,4.06,都市：商,100000,406,持分移轉,00040000
RPOTNLPKPHGGFBF48CB,副都心段一小段,9.16,都市：商,100000,406,持分移轉,00050000
RPPTNLPKPHGGFBF58CB,副都心段一小段,4.34,都市：商,100000,434,持分移轉,00040000
RPPTNLPKPHGGFBF58CB,副都心段一小段,9.79,都市：商,100000,434,持分移轉,00050000
RPPNMLPKPHGGFGF38CB,仁信段,21.01,都市：住,10000,97,持分移轉,00150000
RPQNMLPKPHGGFIF68CB,大同段,13.20,都市：住,10000,393,持分移轉,07990000
RPSNMLPKPHGGFIF88CB,大同段,21.73,都市：住,10000,346,持分移轉,08020000
RPTNMLPKPHGGFIF98CB,大同段,21.73,都市：住,10000,346,持分移轉,08020000
RPVNMLPKPHGGFIF56CB,大同段,21.73,都市：住,10000,346,持分移轉,08020000
RPRNMLPKPHGGFIF78CB,大同段,21.73,都市：住,10000,346,持分移轉,08020000
RPUNMLPKPHGGFIF09CB,大同段,21.73,都市：住,10000,346,持分移轉,08020000
RPWNMLPKPHGGFIF66CB,大同段,21.73,都市：住,10000,346,持分移轉,08020000
RPTNMLQKPHGGFHF98CB,華中段,37.18,都市：住,100000,1176,持分移轉,00110000
RPVOMLQKPHGGFHF66CB,華中段,16.60,都市：住,100000,525,持分移轉,00110000
RPPNMLQKPHGGFGF48CB,三重段,17.71,都市：住,100000,476,持分移轉,03280000
RPUPMLQKPHGGFHF66CB,華中段,32.78,都市：住,100000,1037,持分移轉,00110000
RPRNMLQKPHGGFGF68CB,三重段,14.77,都市：住,100000,397,持分移轉,03280000
RPQNMLQKPHGGFGF58CB,三重段,17.71,都市：住,100000,476,持分移轉,03280000
RPTNMLQKPHGGFGF88CB,三重段,14.77,都市：住,100000,397,持分移轉,03280000
RPSNMLQKPHGGFGF78CB,三重段,17.71,都市：住,100000,476,持分移轉,03280000
RPUNMLQKPHGGFGF98CB,三重段,24.33,都市：住,100000,654,持分移轉,03280000
RPWNMLQKPHGGFGF56CB,三重段,14.77,都市：住,100000,397,持分移轉,03280000
RPVNMLQKPHGGFGF09CB,三重段,14.77,都市：住,100000,397,持分移轉,03280000
RPOOMLQKPHGGFGF48CB,三重段,17.71,都市：住,100000,476,持分移轉,03280000
RPXNMLQKPHGGFGF66CB,三重段,14.77,都市：住,100000,397,持分移轉,03280000
RPPOMLQKPHGGFGF58CB,三重段,14.77,都市：住,100000,397,持分移轉,03280000
RPQOMLQKPHGGFGF68CB,三重段,17.71,都市：住,100000,476,持分移轉,03280000
RPROMLQKPHGGFGF78CB,三重段,24.33,都市：住,100000,654,持分移轉,03280000
RPSOMLQKPHGGFGF88CB,三重段,24.33,都市：住,100000,654,持分移轉,03280000
RPPNMLQKPHGGFAF87CB,明德段,17.07,都市：住,100000,856,持分移轉,01750000
RPQNMLQKPHGGFAF97CB,明德段,17.07,都市：住,100000,856,持分移轉,01750000
RPRNMLQKPHGGFAF08CB,明德段,17.07,都市：住,100000,856,持分移轉,01750000
RPSNMLQKPHGGFAF18CB,明德段,17.07,都市：住,100000,856,持分移轉,01750000
RPVNMLQKPHGGFAF48CB,明德段,17.07,都市：住,100000,856,持分移轉,01750000
RPTNMLQKPHGGFAF28CB,明德段,17.07,都市：住,100000,856,持分移轉,01750000
RPWNMLQKPHGGFAF58CB,明德段,17.07,都市：住,100000,856,持分移轉,01750000
RPXNMLQKPHGGFAF68CB,明德段,17.07,都市：住,100000,856,持分移轉,01750000
RPOOMLQKPHGGFAF87CB,明德段,17.07,都市：住,100000,856,持分移轉,01750000
RPUNMLQKPHGGFAF38CB,明德段,17.07,都市：住,100000,856,持分移轉,01750000
RPPOMLQKPHGGFAF97CB,明德段,17.07,都市：住,100000,856,持分移轉,01750000
RPQOMLQKPHGGFAF08CB,明德段,17.07,都市：住,100000,856,持分移轉,01750000
RPROMLQKPHGGFAF18CB,明德段,16.95,都市：住,100000,850,持分移轉,01750000
RPSOMLQKPHGGFAF28CB,明德段,16.95,都市：住,100000,850,持分移轉,01750000
RPTOMLQKPHGGFAF38CB,明德段,16.95,都市：住,100000,850,持分移轉,01750000
RPVOMLQKPHGGFAF58CB,明德段,16.95,都市：住,100000,850,持分移轉,01750000
RPUOMLQKPHGGFAF48CB,明德段,16.95,都市：住,100000,850,持分移轉,01750000
RPOPMLQKPHGGFAF97CB,明德段,16.95,都市：住,100000,850,持分移轉,01750000
RPXOMLQKPHGGFAF78CB,明德段,16.95,都市：住,100000,850,持分移轉,01750000
RPPPMLQKPHGGFAF08CB,明德段,16.95,都市：住,100000,850,持分移轉,01750000
RPWOMLQKPHGGFAF68CB,明德段,16.95,都市：住,100000,850,持分移轉,01750000
RPPNMLSKPHGGFAF08CB,明德段,16.95,都市：住,100000,850,持分移轉,01750000
RPQNMLSKPHGGFAF18CB,明德段,16.95,都市：住,100000,850,持分移轉,01750000
RPTNMLQKPHGGFCF58DB,斯馨段,22.32,都市：住,100000,744,持分移轉,01120000
RPRNMLSKPHGGFAF28CB,明德段,16.95,都市：住,100000,850,持分移轉,01750000
RPVNMLKLPHGGFGF68DB,富貴段,21.19,都市：住,100000,849,持分移轉,03250000
RPPNMLTKPHGGFAF18CB,永翠段,23.73,都市：商,100000,815,持分移轉,00270000
RPPNMLTKPHGGFIF09DB,山佳段,18.66,都市：住,100000,1782,持分移轉,09380000
RPWNMLKLPHGGFGF78DB,福德北段,17.94,都市：住,100000,4938,持分移轉,01380000
RPOOMLKLPHGGFGF08DB,福德北段,17.94,都市：住,100000,4938,持分移轉,01380000
RPTNMLKLPHGGFAF77CB,明德段,6.31,都市：住,100000,406,持分移轉,02030000
RPTNMLKLPHGGFAF77CB,明德段,6.29,都市：住,100000,406,持分移轉,02050000
RPTNMLKLPHGGFAF77CB,明德段,2.30,都市：住,100000,406,持分移轉,02060000
RPQNMLTKPHGGFAF28CB,永翠段,15.99,都市：商,100000,549,持分移轉,00270000
RPSNMLKLPHGGFAF67CB,明德段,6.31,都市：住,100000,406,持分移轉,02030000
RPSNMLKLPHGGFAF67CB,明德段,6.29,都市：住,100000,406,持分移轉,02050000
RPSNMLKLPHGGFAF67CB,明德段,2.30,都市：住,100000,406,持分移轉,02060000
RPVNMLKLPHGGFAF97CB,明德段,6.31,都市：住,100000,406,持分移轉,02030000
RPVNMLKLPHGGFAF97CB,明德段,6.29,都市：住,100000,406,持分移轉,02050000
RPVNMLKLPHGGFAF97CB,明德段,2.30,都市：住,100000,406,持分移轉,02060000
RPQOMLKLPHGGFAF57CB,明德段,6.31,都市：住,100000,406,持分移轉,02030000
RPQOMLKLPHGGFAF57CB,明德段,6.29,都市：住,100000,406,持分移轉,02050000
RPQOMLKLPHGGFAF57CB,明德段,2.30,都市：住,100000,406,持分移轉,02060000
RPTOMLKLPHGGFAF87CB,明德段,6.31,都市：住,100000,406,持分移轉,02030000
RPTOMLKLPHGGFAF87CB,明德段,6.29,都市：住,100000,406,持分移轉,02050000
RPTOMLKLPHGGFAF87CB,明德段,2.30,都市：住,100000,406,持分移轉,02060000
RPUOMLKLPHGGFAF97CB,明德段,6.31,都市：住,100000,406,持分移轉,02030000
RPUOMLKLPHGGFAF97CB,明德段,6.29,都市：住,100000,406,持分移轉,02050000
RPUOMLKLPHGGFAF97CB,明德段,2.30,都市：住,100000,406,持分移轉,02060000
RPROMLKLPHGGFAF67CB,明德段,6.31,都市：住,100000,406,持分移轉,02030000
RPROMLKLPHGGFAF67CB,明德段,6.29,都市：住,100000,406,持分移轉,02050000
RPROMLKLPHGGFAF67CB,明德段,2.30,都市：住,100000,406,持分移轉,02060000
RPXOMLKLPHGGFAF28CB,明德段,.28,都市：住,100000,1349,持分移轉,00470000
RPXOMLKLPHGGFAF28CB,明德段,.28,都市：住,100000,1349,持分移轉,00480000
RPWOMLKLPHGGFAF18CB,明德段,6.31,都市：住,100000,406,持分移轉,02030000
RPOPMLKLPHGGFAF47CB,明德段,9.77,都市：住,100000,628,持分移轉,02030000
RPWOMLKLPHGGFAF18CB,明德段,6.29,都市：住,100000,406,持分移轉,02050000
RPPPMLKLPHGGFAF57CB,明德段,9.77,都市：住,100000,628,持分移轉,02030000
RPOPMLKLPHGGFAF47CB,明德段,9.73,都市：住,100000,628,持分移轉,02050000
RPWOMLKLPHGGFAF18CB,明德段,2.30,都市：住,100000,406,持分移轉,02060000
RPPPMLKLPHGGFAF57CB,明德段,9.73,都市：住,100000,628,持分移轉,02050000
RPOPMLKLPHGGFAF47CB,明德段,3.55,都市：住,100000,628,持分移轉,02060000
RPPPMLKLPHGGFAF57CB,明德段,3.55,都市：住,100000,628,持分移轉,02060000
RPQPMLKLPHGGFAF67CB,明德段,9.77,都市：住,100000,628,持分移轉,02030000
RPQPMLKLPHGGFAF67CB,明德段,9.73,都市：住,100000,628,持分移轉,02050000
RPQPMLKLPHGGFAF67CB,明德段,3.55,都市：住,100000,628,持分移轉,02060000
RPRPMLKLPHGGFAF77CB,明德段,6.31,都市：住,100000,406,持分移轉,02030000
RPRPMLKLPHGGFAF77CB,明德段,6.29,都市：住,100000,406,持分移轉,02050000
RPRPMLKLPHGGFAF77CB,明德段,2.30,都市：住,100000,406,持分移轉,02060000
RPSPMLKLPHGGFAF87CB,明德段,6.31,都市：住,100000,406,持分移轉,02030000
RPSPMLKLPHGGFAF87CB,明德段,6.29,都市：住,100000,406,持分移轉,02050000
RPQNMLLLPHGGFGF18CB,三重段,24.33,都市：住,100000,654,持分移轉,03280000
RPSPMLKLPHGGFAF87CB,明德段,2.30,都市：住,100000,406,持分移轉,02060000
RPPNMLKLPHGGFGF97CB,大安段,6.86,都市：住,100000,208,持分移轉,05630000
RPPNMLLLPHGGFGF08CB,三重段,17.71,都市：住,100000,476,持分移轉,03280000
RPTNMLLLPHGGFGF48CB,三重段,23.51,都市：住,100000,632,持分移轉,03280000
RPRNMLLLPHGGFGF28CB,三重段,24.33,都市：住,100000,654,持分移轉,03280000
RPUNMLLLPHGGFGF58CB,仁信段,13.21,都市：住,9999983,79519,持分移轉,00360000
RPUNMLLLPHGGFGF58CB,仁信段,9.94,都市：住,9999983,79519,持分移轉,00370000
RPUNMLLLPHGGFGF58CB,仁信段,1.49,都市：住,9999983,79519,持分移轉,00380000
RPUNMLLLPHGGFGF58CB,仁信段,.50,都市：住,9999983,79519,持分移轉,01420000
RPRNMLLLPHGGFAF67CB,明德段,.28,都市：住,100000,1356,持分移轉,00470000
RPRNMLLLPHGGFAF67CB,明德段,.28,都市：住,100000,1356,持分移轉,00480000
RPPNMLLLPHGGFHF18CB,仁和段,13.05,都市：住,10000,99,持分移轉,01500000
RPSNMLLLPHGGFGF38CB,三重段,23.51,都市：住,100000,632,持分移轉,03280000
RPWNMLLLPHGGFAF18CB,明德段,.23,都市：住,100000,1237,持分移轉,00470000
RPWNMLLLPHGGFAF18CB,明德段,.23,都市：住,100000,1237,持分移轉,00480000
RPUNMLLLPHGGFAF97CB,明德段,.25,都市：住,100000,1275,持分移轉,00470000
RPUNMLLLPHGGFAF97CB,明德段,.25,都市：住,100000,1275,持分移轉,00480000
RPTNMLLLPHGGFAF87CB,明德段,.23,都市：住,100000,1237,持分移轉,00470000
RPTNMLLLPHGGFAF87CB,明德段,.23,都市：住,100000,1237,持分移轉,00480000
RPVNMLLLPHGGFAF08CB,明德段,.23,都市：住,100000,1237,持分移轉,00470000
RPVNMLLLPHGGFAF08CB,明德段,.23,都市：住,100000,1237,持分移轉,00480000
RPXNMLLLPHGGFAF28CB,明德段,.25,都市：住,100000,1283,持分移轉,00470000
RPXNMLLLPHGGFAF28CB,明德段,.25,都市：住,100000,1283,持分移轉,00480000
RPOOMLLLPHGGFAF47CB,明德段,.82,都市：住,100000,2320,持分移轉,00470000
RPOOMLLLPHGGFAF47CB,明德段,.82,都市：住,100000,2320,持分移轉,00480000
RPPOMLLLPHGGFAF57CB,明德段,.28,都市：住,100000,1358,持分移轉,00470000
RPPOMLLLPHGGFAF57CB,明德段,.28,都市：住,100000,1358,持分移轉,00480000
RPQOMLLLPHGGFAF67CB,新都段,19.94,都市：住,100000,458,持分移轉,01060000
RPPNNLLLPHGGFBF67CB,新知段,9.31,都市：商,100000,171,持分移轉,00720000
RPWWMLLLPHGGFBF56CB,力行段,10.97,都市：商,10000,121,持分移轉,01980000
RPONNLLLPHGGFBF57CB,新知段,16.71,都市：商,100000,307,持分移轉,00720000
RPUWMLLLPHGGFBF98CB,力行段,11.60,都市：商,10000,128,持分移轉,01980000
RPVWMLLLPHGGFBF09CB,力行段,10.24,都市：商,10000,113,持分移轉,01980000
RPXWMLLLPHGGFBF66CB,力行段,10.33,都市：商,10000,114,持分移轉,01980000
RPRNNLLLPHGGFBF87CB,新知段,16.71,都市：商,100000,307,持分移轉,00720000
RPSNNLLLPHGGFBF97CB,中原段,25.70,都市：住,100000,981,持分移轉,01240000
RPWPMLLLPHGGFGF09DB,正義段,14.25,都市：住,100000,971,持分移轉,01480000
RPWPMLLLPHGGFGF09DB,正義段,1.63,都市：住,100000,971,持分移轉,01490000
RPWPMLLLPHGGFGF09DB,正義段,4.05,都市：住,100000,971,持分移轉,01590000
RPQNNLLLPHGGFBF77CB,新知段,9.31,都市：商,100000,171,持分移轉,00720000
RPTNNLLLPHGGFBF08CB,中原段,18.29,都市：住,100000,698,持分移轉,01240000
RPXOMLLLPHGGFGF09DB,正義段,17.78,都市：住,100000,1212,持分移轉,01480000
RPXOMLLLPHGGFGF09DB,正義段,2.03,都市：住,100000,1212,持分移轉,01490000
RPXOMLLLPHGGFGF09DB,正義段,5.06,都市：住,100000,1212,持分移轉,01590000
RPWOMLLLPHGGFGF98DB,正義段,17.78,都市：住,100000,1212,持分移轉,01480000
RPWOMLLLPHGGFGF98DB,正義段,2.03,都市：住,100000,1212,持分移轉,01490000
RPWOMLLLPHGGFGF98DB,正義段,5.06,都市：住,100000,1212,持分移轉,01590000
RPUOMLLLPHGGFGF78DB,正義段,17.78,都市：住,100000,1212,持分移轉,01480000
RPUOMLLLPHGGFGF78DB,正義段,2.03,都市：住,100000,1212,持分移轉,01490000
RPUOMLLLPHGGFGF78DB,正義段,5.06,都市：住,100000,1212,持分移轉,01590000
RPQOMLLLPHGGFGF38DB,正義段,12.44,都市：住,100000,848,持分移轉,01480000
RPQOMLLLPHGGFGF38DB,正義段,1.42,都市：住,100000,848,持分移轉,01490000
RPQOMLLLPHGGFGF38DB,正義段,3.54,都市：住,100000,848,持分移轉,01590000
RPVPMLLLPHGGFGF98DB,正義段,14.25,都市：住,100000,971,持分移轉,01480000
RPVPMLLLPHGGFGF98DB,正義段,1.63,都市：住,100000,971,持分移轉,01490000
RPVPMLLLPHGGFGF98DB,正義段,4.05,都市：住,100000,971,持分移轉,01590000
RPXPMLLLPHGGFGF56DB,正義段,14.25,都市：住,100000,971,持分移轉,01480000
RPXPMLLLPHGGFGF56DB,正義段,1.63,都市：住,100000,971,持分移轉,01490000
RPPQMLLLPHGGFGF48DB,正義段,14.25,都市：住,100000,971,持分移轉,01480000
RPPQMLLLPHGGFGF48DB,正義段,1.63,都市：住,100000,971,持分移轉,01490000
RPXPMLLLPHGGFGF56DB,正義段,4.05,都市：住,100000,971,持分移轉,01590000
RPPQMLLLPHGGFGF48DB,正義段,4.05,都市：住,100000,971,持分移轉,01590000
RPQQMLLLPHGGFGF58DB,正義段,14.25,都市：住,100000,971,持分移轉,01480000
RPQQMLLLPHGGFGF58DB,正義段,1.63,都市：住,100000,971,持分移轉,01490000
RPQQMLLLPHGGFGF58DB,正義段,4.05,都市：住,100000,971,持分移轉,01590000
RPOQMLLLPHGGFGF38DB,正義段,14.25,都市：住,100000,971,持分移轉,01480000
RPOQMLLLPHGGFGF38DB,正義段,1.63,都市：住,100000,971,持分移轉,01490000
RPOQMLLLPHGGFGF38DB,正義段,4.05,都市：住,100000,971,持分移轉,01590000
RPTQMLLLPHGGFGF88DB,正義段,18.47,都市：住,100000,1259,持分移轉,01480000
RPTQMLLLPHGGFGF88DB,正義段,2.11,都市：住,100000,1259,持分移轉,01490000
RPTQMLLLPHGGFGF88DB,正義段,5.25,都市：住,100000,1259,持分移轉,01590000
RPRNMLMLPHGGFGF48DB,正義段,12.37,都市：住,100000,843,持分移轉,01480000
RPRNMLMLPHGGFGF48DB,正義段,1.41,都市：住,100000,843,持分移轉,01490000
RPRNMLMLPHGGFGF48DB,正義段,3.52,都市：住,100000,843,持分移轉,01590000
RPXNMLMLPHGGFGF09DB,正義段,12.44,都市：住,100000,848,持分移轉,01480000
RPXNMLMLPHGGFGF09DB,正義段,1.42,都市：住,100000,848,持分移轉,01490000
RPXNMLMLPHGGFGF09DB,正義段,3.54,都市：住,100000,848,持分移轉,01590000
RPOOMLMLPHGGFGF28DB,正義段,12.35,都市：住,100000,842,持分移轉,01480000
RPOOMLMLPHGGFGF28DB,正義段,1.41,都市：住,100000,842,持分移轉,01490000
RPOOMLMLPHGGFGF28DB,正義段,3.51,都市：住,100000,842,持分移轉,01590000
RPQNMLMLPHGGFGF38DB,正義段,12.44,都市：住,100000,848,持分移轉,01480000
RPQNMLMLPHGGFGF38DB,正義段,1.42,都市：住,100000,848,持分移轉,01490000
RPQNMLMLPHGGFGF38DB,正義段,3.54,都市：住,100000,848,持分移轉,01590000
RPPOMLMLPHGGFGF38DB,正義段,12.37,都市：住,100000,843,持分移轉,01480000
RPPOMLMLPHGGFGF38DB,正義段,1.41,都市：住,100000,843,持分移轉,01490000
RPPOMLMLPHGGFGF38DB,正義段,3.52,都市：住,100000,843,持分移轉,01590000
RPPPMLMLPHGGFGF48DB,正義段,14.16,都市：住,100000,965,持分移轉,01480000
RPPPMLMLPHGGFGF48DB,正義段,1.62,都市：住,100000,965,持分移轉,01490000
RPPPMLMLPHGGFGF48DB,正義段,4.02,都市：住,100000,965,持分移轉,01590000
RPQOMLMLPHGGFGF48DB,正義段,17.78,都市：住,100000,1212,持分移轉,01480000
RPQOMLMLPHGGFGF48DB,正義段,2.03,都市：住,100000,1212,持分移轉,01490000
RPQOMLMLPHGGFGF48DB,正義段,5.06,都市：住,100000,1212,持分移轉,01590000
RPQPMLMLPHGGFGF58DB,正義段,14.16,都市：住,100000,965,持分移轉,01480000
RPQPMLMLPHGGFGF58DB,正義段,1.62,都市：住,100000,965,持分移轉,01490000
RPVOMLMLPHGGFGF98DB,正義段,14.16,都市：住,100000,965,持分移轉,01480000
RPQPMLMLPHGGFGF58DB,正義段,4.02,都市：住,100000,965,持分移轉,01590000
RPVOMLMLPHGGFGF98DB,正義段,1.62,都市：住,100000,965,持分移轉,01490000
RPVOMLMLPHGGFGF98DB,正義段,4.02,都市：住,100000,965,持分移轉,01590000
RPXOMLMLPHGGFGF56DB,正義段,14.16,都市：住,100000,965,持分移轉,01480000
RPXOMLMLPHGGFGF56DB,正義段,1.62,都市：住,100000,965,持分移轉,01490000
RPXOMLMLPHGGFGF56DB,正義段,4.02,都市：住,100000,965,持分移轉,01590000
RPWOMLMLPHGGFGF09DB,正義段,14.16,都市：住,100000,965,持分移轉,01480000
RPWOMLMLPHGGFGF09DB,正義段,1.62,都市：住,100000,965,持分移轉,01490000
RPWOMLMLPHGGFGF09DB,正義段,4.02,都市：住,100000,965,持分移轉,01590000
RPOPMLMLPHGGFGF38DB,正義段,14.16,都市：住,100000,965,持分移轉,01480000
RPUPMLMLPHGGFGF98DB,正義段,14.25,都市：住,100000,971,持分移轉,01480000
RPOPMLMLPHGGFGF38DB,正義段,1.62,都市：住,100000,965,持分移轉,01490000
RPUPMLMLPHGGFGF98DB,正義段,1.63,都市：住,100000,971,持分移轉,01490000
RPOPMLMLPHGGFGF38DB,正義段,4.02,都市：住,100000,965,持分移轉,01590000
RPUPMLMLPHGGFGF98DB,正義段,4.05,都市：住,100000,971,持分移轉,01590000
RPSPMLMLPHGGFGF78DB,正義段,14.25,都市：住,100000,971,持分移轉,01480000
RPSPMLMLPHGGFGF78DB,正義段,1.63,都市：住,100000,971,持分移轉,01490000
RPSPMLMLPHGGFGF78DB,正義段,4.05,都市：住,100000,971,持分移轉,01590000
RPWPMLMLPHGGFGF56DB,正義段,14.25,都市：住,100000,971,持分移轉,01480000
RPWPMLMLPHGGFGF56DB,正義段,1.63,都市：住,100000,971,持分移轉,01490000
RPWPMLMLPHGGFGF56DB,正義段,4.05,都市：住,100000,971,持分移轉,01590000
RPXPMLMLPHGGFGF66DB,正義段,14.25,都市：住,100000,971,持分移轉,01480000
RPXPMLMLPHGGFGF66DB,正義段,1.63,都市：住,100000,971,持分移轉,01490000
RPXPMLMLPHGGFGF66DB,正義段,4.05,都市：住,100000,971,持分移轉,01590000
RPQNMLMLPHGGFEF08CB,新市段,18.06,都市：住,10000,84,持分移轉,01880000
RPTNMLMLPHGGFEF38CB,新市段,18.06,都市：住,10000,84,持分移轉,01880000
RPWNMLMLPHGGFEF68CB,新市段,19.35,都市：住,10000,90,持分移轉,01880000
RPRNMLMLPHGGFEF18CB,新市段,18.06,都市：住,10000,84,持分移轉,01880000
RPSNMLMLPHGGFEF28CB,新市段,18.06,都市：住,10000,84,持分移轉,01880000
RPVNMLMLPHGGFEF58CB,新市段,19.35,都市：住,10000,90,持分移轉,01880000
RPROMLMLPHGGFEF28CB,新市段,19.14,都市：住,10000,89,持分移轉,01880000
RPOOMLMLPHGGFEF97CB,新市段,19.35,都市：住,10000,90,持分移轉,01880000
RPTOMLMLPHGGFEF48CB,新市段,18.06,都市：住,10000,84,持分移轉,01880000
RPXNMLMLPHGGFEF78CB,新市段,18.06,都市：住,10000,84,持分移轉,01880000
RPSOMLMLPHGGFEF38CB,新市段,18.06,都市：住,10000,84,持分移轉,01880000
RPUNMLMLPHGGFEF48CB,新市段,19.35,都市：住,10000,90,持分移轉,01880000
RPPOMLMLPHGGFEF08CB,新市段,18.06,都市：住,10000,84,持分移轉,01880000
RPQOMLMLPHGGFEF18CB,新市段,18.06,都市：住,10000,84,持分移轉,01880000
RPUOMLMLPHGGFEF58CB,新市段,16.99,都市：住,10000,79,持分移轉,01880000
RPXOMLMLPHGGFEF88CB,新市段,18.06,都市：住,10000,84,持分移轉,01880000
RPOPMLMLPHGGFEF08CB,新市段,18.06,都市：住,10000,84,持分移轉,01880000
RPVOMLMLPHGGFEF68CB,新市段,18.06,都市：住,10000,84,持分移轉,01880000
RPWOMLMLPHGGFEF78CB,新市段,19.14,都市：住,10000,89,持分移轉,01880000
RPRPMLMLPHGGFEF38CB,新市段,16.99,都市：住,10000,79,持分移轉,01880000
RPPPMLMLPHGGFEF18CB,新市段,19.14,都市：住,10000,89,持分移轉,01880000
RPQPMLMLPHGGFEF28CB,新市段,16.99,都市：住,10000,79,持分移轉,01880000
RPSPMLMLPHGGFEF48CB,新市段,19.35,都市：住,10000,90,持分移轉,01880000
RPVPMLMLPHGGFEF78CB,新市段,16.99,都市：住,10000,79,持分移轉,01880000
RPTPMLMLPHGGFEF58CB,新市段,19.35,都市：住,10000,90,持分移轉,01880000
RPWPMLMLPHGGFEF88CB,新市段,16.99,都市：住,10000,79,持分移轉,01880000
RPXPMLMLPHGGFEF98CB,新市段,19.35,都市：住,10000,90,持分移轉,01880000
RPPQMLMLPHGGFEF28CB,新市段,16.99,都市：住,10000,79,持分移轉,01880000
RPUPMLMLPHGGFEF68CB,新市段,16.99,都市：住,10000,79,持分移轉,01880000
RPOQMLMLPHGGFEF18CB,新市段,16.99,都市：住,10000,79,持分移轉,01880000
RPQQMLMLPHGGFEF38CB,新市段,16.99,都市：住,10000,79,持分移轉,01880000
RPRQMLMLPHGGFEF48CB,新市段,16.99,都市：住,10000,79,持分移轉,01880000
RPUQMLMLPHGGFEF78CB,新市段,16.99,都市：住,10000,79,持分移轉,01880000
RPSQMLMLPHGGFEF58CB,新市段,16.99,都市：住,10000,79,持分移轉,01880000
RPVQMLMLPHGGFEF88CB,新市段,16.99,都市：住,10000,79,持分移轉,01880000
RPTQMLMLPHGGFEF68CB,新市段,16.99,都市：住,10000,79,持分移轉,01880000
RPXQMLMLPHGGFEF09CB,新市段,16.77,都市：住,10000,78,持分移轉,01880000
RPORMLMLPHGGFEF28CB,新市段,16.99,都市：住,10000,79,持分移轉,01880000
RPWQMLMLPHGGFEF98CB,新市段,19.35,都市：住,10000,90,持分移轉,01880000
RPQRMLMLPHGGFEF48CB,新市段,16.99,都市：住,10000,79,持分移轉,01880000
RPPRMLMLPHGGFEF38CB,新市段,21.72,都市：住,10000,101,持分移轉,01880000
RPSRMLMLPHGGFEF68CB,新市段,21.72,都市：住,10000,101,持分移轉,01880000
RPRRMLMLPHGGFEF58CB,新市段,16.99,都市：住,10000,79,持分移轉,01880000
RPTRMLMLPHGGFEF78CB,新市段,21.72,都市：住,10000,101,持分移轉,01880000
RPVRMLMLPHGGFEF98CB,新市段,19.78,都市：住,10000,92,持分移轉,01880000
RPURMLMLPHGGFEF88CB,新市段,18.06,都市：住,10000,84,持分移轉,01880000
RPXRMLMLPHGGFEF56CB,新市段,21.72,都市：住,10000,101,持分移轉,01880000
RPWRMLMLPHGGFEF09CB,新市段,16.99,都市：住,10000,79,持分移轉,01880000
RPPSMLMLPHGGFEF48CB,新市段,21.72,都市：住,10000,101,持分移轉,01880000
RPRSMLMLPHGGFEF68CB,新市段,21.72,都市：住,10000,101,持分移轉,01880000
RPOSMLMLPHGGFEF38CB,新市段,21.72,都市：住,10000,101,持分移轉,01880000
RPQSMLMLPHGGFEF58CB,新市段,21.72,都市：住,10000,101,持分移轉,01880000
RPVSMLMLPHGGFEF09CB,新市段,21.72,都市：住,10000,101,持分移轉,01880000
RPWSMLMLPHGGFEF56CB,新市段,21.72,都市：住,10000,101,持分移轉,01880000
RPTSMLMLPHGGFEF88CB,新市段,21.72,都市：住,10000,101,持分移轉,01880000
RPSSMLMLPHGGFEF78CB,新市段,21.72,都市：住,10000,101,持分移轉,01880000
RPUSMLMLPHGGFEF98CB,新市段,21.72,都市：住,10000,101,持分移轉,01880000
RPOTMLMLPHGGFEF48CB,新市段,24.73,都市：住,10000,115,持分移轉,01880000
RPXSMLMLPHGGFEF66CB,新市段,21.72,都市：住,10000,101,持分移轉,01880000
RPPTMLMLPHGGFEF58CB,新市段,24.73,都市：住,10000,115,持分移轉,01880000
RPQTMLMLPHGGFEF68CB,新市段,24.73,都市：住,10000,115,持分移轉,01880000
RPVTMLMLPHGGFEF56CB,新市段,16.77,都市：住,10000,78,持分移轉,01880000
RPUTMLMLPHGGFEF09CB,新市段,24.73,都市：住,10000,115,持分移轉,01880000
RPRTMLMLPHGGFEF78CB,新市段,20.43,都市：住,10000,95,持分移轉,01880000
RPSTMLMLPHGGFEF88CB,新市段,24.73,都市：住,10000,115,持分移轉,01880000
RPWTMLMLPHGGFEF66CB,新市段,24.73,都市：住,10000,115,持分移轉,01880000
RPTTMLMLPHGGFEF98CB,新市段,24.73,都市：住,10000,115,持分移轉,01880000
RPOUMLMLPHGGFEF58CB,新市段,20.43,都市：住,10000,95,持分移轉,01880000
RPXTMLMLPHGGFEF76CB,新市段,24.73,都市：住,10000,115,持分移轉,01880000
RPPUMLMLPHGGFEF68CB,新市段,19.14,都市：住,10000,89,持分移轉,01880000
RPRUMLMLPHGGFEF88CB,新市段,19.14,都市：住,10000,89,持分移轉,01880000
RPQUMLMLPHGGFEF78CB,新市段,19.14,都市：住,10000,89,持分移轉,01880000
RPSUMLMLPHGGFEF98CB,新市段,16.77,都市：住,10000,78,持分移轉,01880000
RPUUMLMLPHGGFEF56CB,新市段,19.14,都市：住,10000,89,持分移轉,01880000
RPVUMLMLPHGGFEF66CB,新市段,19.35,都市：住,10000,90,持分移轉,01880000
RPTUMLMLPHGGFEF09CB,新市段,19.35,都市：住,10000,90,持分移轉,01880000
RPWUMLMLPHGGFEF76CB,新市段,19.14,都市：住,10000,89,持分移轉,01880000
RPXUMLMLPHGGFEF86CB,新市段,19.14,都市：住,10000,89,持分移轉,01880000
RPOVMLMLPHGGFEF68CB,新市段,19.14,都市：住,10000,89,持分移轉,01880000
RPQVMLMLPHGGFEF88CB,新市段,14.19,都市：住,10000,66,持分移轉,01880000
RPPVMLMLPHGGFEF78CB,新市段,19.14,都市：住,10000,89,持分移轉,01880000
RPRVMLMLPHGGFEF98CB,新市段,19.14,都市：住,10000,89,持分移轉,01880000
RPSVMLMLPHGGFEF09CB,新市段,14.19,都市：住,10000,66,持分移轉,01880000
RPTVMLMLPHGGFEF56CB,新市段,14.19,都市：住,10000,66,持分移轉,01880000
RPUVMLMLPHGGFEF66CB,新市段,19.14,都市：住,10000,89,持分移轉,01880000
RPWVMLMLPHGGFEF86CB,新市段,19.14,都市：住,10000,89,持分移轉,01880000
RPXVMLMLPHGGFEF96CB,新市段,19.14,都市：住,10000,89,持分移轉,01880000
RPVVMLMLPHGGFEF76CB,新市段,19.14,都市：住,10000,89,持分移轉,01880000
RPOWMLMLPHGGFEF78CB,新市段,14.19,都市：住,10000,66,持分移轉,01880000
RPRWMLMLPHGGFEF09CB,新市段,14.19,都市：住,10000,66,持分移轉,01880000
RPPWMLMLPHGGFEF88CB,新市段,14.19,都市：住,10000,66,持分移轉,01880000
RPTWMLMLPHGGFEF66CB,新市段,14.19,都市：住,10000,66,持分移轉,01880000
RPQWMLMLPHGGFEF98CB,新市段,14.19,都市：住,10000,66,持分移轉,01880000
RPUWMLMLPHGGFEF76CB,新市段,14.19,都市：住,10000,66,持分移轉,01880000
RPSWMLMLPHGGFEF56CB,新市段,14.19,都市：住,10000,66,持分移轉,01880000
RPXWMLMLPHGGFEF07CB,新市段,14.19,都市：住,10000,66,持分移轉,01880000
RPWWMLMLPHGGFEF96CB,新市段,14.19,都市：住,10000,66,持分移轉,01880000
RPVWMLMLPHGGFEF86CB,新市段,14.19,都市：住,10000,66,持分移轉,01880000
RPPNNLMLPHGGFEF08CB,新市段,16.99,都市：住,10000,79,持分移轉,01880000
RPONNLMLPHGGFEF97CB,新市段,14.19,都市：住,10000,66,持分移轉,01880000
RPSNNLMLPHGGFEF38CB,新市段,16.99,都市：住,10000,79,持分移轉,01880000
RPRNNLMLPHGGFEF28CB,新市段,16.99,都市：住,10000,79,持分移轉,01880000
RPTNNLMLPHGGFEF48CB,新市段,19.35,都市：住,10000,90,持分移轉,01880000
RPUNNLMLPHGGFEF58CB,新市段,16.99,都市：住,10000,79,持分移轉,01880000
RPWNNLMLPHGGFEF78CB,新市段,16.99,都市：住,10000,79,持分移轉,01880000
RPVNNLMLPHGGFEF68CB,新市段,16.99,都市：住,10000,79,持分移轉,01880000
RPQNNLMLPHGGFEF18CB,新市段,16.99,都市：住,10000,79,持分移轉,01880000
RPXNNLMLPHGGFEF88CB,新市段,16.99,都市：住,10000,79,持分移轉,01880000
RPPONLMLPHGGFEF18CB,新市段,24.73,都市：住,10000,115,持分移轉,01880000
RPOONLMLPHGGFEF08CB,新市段,16.99,都市：住,10000,79,持分移轉,01880000
RPQONLMLPHGGFEF28CB,新市段,18.06,都市：住,10000,84,持分移轉,01880000
RPTONLMLPHGGFEF58CB,新市段,16.99,都市：住,10000,79,持分移轉,01880000
RPRONLMLPHGGFEF38CB,新市段,24.73,都市：住,10000,115,持分移轉,01880000
RPUOMLMLPHGGFBF28CB,中原段,22.04,都市：住,100000,841,持分移轉,01240000
RPWOMLMLPHGGFBF48CB,新知段,9.03,都市：商,100000,166,持分移轉,00720000
RPSONLMLPHGGFEF48CB,新市段,19.35,都市：住,10000,90,持分移轉,01880000
RPPNMLMLPHGGFAF57CB,明德段,.28,都市：住,100000,1358,持分移轉,00470000
RPPNMLMLPHGGFAF57CB,明德段,.28,都市：住,100000,1358,持分移轉,00480000
RPQNMLMLPHGGFAF67CB,明德段,.28,都市：住,100000,1349,持分移轉,00470000
RPQNMLMLPHGGFAF67CB,明德段,.28,都市：住,100000,1349,持分移轉,00480000
RPXNMLMLPHGGFAF38CB,明德段,.23,都市：住,100000,1237,持分移轉,00470000
RPXNMLMLPHGGFAF38CB,明德段,.23,都市：住,100000,1237,持分移轉,00480000
RPVNMLMLPHGGFAF18CB,明德段,.28,都市：住,100000,1356,持分移轉,00470000
RPSNMLMLPHGGFAF87CB,明德段,.28,都市：住,100000,1358,持分移轉,00470000
RPVNMLMLPHGGFAF18CB,明德段,.28,都市：住,100000,1356,持分移轉,00480000
RPSNMLMLPHGGFAF87CB,明德段,.28,都市：住,100000,1358,持分移轉,00480000
RPRNMLMLPHGGFAF77CB,新興段,.00,都市：住,100000,492,持分移轉,13970003
RPRNMLMLPHGGFAF77CB,新興段,.05,都市：住,100000,492,持分移轉,14740000
RPRNMLMLPHGGFAF77CB,新興段,.43,都市：住,100000,492,持分移轉,14750000
RPWNMLMLPHGGFAF28CB,明德段,.45,都市：住,100000,1722,持分移轉,00470000
RPRNMLMLPHGGFAF77CB,新興段,.42,都市：住,100000,492,持分移轉,14760000
RPWNMLMLPHGGFAF28CB,明德段,.45,都市：住,100000,1722,持分移轉,00480000
RPRNMLMLPHGGFAF77CB,新興段,.25,都市：住,100000,492,持分移轉,14770000
RPRNMLMLPHGGFAF77CB,新興段,.24,都市：住,100000,492,持分移轉,14780000
RPRNMLMLPHGGFAF77CB,新興段,.24,都市：住,100000,492,持分移轉,14790000
RPRNMLMLPHGGFAF77CB,新興段,.24,都市：住,100000,492,持分移轉,14800000
RPRNMLMLPHGGFAF77CB,新興段,.24,都市：住,100000,492,持分移轉,14810000
RPRNMLMLPHGGFAF77CB,新興段,.23,都市：住,100000,492,持分移轉,14820000
RPRNMLMLPHGGFAF77CB,新興段,.24,都市：住,100000,492,持分移轉,14830000
RPRNMLMLPHGGFAF77CB,新興段,.24,都市：住,100000,492,持分移轉,14840000
RPRNMLMLPHGGFAF77CB,新興段,.24,都市：住,100000,492,持分移轉,14850000
RPRNMLMLPHGGFAF77CB,新興段,.23,都市：住,100000,492,持分移轉,14860000
RPRNMLMLPHGGFAF77CB,新興段,.24,都市：住,100000,492,持分移轉,14870000
RPRNMLMLPHGGFAF77CB,新興段,.61,都市：住,100000,492,持分移轉,14880000
RPRNMLMLPHGGFAF77CB,新興段,.02,都市：住,100000,492,持分移轉,14880001
RPRNMLMLPHGGFAF77CB,新興段,.66,都市：住,100000,492,持分移轉,14890000
RPRNMLMLPHGGFAF77CB,新興段,.61,都市：住,100000,492,持分移轉,14900000
RPRNMLMLPHGGFAF77CB,新興段,.31,都市：住,100000,492,持分移轉,14910000
RPRNMLMLPHGGFAF77CB,新興段,.56,都市：住,100000,492,持分移轉,14920000
RPRNMLMLPHGGFAF77CB,新興段,.94,都市：住,100000,492,持分移轉,14930000
RPRNMLMLPHGGFAF77CB,新興段,.11,都市：住,100000,492,持分移轉,14940000
RPRNMLMLPHGGFAF77CB,新興段,.67,都市：住,100000,492,持分移轉,14950000
RPRNMLMLPHGGFAF77CB,新興段,.43,都市：住,100000,492,持分移轉,14960000
RPRNMLMLPHGGFAF77CB,新興段,1.52,都市：住,100000,492,持分移轉,14970000
RPRNMLMLPHGGFAF77CB,新興段,.82,都市：住,100000,492,持分移轉,14980000
RPRNMLMLPHGGFAF77CB,新興段,.33,都市：住,100000,492,持分移轉,14980005
RPRNMLMLPHGGFAF77CB,新興段,1.74,都市：住,100000,492,持分移轉,14990000
RPRNMLMLPHGGFAF77CB,新興段,1.32,都市：住,100000,492,持分移轉,14990001
RPRNMLMLPHGGFAF77CB,新興段,.06,都市：住,100000,492,持分移轉,14990003
RPRNMLMLPHGGFAF77CB,新興段,.00,都市：住,100000,492,持分移轉,14990007
RPRNMLMLPHGGFAF77CB,新興段,.00,都市：住,100000,492,持分移轉,14960001
RPRNMLMLPHGGFAF77CB,新興段,.03,都市：住,100000,492,持分移轉,14970001
RPRNMLMLPHGGFAF77CB,新興段,.00,都市：住,100000,492,持分移轉,14980006
RPTNMLMLPHGGFAF97CB,明德段,.81,都市：住,100000,2309,持分移轉,00470000
RPTNMLMLPHGGFAF97CB,明德段,.81,都市：住,100000,2309,持分移轉,00480000
RPPNMLMLPHGGFHF28CB,水源段,1.61,都市：商,100000,844,持分移轉,02240000
RPPNMLMLPHGGFHF28CB,水源段,1.14,都市：商,100000,844,持分移轉,02280000
RPPNMLMLPHGGFHF28CB,水源段,.96,都市：商,100000,844,持分移轉,02310002
RPPNMLMLPHGGFHF28CB,水源段,.96,都市：商,100000,844,持分移轉,02310003
RPPNMLMLPHGGFHF28CB,水源段,1.94,都市：商,100000,844,持分移轉,02310001
RPPNMLMLPHGGFHF28CB,水源段,2.24,都市：商,100000,844,持分移轉,02310006
RPPNMLMLPHGGFHF28CB,水源段,.46,都市：商,100000,844,持分移轉,02270004
RPPNMLMLPHGGFHF28CB,水源段,.17,都市：商,100000,844,持分移轉,02270007
RPPNMLMLPHGGFHF28CB,水源段,.55,都市：商,100000,844,持分移轉,02270000
RPPNMLMLPHGGFHF28CB,水源段,.25,都市：商,100000,844,持分移轉,02270003
RPPNMLMLPHGGFHF28CB,水源段,.60,都市：商,100000,844,持分移轉,02310004
RPPNMLMLPHGGFHF28CB,水源段,.37,都市：商,100000,844,持分移轉,02270001
RPPNMLMLPHGGFHF28CB,水源段,.14,都市：商,100000,844,持分移轉,02270002
RPPNMLMLPHGGFHF28CB,水源段,.03,都市：商,100000,844,持分移轉,02300001
RPPNMLMLPHGGFHF28CB,水源段,.71,都市：商,100000,844,持分移轉,02290000
RPPNMLMLPHGGFHF28CB,水源段,.46,都市：商,100000,844,持分移轉,02300000
RPRNMLMLPHGGFIF58CB,大學段二小段,35.66,都市：住,100000,1900,持分移轉,00600000
RPSNMLMLPHGGFIF68CB,大學段二小段,35.66,都市：住,100000,1900,持分移轉,00600000
RPVNMLMLPHGGFIF98CB,大學段二小段,46.71,都市：住,100000,2489,持分移轉,00600000
RPTNMLMLPHGGFIF78CB,大學段二小段,35.66,都市：住,100000,1900,持分移轉,00600000
RPUNMLMLPHGGFIF88CB,大學段二小段,35.57,都市：住,100000,1895,持分移轉,00600000
RPXNMLMLPHGGFIF56CB,大學段二小段,46.81,都市：住,100000,2494,持分移轉,00600000
RPPNMLMLPHGGFGF18CB,五谷王段,1.33,都市：住,100000,100,持分移轉,00460000
RPPNMLMLPHGGFGF18CB,五谷王段,.48,都市：住,100000,100,持分移轉,00470000
RPPNMLMLPHGGFGF18CB,五谷王段,.70,都市：住,100000,100,持分移轉,00480000
RPPNMLMLPHGGFGF18CB,五谷王段,.27,都市：住,100000,100,持分移轉,00490000
RPPNMLMLPHGGFGF18CB,五谷王段,.46,都市：住,100000,100,持分移轉,00500000
RPPNMLMLPHGGFGF18CB,五谷王段,.25,都市：住,100000,100,持分移轉,00520000
RPPOMLMLPHGGFIF48CB,大學段二小段,46.81,都市：住,100000,2494,持分移轉,00600000
RPPNMLMLPHGGFGF18CB,五谷王段,1.15,都市：住,100000,100,持分移轉,00530000
RPPNMLMLPHGGFGF18CB,五谷王段,.58,都市：住,100000,100,持分移轉,00550000
RPPNMLMLPHGGFGF18CB,五谷王段,.52,都市：住,100000,100,持分移轉,00560000
RPPNMLMLPHGGFGF18CB,五谷王段,.48,都市：住,100000,100,持分移轉,00570000
RPPNMLMLPHGGFGF18CB,五谷王段,.51,都市：住,100000,100,持分移轉,00580000
RPUNMLNLPHGGFCF38CB,斯馨段,7.45,都市：住,100000,196,持分移轉,00500000
RPUNMLNLPHGGFCF38CB,斯馨段,8.39,都市：住,100000,196,持分移轉,00560000
RPOOMLNLPHGGFCF87CB,斯馨段,7.57,都市：住,100000,199,持分移轉,00500000
RPQNMLNLPHGGFCF97CB,斯馨段,7.45,都市：住,100000,196,持分移轉,00500000
RPQNMLNLPHGGFCF97CB,斯馨段,8.39,都市：住,100000,196,持分移轉,00560000
RPOOMLNLPHGGFCF87CB,斯馨段,8.52,都市：住,100000,199,持分移轉,00560000
RPROMLNLPHGGFCF18CB,斯馨段,7.57,都市：住,100000,199,持分移轉,00500000
RPROMLNLPHGGFCF18CB,斯馨段,8.52,都市：住,100000,199,持分移轉,00560000
RPRPMLNLPHGGFCF28CB,斯馨段,7.45,都市：住,100000,196,持分移轉,00500000
RPRPMLNLPHGGFCF28CB,斯馨段,8.39,都市：住,100000,196,持分移轉,00560000
RPQPMLNLPHGGFCF18CB,斯馨段,7.45,都市：住,100000,196,持分移轉,00500000
RPQPMLNLPHGGFCF18CB,斯馨段,8.39,都市：住,100000,196,持分移轉,00560000
RPTNMLNLPHGGFIF88CB,民生段,32.74,都市：住,10000,452,持分移轉,04370000
RPPNMLMLPHGGFEF97CB,新市段,19.35,都市：住,10000,90,持分移轉,01880000
RPVNMLNLPHGGFIF09CB,民生段,32.74,都市：住,10000,452,持分移轉,04370000
RPTPMLNLPHGGFCF48CB,斯馨段,7.45,都市：住,100000,196,持分移轉,00500000
RPTPMLNLPHGGFCF48CB,斯馨段,8.39,都市：住,100000,196,持分移轉,00560000
RPPOMLNLPHGGFIF58CB,民生段,32.74,都市：住,10000,452,持分移轉,04370000
RPSOMLNLPHGGFIF88CB,大學段二小段,35.66,都市：住,100000,1900,持分移轉,00600000
RPTOMLNLPHGGFIF98CB,民生段,32.74,都市：住,10000,452,持分移轉,04370000
RPROMLNLPHGGFIF78CB,大學段二小段,46.71,都市：住,100000,2489,持分移轉,00600000
RPRPMLNLPHGGFIF88CB,民生段,32.74,都市：住,10000,452,持分移轉,04370000
RPVOMLNLPHGGFIF56CB,大學段二小段,35.66,都市：住,100000,1900,持分移轉,00600000
RPPPMLNLPHGGFIF68CB,大學段二小段,35.57,都市：住,100000,1895,持分移轉,00600000
RPOPMLNLPHGGFIF58CB,民生段,32.74,都市：住,10000,452,持分移轉,04370000
RPTPMLNLPHGGFIF09CB,大學段二小段,46.81,都市：住,100000,2494,持分移轉,00600000
RPVPMLNLPHGGFIF66CB,大學段二小段,46.81,都市：住,100000,2494,持分移轉,00600000
RPRQMLNLPHGGFIF98CB,民生段,22.02,都市：住,10000,304,持分移轉,04370000
RPPQMLNLPHGGFIF78CB,民生段,32.74,都市：住,10000,452,持分移轉,04370000
RPTQMLNLPHGGFIF56CB,民生段,22.02,都市：住,10000,304,持分移轉,04370000
RPSQMLNLPHGGFIF09CB,民生段,22.02,都市：住,10000,304,持分移轉,04370000
RPVQMLNLPHGGFIF76CB,民生段,22.02,都市：住,10000,304,持分移轉,04370000
RPORMLNLPHGGFIF78CB,民生段,25.72,都市：住,10000,355,持分移轉,04370000
RPQRMLNLPHGGFIF98CB,民生段,25.72,都市：住,10000,355,持分移轉,04370000
RPWQMLNLPHGGFIF86CB,民生段,22.02,都市：住,10000,304,持分移轉,04370000
RPPRMLNLPHGGFIF88CB,民生段,25.72,都市：住,10000,355,持分移轉,04370000
RPUQMLNLPHGGFIF66CB,民生段,22.02,都市：住,10000,304,持分移轉,04370000
RPRRMLNLPHGGFIF09CB,民生段,25.72,都市：住,10000,355,持分移轉,04370000
RPOSMLNLPHGGFIF88CB,民生段,25.79,都市：住,10000,356,持分移轉,04370000
RPSRMLNLPHGGFIF56CB,民生段,25.72,都市：住,10000,355,持分移轉,04370000
RPPTMLNLPHGGFIF09CB,大學段二小段,35.57,都市：住,100000,1895,持分移轉,00600000
RPVSMLNLPHGGFIF96CB,大學段二小段,35.66,都市：住,100000,1900,持分移轉,00600000
RPRTMLNLPHGGFIF66CB,大學段二小段,46.71,都市：住,100000,2489,持分移轉,00600000
RPTNMLNLPHGGFGF78DB,正義段,12.37,都市：住,100000,843,持分移轉,01480000
RPTNMLNLPHGGFGF78DB,正義段,1.41,都市：住,100000,843,持分移轉,01490000
RPTNMLNLPHGGFGF78DB,正義段,3.52,都市：住,100000,843,持分移轉,01590000
RPVNMLNLPHGGFGF98DB,正義段,12.37,都市：住,100000,843,持分移轉,01480000
RPVNMLNLPHGGFGF98DB,正義段,1.41,都市：住,100000,843,持分移轉,01490000
RPVNMLNLPHGGFGF98DB,正義段,3.52,都市：住,100000,843,持分移轉,01590000
RPXSMLNLPHGGFIF17CB,大學段二小段,46.71,都市：住,100000,2489,持分移轉,00600000
RPRNMLNLPHGGFGF58DB,正義段,12.44,都市：住,100000,848,持分移轉,01480000
RPRNMLNLPHGGFGF58DB,正義段,1.42,都市：住,100000,848,持分移轉,01490000
RPRNMLNLPHGGFGF58DB,正義段,3.54,都市：住,100000,848,持分移轉,01590000
RPROMLNLPHGGFGF68DB,正義段,14.25,都市：住,100000,971,持分移轉,01480000
RPROMLNLPHGGFGF68DB,正義段,1.63,都市：住,100000,971,持分移轉,01490000
RPROMLNLPHGGFGF68DB,正義段,4.05,都市：住,100000,971,持分移轉,01590000
RPOOMLNLPHGGFGF38DB,正義段,17.78,都市：住,100000,1212,持分移轉,01480000
RPOOMLNLPHGGFGF38DB,正義段,2.03,都市：住,100000,1212,持分移轉,01490000
RPOOMLNLPHGGFGF38DB,正義段,5.06,都市：住,100000,1212,持分移轉,01590000
RPOOMLOLPHGGFAF77CB,江翠段,8.15,都市：商,1000000,2683,持分移轉,01590000
RPOOMLOLPHGGFAF77CB,江翠段,.45,都市：商,1000000,2683,持分移轉,01590001
RPOOMLOLPHGGFAF77CB,江翠段,1.07,都市：商,1000000,2683,持分移轉,01640000
RPQOMLNLPHGGFGF58DB,正義段,14.23,都市：住,100000,970,持分移轉,01480000
RPQOMLNLPHGGFGF58DB,正義段,1.62,都市：住,100000,970,持分移轉,01490000
RPQOMLNLPHGGFGF58DB,正義段,4.05,都市：住,100000,970,持分移轉,01590000
RPRNMLPLPHGGFIF88CB,大學段二小段,46.71,都市：住,100000,2489,持分移轉,00600000
RPPNMLPLPHGGFIF68CB,大學段二小段,46.81,都市：住,100000,2494,持分移轉,00600000
RPUNMLOLPHGGFAF28CB,江翠段,10.37,都市：住,1000000,5407,持分移轉,01450000
RPUNMLOLPHGGFAF28CB,江翠段,.50,都市：住,1000000,5407,持分移轉,01450001
RPTNMLPLPHGGFIF09CB,大學段二小段,35.57,都市：住,100000,1895,持分移轉,00600000
RPTNMLOLPHGGFAF18CB,江翠段,25.31,都市：住,1000000,13204,持分移轉,01450000
RPTNMLOLPHGGFAF18CB,江翠段,1.21,都市：住,1000000,13204,持分移轉,01450001
RPQNMLPLPHGGFIF78CB,大學段二小段,46.71,都市：住,100000,2489,持分移轉,00600000
RPUNMLPLPHGGFIF56CB,大學段二小段,46.81,都市：住,100000,2494,持分移轉,00600000
RPXNMLPLPHGGFIF86CB,大學段二小段,35.57,都市：住,100000,1895,持分移轉,00600000
RPROMLPLPHGGFIF98CB,大學段二小段,35.66,都市：住,100000,1900,持分移轉,00600000
RPOOMLPLPHGGFIF68CB,大學段二小段,46.64,都市：住,100000,2485,持分移轉,00600000
RPVNMLPLPHGGFIF66CB,大學段二小段,46.81,都市：住,100000,2494,持分移轉,00600000
RPPOMLPLPHGGFIF78CB,大學段二小段,35.66,都市：住,100000,1900,持分移轉,00600000
RPQOMLPLPHGGFIF88CB,大學段二小段,35.66,都市：住,100000,1900,持分移轉,00600000
RPWNMLPLPHGGFIF76CB,大學段二小段,46.81,都市：住,100000,2494,持分移轉,00600000
RPSOMLPLPHGGFIF09CB,大學段二小段,46.71,都市：住,100000,2489,持分移轉,00600000
RPTOMLPLPHGGFIF56CB,大學段二小段,35.57,都市：住,100000,1895,持分移轉,00600000
RPQNMLPLPHGGFGF58CB,仁信段,22.36,都市：住,100000,1057,持分移轉,01080000
RPPNMLPLPHGGFGF48CB,仁信段,22.36,都市：住,100000,1057,持分移轉,01080000
RPRNMLPLPHGGFGF68CB,仁信段,22.45,都市：住,100000,1061,持分移轉,01080000
RPTNMLPLPHGGFGF88CB,仁信段,22.45,都市：住,100000,1061,持分移轉,01080000
RPVNMLPLPHGGFGF09CB,仁信段,15.87,都市：住,100000,750,持分移轉,01080000
RPUNMLPLPHGGFGF98CB,仁信段,15.93,都市：住,100000,753,持分移轉,01080000
RPSNMLPLPHGGFGF78CB,仁信段,22.45,都市：住,100000,1061,持分移轉,01080000
RPXNMLPLPHGGFGF66CB,仁信段,22.36,都市：住,100000,1057,持分移轉,01080000
RPWNMLPLPHGGFGF56CB,仁信段,22.57,都市：住,100000,1067,持分移轉,01080000
RPQOMLPLPHGGFGF68CB,仁信段,22.36,都市：住,100000,1057,持分移轉,01080000
RPOOMLPLPHGGFGF48CB,仁信段,22.36,都市：住,100000,1057,持分移轉,01080000
RPROMLPLPHGGFGF78CB,仁信段,22.36,都市：住,100000,1057,持分移轉,01080000
RPPOMLPLPHGGFGF58CB,仁信段,22.36,都市：住,100000,1057,持分移轉,01080000
RPSOMLPLPHGGFGF88CB,仁信段,22.45,都市：住,100000,1061,持分移轉,01080000
RPUOMLPLPHGGFGF09CB,仁信段,22.45,都市：住,100000,1061,持分移轉,01080000
RPTOMLPLPHGGFGF98CB,仁信段,22.45,都市：住,100000,1061,持分移轉,01080000
RPVOMLPLPHGGFGF56CB,仁信段,15.93,都市：住,100000,753,持分移轉,01080000
RPROMLQLPHGGFGF88CB,仁信段,13.01,都市：住,100000,596,持分移轉,00120000
RPOPMLQLPHGGFGF68CB,仁信段,13.01,都市：住,100000,596,持分移轉,00120000
RPQSMLQLPHGGFGF56CB,仁信段,17.39,都市：住,100000,445,持分移轉,00760000
RPQTMLQLPHGGFGF66CB,仁信段,13.40,都市：住,100000,614,持分移轉,00120000
RPXSMLQLPHGGFGF27CB,仁信段,13.40,都市：住,100000,614,持分移轉,00120000
RPSTMLQLPHGGFGF86CB,仁信段,17.39,都市：住,100000,445,持分移轉,00760000
RPWWMLQLPHGGFGF57CB,仁信段,22.55,都市：住,100000,577,持分移轉,00760000
RPSNNLQLPHGGFGF98CB,仁信段,17.39,都市：住,100000,445,持分移轉,00760000
RPWQNLQLPHGGFGF07CB,仁信段,15.52,都市：住,100000,397,持分移轉,00760000
RPTUNLQLPHGGFGF17CB,仁信段,15.52,都市：住,100000,397,持分移轉,00760000
RPTVNLQLPHGGFGF27CB,仁信段,15.52,都市：住,100000,397,持分移轉,00760000
RPUVNLQLPHGGFGF37CB,仁信段,15.52,都市：住,100000,397,持分移轉,00760000
RPPNMLQLPHGGFAF97CB,永翠段,23.73,都市：商,100000,815,持分移轉,00270000
RPUOMLPLPHGGFIF66CB,大學段二小段,35.57,都市：住,100000,1895,持分移轉,00600000
RPXNMLQLPHGGFIF96CB,大學段二小段,35.66,都市：住,100000,1900,持分移轉,00600000
RPUNMLQLPHGGFIF66CB,大學段二小段,35.57,都市：住,100000,1895,持分移轉,00600000
RPTNMLQLPHGGFIF56CB,大學段二小段,46.71,都市：住,100000,2489,持分移轉,00600000
RPVNMLQLPHGGFIF76CB,大學段二小段,46.71,都市：住,100000,2489,持分移轉,00600000
RPOOMLQLPHGGFIF78CB,大學段二小段,35.57,都市：住,100000,1895,持分移轉,00600000
RPQNMLQLPHGGFIF88CB,大學段二小段,46.81,都市：住,100000,2494,持分移轉,00600000
RPRNMLQLPHGGFIF98CB,大學段二小段,35.57,都市：住,100000,1895,持分移轉,00600000
RPPOMLQLPHGGFIF88CB,大學段二小段,46.71,都市：住,100000,2489,持分移轉,00600000
RPUNMLQLPHGGFBF58CB,新豐段,11.91,都市：商,1000000,2183,持分移轉,00040000
RPPOMLQLPHGGFBF18CB,副都心段一小段,21.82,都市：住,100000,1108,持分移轉,01240000
RPROMLQLPHGGFBF38CB,副都心段一小段,21.82,都市：住,100000,1108,持分移轉,01240000
RPVNMLQLPHGGFBF68CB,新豐段,13.96,都市：商,1000000,2560,持分移轉,00040000
RPOPMLQLPHGGFBF18CB,副都心段一小段,21.82,都市：住,100000,1108,持分移轉,01240000
RPQPMLQLPHGGFBF38CB,副都心段一小段,21.82,都市：住,100000,1108,持分移轉,01240000
RPWOMLQLPHGGFBF88CB,副都心段一小段,21.82,都市：住,100000,1108,持分移轉,01240000
RPTOMLQLPHGGFBF58CB,副都心段一小段,21.82,都市：住,100000,1108,持分移轉,01240000
RPSPMLQLPHGGFBF58CB,副都心段一小段,21.82,都市：住,100000,1108,持分移轉,01240000
RPUPMLQLPHGGFBF78CB,副都心段一小段,21.82,都市：住,100000,1108,持分移轉,01240000
RPQTMLQLPHGGFBF78CB,副都心段一小段,21.82,都市：住,100000,1108,持分移轉,01240000
RPUTMLQLPHGGFBF56CB,副都心段一小段,21.82,都市：住,100000,1108,持分移轉,01240000
RPWTMLQLPHGGFBF76CB,副都心段一小段,21.82,都市：住,100000,1108,持分移轉,01240000
RPPOMLRLPHGGFBF28CB,副都心段一小段,20.64,都市：住,100000,1048,持分移轉,01240000
RPOUMLQLPHGGFBF68CB,副都心段一小段,21.82,都市：住,100000,1108,持分移轉,01240000
RPSNMLRLPHGGFBF48CB,副都心段一小段,20.64,都市：住,100000,1048,持分移轉,01240000
RPQNMLRLPHGGFBF28CB,副都心段一小段,20.64,都市：住,100000,1048,持分移轉,01240000
RPWNMLRLPHGGFBF88CB,副都心段一小段,20.64,都市：住,100000,1048,持分移轉,01240000
RPSTMLQLPHGGFBF98CB,副都心段一小段,21.82,都市：住,100000,1108,持分移轉,01240000
RPROMLRLPHGGFBF48CB,副都心段一小段,20.64,都市：住,100000,1048,持分移轉,01240000
RPTOMLRLPHGGFBF68CB,副都心段一小段,20.64,都市：住,100000,1048,持分移轉,01240000
RPVOMLRLPHGGFBF88CB,副都心段一小段,20.64,都市：住,100000,1048,持分移轉,01240000
RPOPMLRLPHGGFBF28CB,副都心段一小段,20.64,都市：住,100000,1048,持分移轉,01240000
RPTPMLRLPHGGFBF78CB,副都心段一小段,20.64,都市：住,100000,1048,持分移轉,01240000
RPRPMLRLPHGGFBF58CB,副都心段一小段,20.64,都市：住,100000,1048,持分移轉,01240000
RPOQMLRLPHGGFBF38CB,副都心段一小段,20.83,都市：住,100000,1058,持分移轉,01240000
RPRSMLRLPHGGFBF88CB,副都心段一小段,14.83,都市：住,100000,753,持分移轉,01240000
RPWPMLRLPHGGFBF09CB,副都心段一小段,20.64,都市：住,100000,1048,持分移轉,01240000
RPTSMLRLPHGGFBF09CB,副都心段一小段,14.83,都市：住,100000,753,持分移轉,01240000
RPTQMLRLPHGGFBF88CB,行政段,18.58,都市：商,100000,911,持分移轉,00840000
RPVSMLRLPHGGFBF66CB,副都心段一小段,14.83,都市：住,100000,753,持分移轉,01240000
RPPTMLRLPHGGFBF78CB,副都心段一小段,14.83,都市：住,100000,753,持分移轉,01240000
RPXSMLRLPHGGFBF86CB,副都心段一小段,14.83,都市：住,100000,753,持分移轉,01240000
RPUTMLRLPHGGFBF66CB,副都心段一小段,14.83,都市：住,100000,753,持分移轉,01240000
RPSTMLRLPHGGFBF09CB,副都心段一小段,14.83,都市：住,100000,753,持分移轉,01240000
RPQUMLRLPHGGFBF98CB,副都心段一小段,14.83,都市：住,100000,753,持分移轉,01240000
RPSUMLRLPHGGFBF56CB,副都心段一小段,14.83,都市：住,100000,753,持分移轉,01240000
RPXTMLRLPHGGFBF96CB,副都心段一小段,14.83,都市：住,100000,753,持分移轉,01240000
RPUUMLRLPHGGFBF76CB,副都心段一小段,14.83,都市：住,100000,753,持分移轉,01240000
RPOVMLRLPHGGFBF88CB,副都心段一小段,14.83,都市：住,100000,753,持分移轉,01240000
RPRVMLRLPHGGFBF56CB,副都心段一小段,14.83,都市：住,100000,753,持分移轉,01240000
RPUVMLRLPHGGFBF86CB,副都心段一小段,20.64,都市：住,100000,1048,持分移轉,01240000
RPQONLRLPHGGFAF38CB,頂福段,2.92,都市：住,100000,2463,持分移轉,10860000
RPQONLRLPHGGFAF38CB,頂福段,3.52,都市：住,100000,2463,持分移轉,10870000
RPQONLRLPHGGFAF38CB,頂福段,.48,都市：住,100000,2463,持分移轉,10880000
RPRONLRLPHGGFAF48CB,頂福段,2.92,都市：住,100000,2463,持分移轉,10860000
RPQONLRLPHGGFAF38CB,頂福段,6.92,都市：住,100000,2463,持分移轉,10890000
RPRONLRLPHGGFAF48CB,頂福段,3.52,都市：住,100000,2463,持分移轉,10870000
RPRONLRLPHGGFAF48CB,頂福段,.48,都市：住,100000,2463,持分移轉,10880000
RPXNNLRLPHGGFAF98CB,頂福段,2.92,都市：住,100000,2463,持分移轉,10860000
RPRONLRLPHGGFAF48CB,頂福段,6.92,都市：住,100000,2463,持分移轉,10890000
RPXNNLRLPHGGFAF98CB,頂福段,3.52,都市：住,100000,2463,持分移轉,10870000
RPXNNLRLPHGGFAF98CB,頂福段,.48,都市：住,100000,2463,持分移轉,10880000
RPXNNLRLPHGGFAF98CB,頂福段,6.92,都市：住,100000,2463,持分移轉,10890000
RPWNNLRLPHGGFAF88CB,頂福段,2.92,都市：住,100000,2463,持分移轉,10860000
RPWNNLRLPHGGFAF88CB,頂福段,3.52,都市：住,100000,2463,持分移轉,10870000
RPWNNLRLPHGGFAF88CB,頂福段,.48,都市：住,100000,2463,持分移轉,10880000
RPWNNLRLPHGGFAF88CB,頂福段,6.92,都市：住,100000,2463,持分移轉,10890000
RPTONLRLPHGGFAF68CB,頂福段,2.92,都市：住,100000,2463,持分移轉,10860000
RPTONLRLPHGGFAF68CB,頂福段,3.52,都市：住,100000,2463,持分移轉,10870000
RPTONLRLPHGGFAF68CB,頂福段,.48,都市：住,100000,2463,持分移轉,10880000
RPTONLRLPHGGFAF68CB,頂福段,6.92,都市：住,100000,2463,持分移轉,10890000
RPSONLRLPHGGFAF58CB,頂福段,2.92,都市：住,100000,2463,持分移轉,10860000
RPSONLRLPHGGFAF58CB,頂福段,3.52,都市：住,100000,2463,持分移轉,10870000
RPSONLRLPHGGFAF58CB,頂福段,.48,都市：住,100000,2463,持分移轉,10880000
RPUONLRLPHGGFAF78CB,頂福段,4.64,都市：住,100000,3909,持分移轉,10860000
RPSONLRLPHGGFAF58CB,頂福段,6.92,都市：住,100000,2463,持分移轉,10890000
RPWONLRLPHGGFAF98CB,頂福段,4.38,都市：住,100000,3688,持分移轉,10860000
RPUONLRLPHGGFAF78CB,頂福段,5.58,都市：住,100000,3909,持分移轉,10870000
RPWONLRLPHGGFAF98CB,頂福段,5.27,都市：住,100000,3688,持分移轉,10870000
RPUONLRLPHGGFAF78CB,頂福段,.77,都市：住,100000,3909,持分移轉,10880000
RPWONLRLPHGGFAF98CB,頂福段,.73,都市：住,100000,3688,持分移轉,10880000
RPUONLRLPHGGFAF78CB,頂福段,10.97,都市：住,100000,3909,持分移轉,10890000
RPWONLRLPHGGFAF98CB,頂福段,10.35,都市：住,100000,3688,持分移轉,10890000
RPXONLRLPHGGFAF09CB,頂福段,4.38,都市：住,100000,3688,持分移轉,10860000
RPXONLRLPHGGFAF09CB,頂福段,5.27,都市：住,100000,3688,持分移轉,10870000
RPXONLRLPHGGFAF09CB,頂福段,.73,都市：住,100000,3688,持分移轉,10880000
RPXONLRLPHGGFAF09CB,頂福段,10.35,都市：住,100000,3688,持分移轉,10890000
RPPPNLRLPHGGFAF38CB,頂福段,4.38,都市：住,100000,3688,持分移轉,10860000
RPPPNLRLPHGGFAF38CB,頂福段,5.27,都市：住,100000,3688,持分移轉,10870000
RPPPNLRLPHGGFAF38CB,頂福段,.73,都市：住,100000,3688,持分移轉,10880000
RPPPNLRLPHGGFAF38CB,頂福段,10.35,都市：住,100000,3688,持分移轉,10890000
RPUNMLRLPHGGFGF56CB,仁信段,22.36,都市：住,100000,1057,持分移轉,01080000
RPSNMLRLPHGGFGF98CB,仁信段,22.36,都市：住,100000,1057,持分移轉,01080000
RPRNMLRLPHGGFGF88CB,仁信段,22.36,都市：住,100000,1057,持分移轉,01080000
RPPNMLRLPHGGFGF68CB,仁信段,22.36,都市：住,100000,1057,持分移轉,01080000
RPQNMLRLPHGGFGF78CB,仁信段,22.36,都市：住,100000,1057,持分移轉,01080000
RPWNMLRLPHGGFGF76CB,仁信段,22.45,都市：住,100000,1061,持分移轉,01080000
RPTNMLRLPHGGFGF09CB,仁信段,22.36,都市：住,100000,1057,持分移轉,01080000
RPVNMLRLPHGGFGF66CB,仁信段,22.45,都市：住,100000,1061,持分移轉,01080000
RPXNMLRLPHGGFGF86CB,仁信段,22.45,都市：住,100000,1061,持分移轉,01080000
RPOOMLRLPHGGFGF68CB,仁信段,22.45,都市：住,100000,1061,持分移轉,01080000
RPVPNLRLPHGGFGF96CB,仁信段,13.01,都市：住,100000,596,持分移轉,00120000
RPROMLRLPHGGFGF98CB,仁信段,15.93,都市：住,100000,753,持分移轉,01080000
RPTOMLRLPHGGFGF56CB,仁信段,15.93,都市：住,100000,753,持分移轉,01080000
RPSOMLRLPHGGFGF09CB,仁信段,15.93,都市：住,100000,753,持分移轉,01080000
RPUUMLRLPHGGFGF27CB,仁信段,17.53,都市：住,100000,803,持分移轉,00120000
RPPOMLRLPHGGFGF78CB,仁信段,22.45,都市：住,100000,1061,持分移轉,01080000
RPQOMLRLPHGGFGF88CB,仁信段,22.45,都市：住,100000,1061,持分移轉,01080000
RPURNLRLPHGGFGF07CB,仁信段,15.93,都市：住,100000,753,持分移轉,01080000
RPPSNLRLPHGGFGF66CB,仁信段,15.93,都市：住,100000,753,持分移轉,01080000
RPSSNLRLPHGGFGF96CB,仁信段,13.40,都市：住,100000,614,持分移轉,00120000
RPSTNLRLPHGGFGF07CB,富貴段,17.37,都市：住,100000,696,持分移轉,03250000
RPSUNLRLPHGGFGF17CB,仁信段,15.93,都市：住,100000,753,持分移轉,01080000
RPOUNLRLPHGGFGF76CB,仁信段,15.93,都市：住,100000,753,持分移轉,01080000
RPUTNLRLPHGGFGF27CB,仁信段,15.93,都市：住,100000,753,持分移轉,01080000
RPWTNLRLPHGGFGF47CB,仁信段,15.93,都市：住,100000,753,持分移轉,01080000
RPRUNLRLPHGGFGF07CB,仁信段,15.93,都市：住,100000,753,持分移轉,01080000
RPVTNLRLPHGGFGF37CB,富貴段,17.37,都市：住,100000,696,持分移轉,03250000
RPPUNLRLPHGGFGF86CB,仁信段,15.93,都市：住,100000,753,持分移轉,01080000
RPTVNLRLPHGGFGF37CB,仁信段,15.93,都市：住,100000,753,持分移轉,01080000
RPXVNLRLPHGGFGF77CB,仁信段,15.93,都市：住,100000,753,持分移轉,01080000
RPWWNLRLPHGGFGF77CB,仁信段,15.78,都市：住,100000,746,持分移轉,01080000
RPPNOLRLPHGGFGF88CB,仁信段,15.87,都市：住,100000,750,持分移轉,01080000
RPXWNLRLPHGGFGF87CB,仁信段,15.87,都市：住,100000,750,持分移轉,01080000
RPONOLRLPHGGFGF78CB,仁信段,15.87,都市：住,100000,750,持分移轉,01080000
RPRWNLRLPHGGFGF27CB,仁信段,21.89,都市：住,100000,560,持分移轉,00760000
RPRNOLRLPHGGFGF09CB,仁信段,15.87,都市：住,100000,750,持分移轉,01080000
RPSNOLRLPHGGFGF56CB,仁信段,15.87,都市：住,100000,750,持分移轉,01080000
RPQNOLRLPHGGFGF98CB,仁信段,15.87,都市：住,100000,750,持分移轉,01080000
RPUNOLRLPHGGFGF76CB,仁信段,15.87,都市：住,100000,750,持分移轉,01080000
RPTNOLRLPHGGFGF66CB,仁信段,15.87,都市：住,100000,750,持分移轉,01080000
RPWNOLRLPHGGFGF96CB,仁信段,15.87,都市：住,100000,750,持分移轉,01080000
RPOOOLRLPHGGFGF88CB,仁信段,15.87,都市：住,100000,750,持分移轉,01080000
RPVNOLRLPHGGFGF86CB,仁信段,15.87,都市：住,100000,750,持分移轉,01080000
RPXNOLRLPHGGFGF07CB,仁信段,15.87,都市：住,100000,750,持分移轉,01080000
RPUPMLRLPHGGFEF66DB,海天段,20.23,都市：住,100000,637,持分移轉,03590000
RPOPMLRLPHGGFEF68DB,海天段,20.23,都市：住,100000,637,持分移轉,03590000
RPUPMLRLPHGGFEF66DB,海天段,7.38,都市：住,100000,637,持分移轉,03590006
RPPQMLRLPHGGFEF88DB,海天段,20.23,都市：住,100000,637,持分移轉,03590000
RPOPMLRLPHGGFEF68DB,海天段,7.38,都市：住,100000,637,持分移轉,03590006
RPPQMLRLPHGGFEF88DB,海天段,7.38,都市：住,100000,637,持分移轉,03590006
RPXOMLRLPHGGFEF86DB,海天段,20.23,都市：住,100000,637,持分移轉,03590000
RPXOMLRLPHGGFEF86DB,海天段,7.38,都市：住,100000,637,持分移轉,03590006
RPWPMLRLPHGGFEF86DB,海天段,20.23,都市：住,100000,637,持分移轉,03590000
RPWPMLRLPHGGFEF86DB,海天段,7.38,都市：住,100000,637,持分移轉,03590006
RPRQMLRLPHGGFEF09DB,海天段,12.01,都市：住,100000,378,持分移轉,03590000
RPOQMLRLPHGGFEF78DB,海天段,20.23,都市：住,100000,637,持分移轉,03590000
RPRQMLRLPHGGFEF09DB,海天段,4.38,都市：住,100000,378,持分移轉,03590006
RPOQMLRLPHGGFEF78DB,海天段,7.38,都市：住,100000,637,持分移轉,03590006
RPQQMLRLPHGGFEF98DB,海天段,12.07,都市：住,100000,380,持分移轉,03590000
RPQQMLRLPHGGFEF98DB,海天段,4.40,都市：住,100000,380,持分移轉,03590006
RPVPMLRLPHGGFEF76DB,海天段,20.23,都市：住,100000,637,持分移轉,03590000
RPVPMLRLPHGGFEF76DB,海天段,7.38,都市：住,100000,637,持分移轉,03590006
RPTPMLRLPHGGFEF56DB,海天段,20.23,都市：住,100000,637,持分移轉,03590000
RPTPMLRLPHGGFEF56DB,海天段,7.38,都市：住,100000,637,持分移轉,03590006
RPTQMLRLPHGGFEF66DB,海天段,12.07,都市：住,100000,380,持分移轉,03590000
RPTQMLRLPHGGFEF66DB,海天段,4.40,都市：住,100000,380,持分移轉,03590006
RPVQMLRLPHGGFEF86DB,海天段,12.07,都市：住,100000,380,持分移轉,03590000
RPVQMLRLPHGGFEF86DB,海天段,4.40,都市：住,100000,380,持分移轉,03590006
RPSQMLRLPHGGFEF56DB,海天段,12.07,都市：住,100000,380,持分移轉,03590000
RPSQMLRLPHGGFEF56DB,海天段,4.40,都市：住,100000,380,持分移轉,03590006
RPXQMLRLPHGGFEF07DB,海天段,12.01,都市：住,100000,378,持分移轉,03590000
RPXQMLRLPHGGFEF07DB,海天段,4.38,都市：住,100000,378,持分移轉,03590006
RPUQMLRLPHGGFEF76DB,海天段,11.08,都市：住,100000,349,持分移轉,03590000
RPUQMLRLPHGGFEF76DB,海天段,4.04,都市：住,100000,349,持分移轉,03590006
RPPRMLRLPHGGFEF98DB,海天段,12.01,都市：住,100000,378,持分移轉,03590000
RPPRMLRLPHGGFEF98DB,海天段,4.38,都市：住,100000,378,持分移轉,03590006
RPWQMLRLPHGGFEF96DB,海天段,12.07,都市：住,100000,380,持分移轉,03590000
RPWQMLRLPHGGFEF96DB,海天段,4.40,都市：住,100000,380,持分移轉,03590006
RPRRMLRLPHGGFEF56DB,海天段,12.07,都市：住,100000,380,持分移轉,03590000
RPRRMLRLPHGGFEF56DB,海天段,4.40,都市：住,100000,380,持分移轉,03590006
RPQRMLRLPHGGFEF09DB,海天段,11.08,都市：住,100000,349,持分移轉,03590000
RPQRMLRLPHGGFEF09DB,海天段,4.04,都市：住,100000,349,持分移轉,03590006
RPORMLRLPHGGFEF88DB,海天段,12.07,都市：住,100000,380,持分移轉,03590000
RPORMLRLPHGGFEF88DB,海天段,4.40,都市：住,100000,380,持分移轉,03590006
RPTRMLRLPHGGFEF76DB,海天段,12.07,都市：住,100000,380,持分移轉,03590000
RPTRMLRLPHGGFEF76DB,海天段,4.40,都市：住,100000,380,持分移轉,03590006
RPURMLRLPHGGFEF86DB,海天段,12.01,都市：住,100000,378,持分移轉,03590000
RPURMLRLPHGGFEF86DB,海天段,4.38,都市：住,100000,378,持分移轉,03590006
RPSRMLRLPHGGFEF66DB,海天段,12.07,都市：住,100000,380,持分移轉,03590000
RPSRMLRLPHGGFEF66DB,海天段,4.40,都市：住,100000,380,持分移轉,03590006
RPXRMLRLPHGGFEF17DB,海天段,20.96,都市：住,100000,660,持分移轉,03590000
RPXRMLRLPHGGFEF17DB,海天段,7.64,都市：住,100000,660,持分移轉,03590006
RPVRMLRLPHGGFEF96DB,海天段,12.07,都市：住,100000,380,持分移轉,03590000
RPWRMLRLPHGGFEF07DB,海天段,12.07,都市：住,100000,380,持分移轉,03590000
RPVRMLRLPHGGFEF96DB,海天段,4.40,都市：住,100000,380,持分移轉,03590006
RPWRMLRLPHGGFEF07DB,海天段,4.40,都市：住,100000,380,持分移轉,03590006
RPOSMLRLPHGGFEF98DB,海天段,20.96,都市：住,100000,660,持分移轉,03590000
RPOSMLRLPHGGFEF98DB,海天段,7.64,都市：住,100000,660,持分移轉,03590006
RPRSMLRLPHGGFEF66DB,海天段,21.06,都市：住,100000,663,持分移轉,03590000
RPRSMLRLPHGGFEF66DB,海天段,7.68,都市：住,100000,663,持分移轉,03590006
RPPSMLRLPHGGFEF09DB,海天段,20.96,都市：住,100000,660,持分移轉,03590000
RPPSMLRLPHGGFEF09DB,海天段,7.64,都市：住,100000,660,持分移轉,03590006
RPQSMLRLPHGGFEF56DB,海天段,20.96,都市：住,100000,660,持分移轉,03590000
RPQSMLRLPHGGFEF56DB,海天段,7.64,都市：住,100000,660,持分移轉,03590006
RPTSMLRLPHGGFEF86DB,海天段,20.90,都市：住,100000,658,持分移轉,03590000
RPTSMLRLPHGGFEF86DB,海天段,7.62,都市：住,100000,658,持分移轉,03590006
RPWSMLRLPHGGFEF17DB,海天段,20.65,都市：住,100000,650,持分移轉,03590000
RPWSMLRLPHGGFEF17DB,海天段,7.53,都市：住,100000,650,持分移轉,03590006
RPSSMLRLPHGGFEF76DB,海天段,20.96,都市：住,100000,660,持分移轉,03590000
RPSSMLRLPHGGFEF76DB,海天段,7.64,都市：住,100000,660,持分移轉,03590006
RPVSMLRLPHGGFEF07DB,海天段,20.96,都市：住,100000,660,持分移轉,03590000
RPVSMLRLPHGGFEF07DB,海天段,7.64,都市：住,100000,660,持分移轉,03590006
RPXSMLRLPHGGFEF27DB,海天段,20.74,都市：住,100000,653,持分移轉,03590000
RPXSMLRLPHGGFEF27DB,海天段,7.56,都市：住,100000,653,持分移轉,03590006
RPUSMLRLPHGGFEF96DB,海天段,20.96,都市：住,100000,660,持分移轉,03590000
RPUSMLRLPHGGFEF96DB,海天段,7.64,都市：住,100000,660,持分移轉,03590006
RPPTMLRLPHGGFEF56DB,海天段,19.76,都市：住,100000,622,持分移轉,03590000
RPPTMLRLPHGGFEF56DB,海天段,7.20,都市：住,100000,622,持分移轉,03590006
RPQTMLRLPHGGFEF66DB,海天段,20.74,都市：住,100000,653,持分移轉,03590000
RPQTMLRLPHGGFEF66DB,海天段,7.56,都市：住,100000,653,持分移轉,03590006
RPOTMLRLPHGGFEF09DB,海天段,20.74,都市：住,100000,653,持分移轉,03590000
RPRTMLRLPHGGFEF76DB,海天段,20.74,都市：住,100000,653,持分移轉,03590000
RPOTMLRLPHGGFEF09DB,海天段,7.56,都市：住,100000,653,持分移轉,03590006
RPRTMLRLPHGGFEF76DB,海天段,7.56,都市：住,100000,653,持分移轉,03590006
RPSTMLRLPHGGFEF86DB,海天段,20.65,都市：住,100000,650,持分移轉,03590000
RPSTMLRLPHGGFEF86DB,海天段,7.53,都市：住,100000,650,持分移轉,03590006
RPUTMLRLPHGGFEF07DB,海天段,11.08,都市：住,100000,349,持分移轉,03590000
RPUTMLRLPHGGFEF07DB,海天段,4.04,都市：住,100000,349,持分移轉,03590006
RPTTMLRLPHGGFEF96DB,海天段,12.07,都市：住,100000,380,持分移轉,03590000
RPTTMLRLPHGGFEF96DB,海天段,4.40,都市：住,100000,380,持分移轉,03590006
RPVTMLRLPHGGFEF17DB,海天段,12.07,都市：住,100000,380,持分移轉,03590000
RPVTMLRLPHGGFEF17DB,海天段,4.40,都市：住,100000,380,持分移轉,03590006
RPWTMLRLPHGGFEF27DB,海天段,12.01,都市：住,100000,378,持分移轉,03590000
RPWTMLRLPHGGFEF27DB,海天段,4.38,都市：住,100000,378,持分移轉,03590006
RPXTMLRLPHGGFEF37DB,海天段,12.07,都市：住,100000,380,持分移轉,03590000
RPXTMLRLPHGGFEF37DB,海天段,4.40,都市：住,100000,380,持分移轉,03590006
RPPUMLRLPHGGFEF66DB,海天段,12.07,都市：住,100000,380,持分移轉,03590000
RPPUMLRLPHGGFEF66DB,海天段,4.40,都市：住,100000,380,持分移轉,03590006
RPOUMLRLPHGGFEF56DB,海天段,12.07,都市：住,100000,380,持分移轉,03590000
RPOUMLRLPHGGFEF56DB,海天段,4.40,都市：住,100000,380,持分移轉,03590006
RPRUMLRLPHGGFEF86DB,海天段,12.07,都市：住,100000,380,持分移轉,03590000
RPRUMLRLPHGGFEF86DB,海天段,4.40,都市：住,100000,380,持分移轉,03590006
RPQUMLRLPHGGFEF76DB,海天段,12.07,都市：住,100000,380,持分移轉,03590000
RPQUMLRLPHGGFEF76DB,海天段,4.40,都市：住,100000,380,持分移轉,03590006
RPSUMLRLPHGGFEF96DB,海天段,12.07,都市：住,100000,380,持分移轉,03590000
RPSUMLRLPHGGFEF96DB,海天段,4.40,都市：住,100000,380,持分移轉,03590006
RPTUMLRLPHGGFEF07DB,海天段,12.07,都市：住,100000,380,持分移轉,03590000
RPTUMLRLPHGGFEF07DB,海天段,4.40,都市：住,100000,380,持分移轉,03590006
RPVUMLRLPHGGFEF27DB,海天段,12.07,都市：住,100000,380,持分移轉,03590000
RPVUMLRLPHGGFEF27DB,海天段,4.40,都市：住,100000,380,持分移轉,03590006
RPWUMLRLPHGGFEF37DB,海天段,12.07,都市：住,100000,380,持分移轉,03590000
RPWUMLRLPHGGFEF37DB,海天段,4.40,都市：住,100000,380,持分移轉,03590006
RPXUMLRLPHGGFEF47DB,海天段,12.07,都市：住,100000,380,持分移轉,03590000
RPXUMLRLPHGGFEF47DB,海天段,4.40,都市：住,100000,380,持分移轉,03590006
RPOVMLRLPHGGFEF66DB,海天段,12.07,都市：住,100000,380,持分移轉,03590000
RPOVMLRLPHGGFEF66DB,海天段,4.40,都市：住,100000,380,持分移轉,03590006
RPPVMLRLPHGGFEF76DB,海天段,12.07,都市：住,100000,380,持分移轉,03590000
RPPVMLRLPHGGFEF76DB,海天段,4.40,都市：住,100000,380,持分移轉,03590006
RPRVMLRLPHGGFEF96DB,海天段,12.07,都市：住,100000,380,持分移轉,03590000
RPRVMLRLPHGGFEF96DB,海天段,4.40,都市：住,100000,380,持分移轉,03590006
RPQVMLRLPHGGFEF86DB,海天段,12.07,都市：住,100000,380,持分移轉,03590000
RPQVMLRLPHGGFEF86DB,海天段,4.40,都市：住,100000,380,持分移轉,03590006
RPSVMLRLPHGGFEF07DB,海天段,12.01,都市：住,100000,378,持分移轉,03590000
RPSVMLRLPHGGFEF07DB,海天段,4.38,都市：住,100000,378,持分移轉,03590006
RPUVMLRLPHGGFEF27DB,海天段,18.87,都市：住,100000,594,持分移轉,03590000
RPUVMLRLPHGGFEF27DB,海天段,6.88,都市：住,100000,594,持分移轉,03590006
RPVVMLRLPHGGFEF37DB,海天段,18.87,都市：住,100000,594,持分移轉,03590000
RPTVMLRLPHGGFEF17DB,海天段,18.87,都市：住,100000,594,持分移轉,03590000
RPVVMLRLPHGGFEF37DB,海天段,6.88,都市：住,100000,594,持分移轉,03590006
RPTVMLRLPHGGFEF17DB,海天段,6.88,都市：住,100000,594,持分移轉,03590006
RPWVMLRLPHGGFEF47DB,海天段,18.87,都市：住,100000,594,持分移轉,03590000
RPWVMLRLPHGGFEF47DB,海天段,6.88,都市：住,100000,594,持分移轉,03590006
RPXVMLRLPHGGFEF57DB,海天段,18.87,都市：住,100000,594,持分移轉,03590000
RPXVMLRLPHGGFEF57DB,海天段,6.88,都市：住,100000,594,持分移轉,03590006
RPOWMLRLPHGGFEF76DB,海天段,18.87,都市：住,100000,594,持分移轉,03590000
RPOWMLRLPHGGFEF76DB,海天段,6.88,都市：住,100000,594,持分移轉,03590006
RPPWMLRLPHGGFEF86DB,海天段,18.87,都市：住,100000,594,持分移轉,03590000
RPPWMLRLPHGGFEF86DB,海天段,6.88,都市：住,100000,594,持分移轉,03590006
RPQWMLRLPHGGFEF96DB,海天段,18.87,都市：住,100000,594,持分移轉,03590000
RPQWMLRLPHGGFEF96DB,海天段,6.88,都市：住,100000,594,持分移轉,03590006
RPSWMLRLPHGGFEF17DB,海天段,14.86,都市：住,100000,468,持分移轉,03590000
RPSWMLRLPHGGFEF17DB,海天段,5.42,都市：住,100000,468,持分移轉,03590006
RPRWMLRLPHGGFEF07DB,海天段,14.86,都市：住,100000,468,持分移轉,03590000
RPRWMLRLPHGGFEF07DB,海天段,5.42,都市：住,100000,468,持分移轉,03590006
RPUWMLRLPHGGFEF37DB,海天段,14.86,都市：住,100000,468,持分移轉,03590000
RPUWMLRLPHGGFEF37DB,海天段,5.42,都市：住,100000,468,持分移轉,03590006
RPTWMLRLPHGGFEF27DB,海天段,14.86,都市：住,100000,468,持分移轉,03590000
RPTWMLRLPHGGFEF27DB,海天段,5.42,都市：住,100000,468,持分移轉,03590006
RPWWMLRLPHGGFEF57DB,海天段,14.86,都市：住,100000,468,持分移轉,03590000
RPWWMLRLPHGGFEF57DB,海天段,5.42,都市：住,100000,468,持分移轉,03590006
RPXWMLRLPHGGFEF67DB,海天段,14.86,都市：住,100000,468,持分移轉,03590000
RPXWMLRLPHGGFEF67DB,海天段,5.42,都市：住,100000,468,持分移轉,03590006
RPONNLRLPHGGFEF58DB,海天段,14.80,都市：住,100000,466,持分移轉,03590000
RPONNLRLPHGGFEF58DB,海天段,5.40,都市：住,100000,466,持分移轉,03590006
RPPNNLRLPHGGFEF68DB,海天段,14.86,都市：住,100000,468,持分移轉,03590000
RPPNNLRLPHGGFEF68DB,海天段,5.42,都市：住,100000,468,持分移轉,03590006
RPQNNLRLPHGGFEF78DB,海天段,20.23,都市：住,100000,637,持分移轉,03590000
RPQNNLRLPHGGFEF78DB,海天段,7.38,都市：住,100000,637,持分移轉,03590006
RPRNNLRLPHGGFEF88DB,海天段,12.07,都市：住,100000,380,持分移轉,03590000
RPTNNLRLPHGGFEF09DB,海天段,12.07,都市：住,100000,380,持分移轉,03590000
RPRNNLRLPHGGFEF88DB,海天段,4.40,都市：住,100000,380,持分移轉,03590006
RPTNNLRLPHGGFEF09DB,海天段,4.40,都市：住,100000,380,持分移轉,03590006
RPSNNLRLPHGGFEF98DB,海天段,12.07,都市：住,100000,380,持分移轉,03590000
RPSNNLRLPHGGFEF98DB,海天段,4.40,都市：住,100000,380,持分移轉,03590006
RPUNNLRLPHGGFEF56DB,海天段,18.80,都市：住,100000,592,持分移轉,03590000
RPUNNLRLPHGGFEF56DB,海天段,6.86,都市：住,100000,592,持分移轉,03590006
RPPNMLSLPHGGFEF58CB,淡海段,25.56,都市：住,100000,2705,持分移轉,01990000
RPVNNLRLPHGGFEF66DB,海天段,18.80,都市：住,100000,592,持分移轉,03590000
RPVNNLRLPHGGFEF66DB,海天段,6.86,都市：住,100000,592,持分移轉,03590006
RPPNMLSLPHGGFGF88DB,正義段,12.44,都市：住,100000,848,持分移轉,01480000
RPPNMLSLPHGGFGF88DB,正義段,1.42,都市：住,100000,848,持分移轉,01490000
RPPNMLSLPHGGFGF88DB,正義段,3.54,都市：住,100000,848,持分移轉,01590000
RPQNMLSLPHGGFEF68CB,淡海段,24.42,都市：住,100000,2585,持分移轉,01990000
RPRNMLSLPHGGFEF78CB,淡海段,24.42,都市：住,100000,2585,持分移轉,01990000
RPTNMLSLPHGGFEF98CB,淡海段,25.94,都市：住,100000,2745,持分移轉,01990000
RPSNMLSLPHGGFEF88CB,淡海段,38.62,都市：住,100000,4087,持分移轉,01990000
RPUNMLSLPHGGFEF09CB,淡海段,24.42,都市：住,100000,2585,持分移轉,01990000
RPVNMLSLPHGGFEF56CB,淡海段,24.42,都市：住,100000,2585,持分移轉,01990000
RPWNMLSLPHGGFEF66CB,淡海段,25.56,都市：住,100000,2705,持分移轉,01990000
RPXNMLSLPHGGFEF76CB,淡海段,23.85,都市：住,100000,2524,持分移轉,01990000
RPOOMLSLPHGGFEF58CB,淡海段,45.32,都市：住,100000,4797,持分移轉,01990000
RPPOMLSLPHGGFEF68CB,淡海段,48.55,都市：住,100000,5138,持分移轉,01990000
RPQOMLSLPHGGFEF78CB,淡海段,23.85,都市：住,100000,2524,持分移轉,01990000
RPROMLSLPHGGFEF88CB,淡海段,23.85,都市：住,100000,2524,持分移轉,01990000
RPSOMLSLPHGGFEF98CB,淡海段,38.11,都市：住,100000,4034,持分移轉,01990000
RPTOMLSLPHGGFEF09CB,淡海段,25.14,都市：住,100000,2661,持分移轉,01990000
RPUOMLSLPHGGFEF56CB,淡海段,25.14,都市：住,100000,2661,持分移轉,01990000
RPXOMLSLPHGGFEF86CB,中庄段,33.13,都市：住,10000,116,持分移轉,00090000
RPOPMLSLPHGGFEF68CB,中庄段,22.85,都市：住,10000,80,持分移轉,00090000
RPVOMLSLPHGGFEF66CB,中庄段,22.85,都市：住,10000,80,持分移轉,00090000
RPPPMLSLPHGGFEF78CB,中庄段,22.85,都市：住,10000,80,持分移轉,00090000
RPQPMLSLPHGGFEF88CB,中庄段,22.85,都市：住,10000,80,持分移轉,00090000
RPRPMLSLPHGGFEF98CB,中庄段,24.56,都市：住,10000,86,持分移轉,00090000
RPSPMLSLPHGGFEF09CB,中庄段,34.84,都市：住,10000,122,持分移轉,00090000
RPQNMLSLPHGGFGF88CB,仁信段,22.36,都市：住,100000,1057,持分移轉,01080000
RPSNMLSLPHGGFGF09CB,仁信段,22.36,都市：住,100000,1057,持分移轉,01080000
RPPNMLSLPHGGFGF78CB,大安段,6.86,都市：住,100000,208,持分移轉,05630000
RPRNMLSLPHGGFGF98CB,仁信段,22.36,都市：住,100000,1057,持分移轉,01080000
RPUNMLSLPHGGFGF66CB,仁信段,8.44,都市：住,1000000,10736,持分移轉,00010000
RPUNMLSLPHGGFGF66CB,仁信段,7.72,都市：住,1000000,10736,持分移轉,00020000
RPTNMLSLPHGGFGF56CB,仁信段,22.36,都市：住,100000,1057,持分移轉,01080000
RPVNMLSLPHGGFGF76CB,仁信段,22.36,都市：住,100000,1057,持分移轉,01080000
RPWNMLSLPHGGFGF86CB,仁信段,22.36,都市：住,100000,1057,持分移轉,01080000
RPXNMLSLPHGGFGF96CB,仁信段,24.25,都市：住,100000,1146,持分移轉,01080000
RPPOMLSLPHGGFGF88CB,仁信段,22.45,都市：住,100000,1061,持分移轉,01080000
RPOOMLSLPHGGFGF78CB,仁信段,22.45,都市：住,100000,1061,持分移轉,01080000
RPQOMLSLPHGGFGF98CB,仁信段,22.45,都市：住,100000,1061,持分移轉,01080000
RPROMLSLPHGGFGF09CB,仁信段,22.45,都市：住,100000,1061,持分移轉,01080000
RPSOMLSLPHGGFGF56CB,仁信段,22.45,都市：住,100000,1061,持分移轉,01080000
RPTOMLSLPHGGFGF66CB,仁信段,22.45,都市：住,100000,1061,持分移轉,01080000
RPUOMLSLPHGGFGF76CB,仁信段,22.45,都市：住,100000,1061,持分移轉,01080000
RPPNMLSLPHGGFCF38CB,寶強段,4.53,都市：住,100000,948,持分移轉,11590000
RPPNMLSLPHGGFCF38CB,寶強段,7.06,都市：商,100000,948,持分移轉,11640000
RPPNMLSLPHGGFAF18CB,員和段,6.49,都市：住,1000000,638,持分移轉,01230004
RPPNMLSLPHGGFAF18CB,員和段,6.14,都市：住,1000000,638,持分移轉,01230011
RPPNMLSLPHGGFAF18CB,員和段,.14,都市：住,1000000,638,持分移轉,01270000
RPPNMLSLPHGGFAF18CB,員和段,.04,都市：住,1000000,638,持分移轉,01280000
RPVNMLSLPHGGFAF78CB,頂福段,4.64,都市：住,100000,3909,持分移轉,10860000
RPVNMLSLPHGGFAF78CB,頂福段,5.58,都市：住,100000,3909,持分移轉,10870000
RPVNMLSLPHGGFAF78CB,頂福段,.77,都市：住,100000,3909,持分移轉,10880000
RPVNMLSLPHGGFAF78CB,頂福段,10.97,都市：住,100000,3909,持分移轉,10890000
RPVOMLSLPHGGFAF88CB,民族段,9.43,都市：住,100000,219,持分移轉,13720000
RPQOMLSLPHGGFAF38CB,江翠段,7.81,都市：商,10000,68,持分移轉,00120000
RPQOMLSLPHGGFAF38CB,江翠段,1.88,都市：商,10000,68,持分移轉,00130000
RPWOMLSLPHGGFAF98CB,民族段,9.39,都市：住,100000,218,持分移轉,13720000
RPXOMLSLPHGGFAF09CB,民族段,9.43,都市：住,100000,219,持分移轉,13720000
RPPPMLSLPHGGFAF38CB,民族段,9.35,都市：住,100000,217,持分移轉,13720000
RPQPMLSLPHGGFAF48CB,民族段,9.43,都市：住,100000,219,持分移轉,13720000
RPOPMLSLPHGGFAF28CB,民族段,9.39,都市：住,100000,218,持分移轉,13720000
RPSNMLSLPHGGFBF58CB,副都心段一小段,14.69,都市：住,100000,746,持分移轉,01240000
RPWNMLSLPHGGFBF98CB,副都心段一小段,14.69,都市：住,100000,746,持分移轉,01240000
RPUNMLSLPHGGFBF78CB,副都心段一小段,14.69,都市：住,100000,746,持分移轉,01240000
RPQOMLSLPHGGFBF48CB,副都心段一小段,14.69,都市：住,100000,746,持分移轉,01240000
RPOOMLSLPHGGFBF28CB,副都心段一小段,14.69,都市：住,100000,746,持分移轉,01240000
RPUOMLSLPHGGFBF88CB,副都心段一小段,14.69,都市：住,100000,746,持分移轉,01240000
RPSOMLSLPHGGFBF68CB,副都心段一小段,14.69,都市：住,100000,746,持分移轉,01240000
RPOPMLSLPHGGFBF38CB,副都心段一小段,14.69,都市：住,100000,746,持分移轉,01240000
RPWOMLSLPHGGFBF09CB,副都心段一小段,14.69,都市：住,100000,746,持分移轉,01240000
RPRPMLSLPHGGFBF68CB,副都心段一小段,14.69,都市：住,100000,746,持分移轉,01240000
RPWPMLSLPHGGFBF56CB,副都心段一小段,14.69,都市：住,100000,746,持分移轉,01240000
RPTPMLSLPHGGFBF88CB,副都心段一小段,14.69,都市：住,100000,746,持分移轉,01240000
RPPQMLSLPHGGFBF58CB,副都心段一小段,14.69,都市：住,100000,746,持分移轉,01240000
RPXRMLSLPHGGFBF86CB,副都心段一小段,21.82,都市：住,100000,1108,持分移轉,01240000
RPVSMLSLPHGGFBF76CB,副都心段一小段,21.82,都市：住,100000,1108,持分移轉,01240000
RPTSMLSLPHGGFBF56CB,副都心段一小段,21.82,都市：住,100000,1108,持分移轉,01240000
RPWRMLSLPHGGFBF76CB,副都心段一小段,21.82,都市：住,100000,1108,持分移轉,01240000
RPTTMLSLPHGGFBF66CB,副都心段一小段,21.82,都市：住,100000,1108,持分移轉,01240000
RPQSMLSLPHGGFBF88CB,副都心段一小段,21.82,都市：住,100000,1108,持分移轉,01240000
RPPTMLSLPHGGFBF88CB,副都心段一小段,21.82,都市：住,100000,1108,持分移轉,01240000
RPUUMLSLPHGGFBF86CB,副都心段一小段,21.82,都市：住,100000,1108,持分移轉,01240000
RPXTMLSLPHGGFBF07CB,副都心段一小段,21.82,都市：住,100000,1108,持分移轉,01240000
RPWWMLSLPHGGFBF27CB,副都心段一小段,21.82,都市：住,100000,1108,持分移轉,01240000
RPQVMLSLPHGGFBF56CB,副都心段一小段,21.82,都市：住,100000,1108,持分移轉,01240000
RPUNNLSLPHGGFBF88CB,副都心段一小段,21.82,都市：住,100000,1108,持分移轉,01240000
RPUVNLSLPHGGFBF07CB,麗林段,24.70,都市：住,100000,965,持分移轉,03160000
RPPNNLSLPHGGFBF38CB,副都心段一小段,21.82,都市：住,100000,1108,持分移轉,01240000
RPUWNLSLPHGGFBF17CB,麗林段,24.70,都市：住,100000,965,持分移轉,03160000
RPPWNLSLPHGGFBF66CB,麗林段,24.70,都市：住,100000,965,持分移轉,03160000
RPSWNLSLPHGGFBF96CB,麗林段,24.70,都市：住,100000,965,持分移轉,03160000
RPWWNLSLPHGGFBF37CB,麗林段,24.70,都市：住,100000,965,持分移轉,03160000
RPXWNLSLPHGGFBF47CB,中原段,3.83,都市：住,10000,53,持分移轉,01060000
RPXWNLSLPHGGFBF47CB,中原段,4.14,都市：住,10000,53,持分移轉,01080000
RPXWNLSLPHGGFBF47CB,中原段,2.66,都市：住,10000,53,持分移轉,01090000
RPXWNLSLPHGGFBF47CB,中原段,3.23,都市：住,10000,53,持分移轉,01090001
RPQOOLSLPHGGFBF68CB,中原段,3.54,都市：住,10000,49,持分移轉,01060000
RPQOOLSLPHGGFBF68CB,中原段,3.82,都市：住,10000,49,持分移轉,01080000
RPQOOLSLPHGGFBF68CB,中原段,2.46,都市：住,10000,49,持分移轉,01090000
RPQOOLSLPHGGFBF68CB,中原段,2.99,都市：住,10000,49,持分移轉,01090001
RPUNOLSLPHGGFBF98CB,麗林段,24.80,都市：住,100000,969,持分移轉,03160000
RPVNOLSLPHGGFBF09CB,中原段,3.40,都市：住,10000,47,持分移轉,01060000
RPPNOLSLPHGGFBF48CB,中原段,3.83,都市：住,10000,53,持分移轉,01060000
RPVNOLSLPHGGFBF09CB,中原段,3.67,都市：住,10000,47,持分移轉,01080000
RPPNOLSLPHGGFBF48CB,中原段,4.14,都市：住,10000,53,持分移轉,01080000
RPVNOLSLPHGGFBF09CB,中原段,2.36,都市：住,10000,47,持分移轉,01090000
RPPNOLSLPHGGFBF48CB,中原段,2.66,都市：住,10000,53,持分移轉,01090000
RPVNOLSLPHGGFBF09CB,中原段,2.87,都市：住,10000,47,持分移轉,01090001
RPPNOLSLPHGGFBF48CB,中原段,3.23,都市：住,10000,53,持分移轉,01090001
RPSOOLSLPHGGFBF88CB,麗林段,24.80,都市：住,100000,969,持分移轉,03160000
RPUOOLSLPHGGFBF09CB,中原段,3.47,都市：住,10000,48,持分移轉,01060000
RPUOOLSLPHGGFBF09CB,中原段,3.75,都市：住,10000,48,持分移轉,01080000
RPWOOLSLPHGGFBF66CB,麗林段,24.80,都市：住,100000,969,持分移轉,03160000
RPUOOLSLPHGGFBF09CB,中原段,2.41,都市：住,10000,48,持分移轉,01090000
RPUOOLSLPHGGFBF09CB,中原段,2.93,都市：住,10000,48,持分移轉,01090001
RPSPOLSLPHGGFBF98CB,中原段,3.62,都市：住,10000,50,持分移轉,01060000
RPSPOLSLPHGGFBF98CB,中原段,3.90,都市：住,10000,50,持分移轉,01080000
RPSPOLSLPHGGFBF98CB,中原段,2.51,都市：住,10000,50,持分移轉,01090000
RPSPOLSLPHGGFBF98CB,中原段,3.05,都市：住,10000,50,持分移轉,01090001
RPPPOLSLPHGGFBF68CB,中原段,3.62,都市：住,10000,50,持分移轉,01060000
RPPPOLSLPHGGFBF68CB,中原段,3.90,都市：住,10000,50,持分移轉,01080000
RPPPOLSLPHGGFBF68CB,中原段,2.51,都市：住,10000,50,持分移轉,01090000
RPPPOLSLPHGGFBF68CB,中原段,3.05,都市：住,10000,50,持分移轉,01090001
RPVUOLSLPHGGFBF17CB,副都心段一小段,20.64,都市：住,100000,1048,持分移轉,01240000
RPUPOLSLPHGGFBF56CB,麗林段,24.80,都市：住,100000,969,持分移轉,03160000
RPQQOLSLPHGGFBF88CB,中原段,3.83,都市：住,10000,53,持分移轉,01060000
RPQQOLSLPHGGFBF88CB,中原段,4.14,都市：住,10000,53,持分移轉,01080000
RPQQOLSLPHGGFBF88CB,中原段,2.66,都市：住,10000,53,持分移轉,01090000
RPQQOLSLPHGGFBF88CB,中原段,3.23,都市：住,10000,53,持分移轉,01090001
RPSVOLSLPHGGFBF96CB,副都心段一小段,20.64,都市：住,100000,1048,持分移轉,01240000
RPOVOLSLPHGGFBF56CB,副都心段一小段,20.64,都市：住,100000,1048,持分移轉,01240000
RPTQOLSLPHGGFBF56CB,中原段,3.83,都市：住,10000,53,持分移轉,01060000
RPTQOLSLPHGGFBF56CB,中原段,4.14,都市：住,10000,53,持分移轉,01080000
RPTQOLSLPHGGFBF56CB,中原段,2.66,都市：住,10000,53,持分移轉,01090000
RPWQOLSLPHGGFBF86CB,中原段,3.62,都市：住,10000,50,持分移轉,01060000
RPTQOLSLPHGGFBF56CB,中原段,3.23,都市：住,10000,53,持分移轉,01090001
RPQVOLSLPHGGFBF76CB,副都心段一小段,20.64,都市：住,100000,1048,持分移轉,01240000
RPWQOLSLPHGGFBF86CB,中原段,3.90,都市：住,10000,50,持分移轉,01080000
RPWQOLSLPHGGFBF86CB,中原段,2.51,都市：住,10000,50,持分移轉,01090000
RPWQOLSLPHGGFBF86CB,中原段,3.05,都市：住,10000,50,持分移轉,01090001
RPTNPLSLPHGGFBF98CB,中原段,3.83,都市：住,10000,53,持分移轉,01060000
RPTNPLSLPHGGFBF98CB,中原段,4.14,都市：住,10000,53,持分移轉,01080000
RPTNPLSLPHGGFBF98CB,中原段,2.66,都市：住,10000,53,持分移轉,01090000
RPTNPLSLPHGGFBF98CB,中原段,3.23,都市：住,10000,53,持分移轉,01090001
RPXNPLSLPHGGFBF76CB,副都心段一小段,20.64,都市：住,100000,1048,持分移轉,01240000
RPVNPLSLPHGGFBF56CB,副都心段一小段,20.64,都市：住,100000,1048,持分移轉,01240000
RPVOPLSLPHGGFBF66CB,副都心段一小段,20.64,都市：住,100000,1048,持分移轉,01240000
RPROPLSLPHGGFBF88CB,副都心段一小段,20.64,都市：住,100000,1048,持分移轉,01240000
RPTOPLSLPHGGFBF09CB,副都心段一小段,20.64,都市：住,100000,1048,持分移轉,01240000
RPWOPLSLPHGGFBF76CB,中原段,3.62,都市：住,10000,50,持分移轉,01060000
RPWOPLSLPHGGFBF76CB,中原段,3.90,都市：住,10000,50,持分移轉,01080000
RPWOPLSLPHGGFBF76CB,中原段,2.51,都市：住,10000,50,持分移轉,01090000
RPWOPLSLPHGGFBF76CB,中原段,3.05,都市：住,10000,50,持分移轉,01090001
RPQPPLSLPHGGFBF88CB,副都心段一小段,20.64,都市：住,100000,1048,持分移轉,01240000
RPOPPLSLPHGGFBF68CB,副都心段一小段,20.64,都市：住,100000,1048,持分移轉,01240000
RPPOPLSLPHGGFBF68CB,副都心段一小段,20.64,都市：住,100000,1048,持分移轉,01240000
RPUPPLSLPHGGFBF66CB,副都心段一小段,20.64,都市：住,100000,1048,持分移轉,01240000
RPRPMLTLPHGGFBF78CB,副都心段一小段,14.83,都市：住,100000,753,持分移轉,01240000
RPXNMLTLPHGGFBF56CB,副都心段一小段,14.81,都市：住,100000,752,持分移轉,01240000
RPTPMLTLPHGGFBF98CB,副都心段一小段,14.83,都市：住,100000,753,持分移轉,01240000
RPSOMLTLPHGGFBF78CB,副都心段一小段,14.81,都市：住,100000,752,持分移轉,01240000
RPVPPLSLPHGGFBF76CB,中原段,3.62,都市：住,10000,50,持分移轉,01060000
RPVPPLSLPHGGFBF76CB,中原段,3.90,都市：住,10000,50,持分移轉,01080000
RPVPPLSLPHGGFBF76CB,中原段,2.51,都市：住,10000,50,持分移轉,01090000
RPVPPLSLPHGGFBF76CB,中原段,3.05,都市：住,10000,50,持分移轉,01090001
RPUOMLTLPHGGFBF98CB,副都心段一小段,14.83,都市：住,100000,753,持分移轉,01240000
RPOPMLTLPHGGFBF48CB,副都心段一小段,14.83,都市：住,100000,753,持分移轉,01240000
RPXPMLTLPHGGFBF76CB,副都心段一小段,14.83,都市：住,100000,753,持分移轉,01240000
RPWPMLTLPHGGFBF66CB,力行段,15.38,都市：商,100000,754,持分移轉,00840000
RPPRMLTLPHGGFBF78CB,副都心段一小段,14.83,都市：住,100000,753,持分移轉,01240000
RPQQMLTLPHGGFBF78CB,副都心段一小段,14.83,都市：住,100000,753,持分移轉,01240000
RPXRMLTLPHGGFBF96CB,副都心段一小段,14.83,都市：住,100000,753,持分移轉,01240000
RPUQMLTLPHGGFBF56CB,副都心段一小段,14.83,都市：住,100000,753,持分移轉,01240000
RPSQMLTLPHGGFBF98CB,副都心段一小段,14.83,都市：住,100000,753,持分移轉,01240000
RPQSMLTLPHGGFBF98CB,副都心段一小段,14.83,都市：住,100000,753,持分移轉,01240000
RPVTMLTLPHGGFBF96CB,全安段,24.77,都市：住,100000,277,持分移轉,10990000
RPSSMLTLPHGGFBF56CB,麗林段,22.96,都市：住,100000,897,持分移轉,03160000
RPQUMLTLPHGGFBF56CB,全安段,24.77,都市：住,100000,277,持分移轉,10990000
RPUUMLTLPHGGFBF96CB,全安段,24.77,都市：住,100000,277,持分移轉,10990000
RPPWMLTLPHGGFBF66CB,全安段,24.77,都市：住,100000,277,持分移轉,10990000
RPXVMLTLPHGGFBF37CB,全安段,24.77,都市：住,100000,277,持分移轉,10990000
RPTWMLTLPHGGFBF07CB,全安段,26.56,都市：住,100000,297,持分移轉,10990000
RPQWMLTLPHGGFBF76CB,全安段,24.77,都市：住,100000,277,持分移轉,10990000
RPUWMLTLPHGGFBF17CB,全安段,26.56,都市：住,100000,297,持分移轉,10990000
RPSNNLTLPHGGFBF78CB,全安段,17.08,都市：住,100000,191,持分移轉,10990000
RPQNNLTLPHGGFBF58CB,全安段,29.42,都市：住,100000,329,持分移轉,10990000
RPWWMLTLPHGGFBF37CB,全安段,24.77,都市：住,100000,277,持分移轉,10990000
RPTNNLTLPHGGFBF88CB,全安段,17.08,都市：住,100000,191,持分移轉,10990000
RPONNLTLPHGGFBF38CB,全安段,26.56,都市：住,100000,297,持分移轉,10990000
RPWONLTLPHGGFBF66CB,全安段,17.08,都市：住,100000,191,持分移轉,10990000
RPPPNLTLPHGGFBF68CB,全安段,17.08,都市：住,100000,191,持分移轉,10990000
RPXONLTLPHGGFBF76CB,全安段,17.08,都市：住,100000,191,持分移轉,10990000
RPXPNLTLPHGGFBF86CB,全安段,17.08,都市：住,100000,191,持分移轉,10990000
RPUPNLTLPHGGFBF56CB,全安段,17.08,都市：住,100000,191,持分移轉,10990000
RPRPNLTLPHGGFBF88CB,全安段,17.08,都市：住,100000,191,持分移轉,10990000
RPSPNLTLPHGGFBF98CB,全安段,17.08,都市：住,100000,191,持分移轉,10990000
RPOQNLTLPHGGFBF68CB,中原段,18.29,都市：住,100000,698,持分移轉,01240000
RPVPNLTLPHGGFBF66CB,全安段,17.08,都市：住,100000,191,持分移轉,10990000
RPWPNLTLPHGGFBF76CB,全安段,17.08,都市：住,100000,191,持分移轉,10990000
RPPQNLTLPHGGFBF78CB,中原段,25.70,都市：住,100000,981,持分移轉,01240000
RPQQNLTLPHGGFBF88CB,中原段,22.04,都市：住,100000,841,持分移轉,01240000
RPPRNLTLPHGGFBF88CB,全安段,11.00,都市：住,100000,123,持分移轉,10990000
RPRQNLTLPHGGFBF98CB,中原段,30.42,都市：住,100000,1161,持分移轉,01240000
RPSQNLTLPHGGFBF09CB,中原段,25.70,都市：住,100000,981,持分移轉,01240000
RPXRNLTLPHGGFBF07CB,全安段,19.31,都市：住,100000,216,持分移轉,10990000
RPVRNLTLPHGGFBF86CB,全安段,19.31,都市：住,100000,216,持分移轉,10990000
RPQSNLTLPHGGFBF09CB,全安段,12.79,都市：住,100000,143,持分移轉,10990000
RPVSNLTLPHGGFBF96CB,副都心段一小段,14.69,都市：住,100000,746,持分移轉,01240000
RPTSNLTLPHGGFBF76CB,副都心段一小段,14.69,都市：住,100000,746,持分移轉,01240000
RPPSNLTLPHGGFBF98CB,全安段,17.08,都市：住,100000,191,持分移轉,10990000
RPSSNLTLPHGGFBF66CB,全安段,12.79,都市：住,100000,143,持分移轉,10990000
RPOTNLTLPHGGFBF98CB,全安段,12.79,都市：住,100000,143,持分移轉,10990000
RPXSNLTLPHGGFBF17CB,副都心段一小段,14.69,都市：住,100000,746,持分移轉,01240000
RPRTNLTLPHGGFBF66CB,副都心段一小段,14.69,都市：住,100000,746,持分移轉,01240000
RPXTNLTLPHGGFBF27CB,副都心段一小段,14.69,都市：住,100000,746,持分移轉,01240000
RPPUNLTLPHGGFBF56CB,副都心段一小段,14.69,都市：住,100000,746,持分移轉,01240000
RPUTNLTLPHGGFBF96CB,副都心段一小段,14.69,都市：住,100000,746,持分移轉,01240000
RPQVNLTLPHGGFBF76CB,副都心段一小段,14.69,都市：住,100000,746,持分移轉,01240000
RPTUNLTLPHGGFBF96CB,副都心段一小段,14.69,都市：住,100000,746,持分移轉,01240000
RPSVNLTLPHGGFBF96CB,副都心段一小段,14.69,都市：住,100000,746,持分移轉,01240000
RPWVNLTLPHGGFBF37CB,副都心段一小段,14.69,都市：住,100000,746,持分移轉,01240000
RPUVNLTLPHGGFBF17CB,副都心段一小段,14.69,都市：住,100000,746,持分移轉,01240000
RPOWNLTLPHGGFBF66CB,副都心段一小段,14.69,都市：住,100000,746,持分移轉,01240000
RPPWNLTLPHGGFBF76CB,力行段,17.44,都市：商,100000,855,持分移轉,00840000
RPQWNLTLPHGGFBF86CB,力行段,17.44,都市：商,100000,855,持分移轉,00840000
RPRWNLTLPHGGFBF96CB,力行段,18.79,都市：商,100000,921,持分移轉,00840000
RPUWNLTLPHGGFBF27CB,力行段,16.42,都市：商,100000,805,持分移轉,00840000
RPTWNLTLPHGGFBF17CB,力行段,14.32,都市：商,100000,702,持分移轉,00840000
RPSWNLTLPHGGFBF07CB,力行段,20.83,都市：商,100000,1021,持分移轉,00840000
RPRNMLTLPHGGFAF48CB,新都段,13.42,都市：住,1000000,8429,持分移轉,00940000
RPRNMLTLPHGGFAF48CB,新都段,.16,都市：住,1000000,8429,持分移轉,00940001
RPQNMLTLPHGGFAF38CB,新都段,13.42,都市：住,1000000,8429,持分移轉,00940000
RPQNMLTLPHGGFAF38CB,新都段,.16,都市：住,1000000,8429,持分移轉,00940001
RPSNMLTLPHGGFAF58CB,新都段,20.21,都市：住,1000000,12693,持分移轉,00940000
RPSNMLTLPHGGFAF58CB,新都段,.24,都市：住,1000000,12693,持分移轉,00940001
RPTNMLTLPHGGFAF68CB,新都段,20.21,都市：住,1000000,12693,持分移轉,00940000
RPTNMLTLPHGGFAF68CB,新都段,.24,都市：住,1000000,12693,持分移轉,00940001
RPUNMLTLPHGGFAF78CB,新都段,12.30,都市：住,1000000,7727,持分移轉,00940000
RPUNMLTLPHGGFAF78CB,新都段,.14,都市：住,1000000,7727,持分移轉,00940001
RPWTMLTLPHGGFAF96CB,頂福段,2.92,都市：住,100000,2463,持分移轉,10860000
RPWTMLTLPHGGFAF96CB,頂福段,3.52,都市：住,100000,2463,持分移轉,10870000
RPWTMLTLPHGGFAF96CB,頂福段,.48,都市：住,100000,2463,持分移轉,10880000
RPWTMLTLPHGGFAF96CB,頂福段,6.92,都市：住,100000,2463,持分移轉,10890000
RPOUMLTLPHGGFAF88CB,頂福段,2.92,都市：住,100000,2463,持分移轉,10860000
RPOUMLTLPHGGFAF88CB,頂福段,3.52,都市：住,100000,2463,持分移轉,10870000
RPOUMLTLPHGGFAF88CB,頂福段,.48,都市：住,100000,2463,持分移轉,10880000
RPOUMLTLPHGGFAF88CB,頂福段,6.92,都市：住,100000,2463,持分移轉,10890000
RPPRMLTLPHGGFAF68CB,新都段,14.46,都市：住,100000,332,持分移轉,01060000
RPTTMLTLPHGGFAF66CB,頂福段,2.21,都市：住,100000,1865,持分移轉,10860000
RPTTMLTLPHGGFAF66CB,頂福段,2.66,都市：住,100000,1865,持分移轉,10870000
RPTTMLTLPHGGFAF66CB,頂福段,.37,都市：住,100000,1865,持分移轉,10880000
RPTTMLTLPHGGFAF66CB,頂福段,5.24,都市：住,100000,1865,持分移轉,10890000
RPOVMLTLPHGGFAF98CB,明德段,.47,都市：住,100000,1760,持分移轉,00470000
RPOVMLTLPHGGFAF98CB,明德段,.47,都市：住,100000,1760,持分移轉,00480000
RPTUMLTLPHGGFAF76CB,頂福段,2.92,都市：住,100000,2463,持分移轉,10860000
RPTUMLTLPHGGFAF76CB,頂福段,3.52,都市：住,100000,2463,持分移轉,10870000
RPTUMLTLPHGGFAF76CB,頂福段,.48,都市：住,100000,2463,持分移轉,10880000
RPTUMLTLPHGGFAF76CB,頂福段,6.92,都市：住,100000,2463,持分移轉,10890000
RPTRNLTLPHGGFAF56CB,江子翠段第二崁小段,7.62,都市：住,100000,520,持分移轉,02330004
RPTRNLTLPHGGFAF56CB,江子翠段第二崁小段,1.30,都市：住,100000,520,持分移轉,02410002
RPTRNLTLPHGGFAF56CB,江子翠段第二崁小段,.11,都市：住,100000,520,持分移轉,02580043
RPTRNLTLPHGGFAF56CB,江子翠段第二崁小段,.09,都市：住,100000,520,持分移轉,02580044
RPTRNLTLPHGGFAF56CB,江子翠段第一崁小段,.11,都市：住,100000,520,持分移轉,01020192
RPWVMLTLPHGGFAF17CB,明德段,.47,都市：住,100000,1760,持分移轉,00470000
RPWVMLTLPHGGFAF17CB,明德段,.47,都市：住,100000,1760,持分移轉,00480000
RPPNMLTLPHGGFCF48CB,斯馨段,16.01,都市：住,100000,250,持分移轉,00280000
RPQNMLTLPHGGFCF58CB,斯馨段,24.40,都市：住,100000,381,持分移轉,00280000
RPUNMLTLPHGGFCF98CB,安城段,4.30,都市：其他:已開發建築密集地區,100000,590,持分移轉,06890000
RPUNMLTLPHGGFCF98CB,安城段,2.73,都市：其他:已開發建築密集地區,100000,590,持分移轉,07170000
RPUNMLTLPHGGFCF98CB,安城段,3.76,都市：其他:已開發建築密集地區,100000,590,持分移轉,07540000
RPUNMLTLPHGGFCF98CB,安城段,10.76,都市：其他:已開發建築密集地區,100000,590,持分移轉,07570000
RPUNMLTLPHGGFCF98CB,安城段,1.99,都市：其他:已開發建築密集地區,100000,590,持分移轉,07580000
RPUNMLTLPHGGFCF98CB,安城段,.14,都市：其他:已開發建築密集地區,100000,590,持分移轉,07600000
RPUNMLTLPHGGFCF98CB,安城段,1.67,都市：其他:已開發建築密集地區,100000,590,持分移轉,07620000
RPUNMLTLPHGGFCF98CB,安城段,12.52,都市：其他:已開發建築密集地區,100000,590,持分移轉,07630000
RPUNMLTLPHGGFCF98CB,安城段,1.72,都市：其他:已開發建築密集地區,100000,590,持分移轉,07640000
RPUNMLTLPHGGFCF98CB,安城段,3.24,都市：其他:已開發建築密集地區,100000,590,持分移轉,07650000
RPUNMLTLPHGGFCF98CB,安城段,.04,都市：其他:已開發建築密集地區,100000,590,持分移轉,07960000
RPUNMLTLPHGGFCF98CB,安城段,.07,都市：其他:已開發建築密集地區,100000,590,持分移轉,07970000
RPUNMLTLPHGGFCF98CB,安城段,.45,都市：其他:已開發建築密集地區,100000,590,持分移轉,07980000
RPUNMLTLPHGGFCF98CB,安城段,.66,都市：其他:已開發建築密集地區,100000,590,持分移轉,07990000
RPTNMLTLPHGGFCF88CB,安城段,4.30,都市：其他:已開發建築密集地區,100000,590,持分移轉,06890000
RPUNMLTLPHGGFCF98CB,安城段,.11,都市：其他:已開發建築密集地區,100000,590,持分移轉,08030000
RPTNMLTLPHGGFCF88CB,安城段,2.73,都市：其他:已開發建築密集地區,100000,590,持分移轉,07170000
RPTNMLTLPHGGFCF88CB,安城段,3.76,都市：其他:已開發建築密集地區,100000,590,持分移轉,07540000
RPTNMLTLPHGGFCF88CB,安城段,10.76,都市：其他:已開發建築密集地區,100000,590,持分移轉,07570000
RPRNMLTLPHGGFCF68CB,斯馨段,16.01,都市：住,100000,250,持分移轉,00280000
RPTNMLTLPHGGFCF88CB,安城段,1.99,都市：其他:已開發建築密集地區,100000,590,持分移轉,07580000
RPTNMLTLPHGGFCF88CB,安城段,.14,都市：其他:已開發建築密集地區,100000,590,持分移轉,07600000
RPTNMLTLPHGGFCF88CB,安城段,1.67,都市：其他:已開發建築密集地區,100000,590,持分移轉,07620000
RPSNMLTLPHGGFCF78CB,安城段,4.30,都市：其他:已開發建築密集地區,100000,590,持分移轉,06890000
RPSNMLTLPHGGFCF78CB,安城段,2.73,都市：其他:已開發建築密集地區,100000,590,持分移轉,07170000
RPTNMLTLPHGGFCF88CB,安城段,12.52,都市：其他:已開發建築密集地區,100000,590,持分移轉,07630000
RPSNMLTLPHGGFCF78CB,安城段,3.76,都市：其他:已開發建築密集地區,100000,590,持分移轉,07540000
RPTNMLTLPHGGFCF88CB,安城段,1.72,都市：其他:已開發建築密集地區,100000,590,持分移轉,07640000
RPSNMLTLPHGGFCF78CB,安城段,10.76,都市：其他:已開發建築密集地區,100000,590,持分移轉,07570000
RPSNMLTLPHGGFCF78CB,安城段,1.99,都市：其他:已開發建築密集地區,100000,590,持分移轉,07580000
RPSNMLTLPHGGFCF78CB,安城段,.14,都市：其他:已開發建築密集地區,100000,590,持分移轉,07600000
RPTNMLTLPHGGFCF88CB,安城段,3.24,都市：其他:已開發建築密集地區,100000,590,持分移轉,07650000
RPSNMLTLPHGGFCF78CB,安城段,1.67,都市：其他:已開發建築密集地區,100000,590,持分移轉,07620000
RPSNMLTLPHGGFCF78CB,安城段,12.52,都市：其他:已開發建築密集地區,100000,590,持分移轉,07630000
RPTNMLTLPHGGFCF88CB,安城段,.04,都市：其他:已開發建築密集地區,100000,590,持分移轉,07960000
RPSNMLTLPHGGFCF78CB,安城段,1.72,都市：其他:已開發建築密集地區,100000,590,持分移轉,07640000
RPSNMLTLPHGGFCF78CB,安城段,3.24,都市：其他:已開發建築密集地區,100000,590,持分移轉,07650000
RPTNMLTLPHGGFCF88CB,安城段,.07,都市：其他:已開發建築密集地區,100000,590,持分移轉,07970000
RPSNMLTLPHGGFCF78CB,安城段,.04,都市：其他:已開發建築密集地區,100000,590,持分移轉,07960000
RPSNMLTLPHGGFCF78CB,安城段,.07,都市：其他:已開發建築密集地區,100000,590,持分移轉,07970000
RPSNMLTLPHGGFCF78CB,安城段,.45,都市：其他:已開發建築密集地區,100000,590,持分移轉,07980000
RPTNMLTLPHGGFCF88CB,安城段,.45,都市：其他:已開發建築密集地區,100000,590,持分移轉,07980000
RPSNMLTLPHGGFCF78CB,安城段,.66,都市：其他:已開發建築密集地區,100000,590,持分移轉,07990000
RPSNMLTLPHGGFCF78CB,安城段,.11,都市：其他:已開發建築密集地區,100000,590,持分移轉,08030000
RPTNMLTLPHGGFCF88CB,安城段,.66,都市：其他:已開發建築密集地區,100000,590,持分移轉,07990000
RPTNMLTLPHGGFCF88CB,安城段,.11,都市：其他:已開發建築密集地區,100000,590,持分移轉,08030000
RPVNMLTLPHGGFCF09CB,安城段,4.52,都市：其他:已開發建築密集地區,100000,621,持分移轉,06890000
RPVNMLTLPHGGFCF09CB,安城段,2.88,都市：其他:已開發建築密集地區,100000,621,持分移轉,07170000
RPVNMLTLPHGGFCF09CB,安城段,3.96,都市：其他:已開發建築密集地區,100000,621,持分移轉,07540000
RPWNMLTLPHGGFCF56CB,安城段,3.74,都市：其他:已開發建築密集地區,100000,513,持分移轉,06890000
RPVNMLTLPHGGFCF09CB,安城段,11.33,都市：其他:已開發建築密集地區,100000,621,持分移轉,07570000
RPWNMLTLPHGGFCF56CB,安城段,2.38,都市：其他:已開發建築密集地區,100000,513,持分移轉,07170000
RPVNMLTLPHGGFCF09CB,安城段,2.10,都市：其他:已開發建築密集地區,100000,621,持分移轉,07580000
RPWNMLTLPHGGFCF56CB,安城段,3.27,都市：其他:已開發建築密集地區,100000,513,持分移轉,07540000
RPVNMLTLPHGGFCF09CB,安城段,.15,都市：其他:已開發建築密集地區,100000,621,持分移轉,07600000
RPWNMLTLPHGGFCF56CB,安城段,9.36,都市：其他:已開發建築密集地區,100000,513,持分移轉,07570000
RPVNMLTLPHGGFCF09CB,安城段,1.75,都市：其他:已開發建築密集地區,100000,621,持分移轉,07620000
RPWNMLTLPHGGFCF56CB,安城段,1.73,都市：其他:已開發建築密集地區,100000,513,持分移轉,07580000
RPVNMLTLPHGGFCF09CB,安城段,13.17,都市：其他:已開發建築密集地區,100000,621,持分移轉,07630000
RPWNMLTLPHGGFCF56CB,安城段,.12,都市：其他:已開發建築密集地區,100000,513,持分移轉,07600000
RPVNMLTLPHGGFCF09CB,安城段,1.81,都市：其他:已開發建築密集地區,100000,621,持分移轉,07640000
RPWNMLTLPHGGFCF56CB,安城段,1.45,都市：其他:已開發建築密集地區,100000,513,持分移轉,07620000
RPVNMLTLPHGGFCF09CB,安城段,3.42,都市：其他:已開發建築密集地區,100000,621,持分移轉,07650000
RPWNMLTLPHGGFCF56CB,安城段,10.88,都市：其他:已開發建築密集地區,100000,513,持分移轉,07630000
RPVNMLTLPHGGFCF09CB,安城段,.04,都市：其他:已開發建築密集地區,100000,621,持分移轉,07960000
RPWNMLTLPHGGFCF56CB,安城段,1.49,都市：其他:已開發建築密集地區,100000,513,持分移轉,07640000
RPVNMLTLPHGGFCF09CB,安城段,.07,都市：其他:已開發建築密集地區,100000,621,持分移轉,07970000
RPWNMLTLPHGGFCF56CB,安城段,2.82,都市：其他:已開發建築密集地區,100000,513,持分移轉,07650000
RPVNMLTLPHGGFCF09CB,安城段,.48,都市：其他:已開發建築密集地區,100000,621,持分移轉,07980000
RPWNMLTLPHGGFCF56CB,安城段,.04,都市：其他:已開發建築密集地區,100000,513,持分移轉,07960000
RPTOMLTLPHGGFCF98CB,斯馨段,26.58,都市：住,100000,415,持分移轉,00280000
RPVNMLTLPHGGFCF09CB,安城段,.70,都市：其他:已開發建築密集地區,100000,621,持分移轉,07990000
RPWNMLTLPHGGFCF56CB,安城段,.06,都市：其他:已開發建築密集地區,100000,513,持分移轉,07970000
RPVNMLTLPHGGFCF09CB,安城段,.11,都市：其他:已開發建築密集地區,100000,621,持分移轉,08030000
RPWNMLTLPHGGFCF56CB,安城段,.40,都市：其他:已開發建築密集地區,100000,513,持分移轉,07980000
RPWNMLTLPHGGFCF56CB,安城段,.57,都市：其他:已開發建築密集地區,100000,513,持分移轉,07990000
RPWNMLTLPHGGFCF56CB,安城段,.09,都市：其他:已開發建築密集地區,100000,513,持分移轉,08030000
RPSOMLTLPHGGFCF88CB,斯馨段,16.08,都市：住,100000,251,持分移轉,00280000
RPUOMLTLPHGGFCF09CB,斯馨段,32.67,都市：住,100000,510,持分移轉,00280000
RPQNMLTLPHGGFGF98CB,三重段,24.33,都市：住,100000,654,持分移轉,03280000
RPRNMLTLPHGGFGF09CB,三重段,17.71,都市：住,100000,476,持分移轉,03280000
RPPNMLTLPHGGFGF88CB,三重段,17.71,都市：住,100000,476,持分移轉,03280000
RPSNMLTLPHGGFGF56CB,三重段,24.33,都市：住,100000,654,持分移轉,03280000
RPTNMLTLPHGGFGF66CB,三重段,17.71,都市：住,100000,476,持分移轉,03280000
RPUNMLTLPHGGFGF76CB,三重段,13.80,都市：住,100000,371,持分移轉,03280000
RPWNMLTLPHGGFGF96CB,三重段,24.33,都市：住,100000,654,持分移轉,03280000
RPVNMLTLPHGGFGF86CB,三重段,17.71,都市：住,100000,476,持分移轉,03280000
RPUNMLTLPHGGFHF86CB,信義段,3.31,都市：其他:商業區，住宅區,10000,69,持分移轉,11360000
RPUNMLTLPHGGFHF86CB,信義段,.08,都市：其他:商業區，住宅區,10000,69,持分移轉,11460001
RPUNMLTLPHGGFHF86CB,信義段,1.10,都市：其他:商業區，住宅區,10000,69,持分移轉,11460000
RPUNMLTLPHGGFHF86CB,信義段,1.29,都市：其他:商業區，住宅區,10000,69,持分移轉,11480000
RPUNMLTLPHGGFHF86CB,信義段,.13,都市：其他:商業區，住宅區,10000,69,持分移轉,11450000
RPUNMLTLPHGGFHF86CB,信義段,.08,都市：其他:商業區，住宅區,10000,69,持分移轉,11350001
RPUNMLTLPHGGFHF86CB,信義段,.75,都市：其他:商業區，住宅區,10000,69,持分移轉,11350000
RPVNMLTLPHGGFHF96CB,信義段,.08,都市：其他:商業區，住宅區,10000,69,持分移轉,11460001
RPVNMLTLPHGGFHF96CB,信義段,1.10,都市：其他:商業區，住宅區,10000,69,持分移轉,11460000
RPVNMLTLPHGGFHF96CB,信義段,1.29,都市：其他:商業區，住宅區,10000,69,持分移轉,11480000
RPVNMLTLPHGGFHF96CB,信義段,.13,都市：其他:商業區，住宅區,10000,69,持分移轉,11450000
RPVNMLTLPHGGFHF96CB,信義段,.08,都市：其他:商業區，住宅區,10000,69,持分移轉,11350001
RPVNMLTLPHGGFHF96CB,信義段,.75,都市：其他:商業區，住宅區,10000,69,持分移轉,11350000
RPVNMLTLPHGGFHF96CB,信義段,3.31,都市：其他:商業區，住宅區,10000,69,持分移轉,11360000
RPOOMLTLPHGGFHF98CB,信義段,.15,都市：其他:商業區，住宅區,10000,139,持分移轉,11350001
RPOOMLTLPHGGFHF98CB,信義段,1.50,都市：其他:商業區，住宅區,10000,139,持分移轉,11350000
RPXNMLTLPHGGFHF17CB,信義段,.08,都市：其他:商業區，住宅區,10000,69,持分移轉,11350001
RPOOMLTLPHGGFHF98CB,信義段,6.66,都市：其他:商業區，住宅區,10000,139,持分移轉,11360000
RPXNMLTLPHGGFHF17CB,信義段,.75,都市：其他:商業區，住宅區,10000,69,持分移轉,11350000
RPOOMLTLPHGGFHF98CB,信義段,.16,都市：其他:商業區，住宅區,10000,139,持分移轉,11460001
RPXNMLTLPHGGFHF17CB,信義段,3.31,都市：其他:商業區，住宅區,10000,69,持分移轉,11360000
RPWNMLTLPHGGFHF07CB,仁和段,12.13,都市：住,10000,92,持分移轉,01500000
RPOOMLTLPHGGFHF98CB,信義段,2.22,都市：其他:商業區，住宅區,10000,139,持分移轉,11460000
RPXNMLTLPHGGFHF17CB,信義段,.08,都市：其他:商業區，住宅區,10000,69,持分移轉,11460001
RPOOMLTLPHGGFHF98CB,信義段,2.60,都市：其他:商業區，住宅區,10000,139,持分移轉,11480000
RPXNMLTLPHGGFHF17CB,信義段,1.10,都市：其他:商業區，住宅區,10000,69,持分移轉,11460000
RPOOMLTLPHGGFHF98CB,信義段,.26,都市：其他:商業區，住宅區,10000,139,持分移轉,11450000
RPXNMLTLPHGGFHF17CB,信義段,1.29,都市：其他:商業區，住宅區,10000,69,持分移轉,11480000
RPXNMLTLPHGGFHF17CB,信義段,.13,都市：其他:商業區，住宅區,10000,69,持分移轉,11450000
RPPOMLTLPHGGFHF09CB,信義段,.12,都市：其他:商業區，住宅區,10000,112,持分移轉,11350001
RPPOMLTLPHGGFHF09CB,信義段,1.21,都市：其他:商業區，住宅區,10000,112,持分移轉,11350000
RPPOMLTLPHGGFHF09CB,信義段,5.37,都市：其他:商業區，住宅區,10000,112,持分移轉,11360000
RPPOMLTLPHGGFHF09CB,信義段,.13,都市：其他:商業區，住宅區,10000,112,持分移轉,11460001
RPPOMLTLPHGGFHF09CB,信義段,1.79,都市：其他:商業區，住宅區,10000,112,持分移轉,11460000
RPPOMLTLPHGGFHF09CB,信義段,2.09,都市：其他:商業區，住宅區,10000,112,持分移轉,11480000
RPPOMLTLPHGGFHF09CB,信義段,.21,都市：其他:商業區，住宅區,10000,112,持分移轉,11450000
RPQOMLTLPHGGFHF56CB,信義段,.15,都市：其他:商業區，住宅區,10000,136,持分移轉,11350001
RPQOMLTLPHGGFHF56CB,信義段,1.47,都市：其他:商業區，住宅區,10000,136,持分移轉,11350000
RPQOMLTLPHGGFHF56CB,信義段,6.52,都市：其他:商業區，住宅區,10000,136,持分移轉,11360000
RPQOMLTLPHGGFHF56CB,信義段,.15,都市：其他:商業區，住宅區,10000,136,持分移轉,11460001
RPQOMLTLPHGGFHF56CB,信義段,2.17,都市：其他:商業區，住宅區,10000,136,持分移轉,11460000
RPQOMLTLPHGGFHF56CB,信義段,2.54,都市：其他:商業區，住宅區,10000,136,持分移轉,11480000
RPQOMLTLPHGGFHF56CB,信義段,.26,都市：其他:商業區，住宅區,10000,136,持分移轉,11450000
RPROMLTLPHGGFHF66CB,信義段,.13,都市：其他:商業區，住宅區,10000,69,持分移轉,11450000
RPROMLTLPHGGFHF66CB,信義段,.08,都市：其他:商業區，住宅區,10000,69,持分移轉,11350001
RPROMLTLPHGGFHF66CB,信義段,.75,都市：其他:商業區，住宅區,10000,69,持分移轉,11350000
RPPNMLTLPHGGFEF68CB,中庄段,22.85,都市：住,10000,80,持分移轉,00090000
RPROMLTLPHGGFHF66CB,信義段,3.31,都市：其他:商業區，住宅區,10000,69,持分移轉,11360000
RPROMLTLPHGGFHF66CB,信義段,.08,都市：其他:商業區，住宅區,10000,69,持分移轉,11460001
RPROMLTLPHGGFHF66CB,信義段,1.10,都市：其他:商業區，住宅區,10000,69,持分移轉,11460000
RPROMLTLPHGGFHF66CB,信義段,1.29,都市：其他:商業區，住宅區,10000,69,持分移轉,11480000
RPSNMLTLPHGGFEF98CB,中庄段,38.84,都市：住,10000,136,持分移轉,00090000
RPQNMLTLPHGGFEF78CB,中庄段,33.13,都市：住,10000,116,持分移轉,00090000
RPTNMLTLPHGGFEF09CB,中庄段,22.85,都市：住,10000,80,持分移轉,00090000
RPUNMLTLPHGGFEF56CB,中庄段,40.84,都市：住,10000,143,持分移轉,00090000
RPWNMLTLPHGGFEF76CB,中庄段,22.85,都市：住,10000,80,持分移轉,00090000
RPVNMLTLPHGGFEF66CB,中庄段,33.13,都市：住,10000,116,持分移轉,00090000
RPXNMLTLPHGGFEF86CB,中庄段,34.84,都市：住,10000,122,持分移轉,00090000
RPQOMLTLPHGGFEF88CB,中庄段,26.56,都市：住,10000,93,持分移轉,00090000
RPPOMLTLPHGGFEF78CB,中庄段,33.13,都市：住,10000,116,持分移轉,00090000
RPPNMLTLPHGGFGF98DB,正義段,14.23,都市：住,100000,970,持分移轉,01480000
RPOOMLTLPHGGFEF68CB,中庄段,24.56,都市：住,10000,86,持分移轉,00090000
RPPNMLTLPHGGFGF98DB,正義段,1.62,都市：住,100000,970,持分移轉,01490000
RPPNMLTLPHGGFGF98DB,正義段,4.05,都市：住,100000,970,持分移轉,01590000
RPROMLTLPHGGFEF98CB,新興段,27.29,都市：住,10000,44,持分移轉,01670000
RPQNMLTLPHGGFGF09DB,正義段,12.44,都市：住,100000,848,持分移轉,01480000
RPQNMLTLPHGGFGF09DB,正義段,1.42,都市：住,100000,848,持分移轉,01490000
RPQNMLTLPHGGFGF09DB,正義段,3.54,都市：住,100000,848,持分移轉,01590000
RPRNMLTLPHGGFEF98DB,正德段,25.56,都市：住,100000,814,持分移轉,07760003
RPRNMLTLPHGGFEF98DB,正德段,.60,都市：住,100000,814,持分移轉,07750000
RPTNMLTLPHGGFEF56DB,龍米段,16.90,都市：住,10000,52,持分移轉,16890000
RPSNMLTLPHGGFEF09DB,正德段,24.71,都市：住,100000,787,持分移轉,07760003
RPSNMLTLPHGGFEF09DB,正德段,.58,都市：住,100000,787,持分移轉,07750000
RPUNMLTLPHGGFEF66DB,龍米段,16.90,都市：住,10000,52,持分移轉,16890000
RPPNMLKMPHGGFEF97DB,龍米段,16.90,都市：住,10000,52,持分移轉,16890000
RPVNMLTLPHGGFEF76DB,龍米段,24.05,都市：住,10000,74,持分移轉,16890000
RPQNMLKMPHGGFGF28DB,正義段,12.44,都市：住,100000,848,持分移轉,01480000
RPQNMLKMPHGGFGF28DB,正義段,1.42,都市：住,100000,848,持分移轉,01490000
RPQNMLKMPHGGFGF28DB,正義段,3.54,都市：住,100000,848,持分移轉,01590000
RPQNMLKMPHGGFIF38CB,大學段一小段,21.27,都市：住,100000,1107,持分移轉,00830000
RPPNMLKMPHGGFIF28CB,大學段一小段,15.93,都市：住,100000,829,持分移轉,00830000
RPRNMLKMPHGGFGF38DB,正義段,17.78,都市：住,100000,1212,持分移轉,01480000
RPRNMLKMPHGGFGF38DB,正義段,2.03,都市：住,100000,1212,持分移轉,01490000
RPRNMLKMPHGGFGF38DB,正義段,5.06,都市：住,100000,1212,持分移轉,01590000
RPSNMLKMPHGGFIF58CB,大學段一小段,23.88,都市：住,100000,1243,持分移轉,00830000
RPRNMLKMPHGGFIF48CB,大學段一小段,24.17,都市：住,100000,1258,持分移轉,00830000
RPQNMLKMPHGGFGF18CB,中民段,9.74,都市：住,10000,120,持分移轉,12090000
RPSNMLKMPHGGFGF38CB,中民段,7.88,都市：住,10000,97,持分移轉,12090000
RPRNMLKMPHGGFGF28CB,中民段,7.39,都市：住,10000,91,持分移轉,12090000
RPQNMLKMPHGGFBF67CB,力行段,.83,都市：商,100000,404,持分移轉,08920000
RPQNMLKMPHGGFBF67CB,力行段,1.36,都市：商,100000,404,持分移轉,08930000
RPOPMLKMPHGGFBF67CB,副都心段一小段,16.92,都市：住,10000,38,持分移轉,02240000
RPQNMLKMPHGGFBF67CB,力行段,1.23,都市：商,100000,404,持分移轉,08940000
RPQNMLKMPHGGFBF67CB,力行段,2.41,都市：商,100000,404,持分移轉,08950000
RPQNMLKMPHGGFBF67CB,力行段,1.69,都市：商,100000,404,持分移轉,08960000
RPQNMLKMPHGGFBF67CB,力行段,2.07,都市：商,100000,404,持分移轉,08970000
RPQPMLKMPHGGFBF87CB,副都心段一小段,16.92,都市：住,10000,38,持分移轉,02240000
RPQNMLKMPHGGFBF67CB,力行段,1.23,都市：商,100000,404,持分移轉,08980000
RPQNMLKMPHGGFBF67CB,力行段,1.68,都市：商,100000,404,持分移轉,08990000
RPWOMLKMPHGGFBF38CB,副都心段一小段,27.17,都市：住,10000,61,持分移轉,02240000
RPPPMLKMPHGGFBF77CB,副都心段一小段,16.92,都市：住,10000,38,持分移轉,02240000
RPSPMLKMPHGGFBF08CB,副都心段一小段,9.80,都市：住,10000,22,持分移轉,02240000
RPWPMLKMPHGGFBF48CB,副都心段一小段,17.81,都市：住,10000,40,持分移轉,02240000
RPVPMLKMPHGGFBF38CB,副都心段一小段,15.14,都市：住,10000,34,持分移轉,02240000
RPQQMLKMPHGGFBF97CB,副都心段一小段,15.59,都市：住,10000,35,持分移轉,02240000
RPORMLKMPHGGFBF87CB,副都心段一小段,13.36,都市：住,10000,30,持分移轉,02240000
RPPQMLKMPHGGFBF87CB,副都心段一小段,17.81,都市：住,10000,40,持分移轉,02240000
RPRQMLKMPHGGFBF08CB,副都心段一小段,16.03,都市：住,10000,36,持分移轉,02240000
RPOQMLKMPHGGFBF77CB,副都心段一小段,17.81,都市：住,10000,40,持分移轉,02240000
RPTQMLKMPHGGFBF28CB,副都心段一小段,13.36,都市：住,10000,30,持分移轉,02240000
RPVQMLKMPHGGFBF48CB,副都心段一小段,13.36,都市：住,10000,30,持分移轉,02240000
RPQRMLKMPHGGFBF08CB,副都心段一小段,16.92,都市：住,10000,38,持分移轉,02240000
RPRRMLKMPHGGFBF18CB,副都心段一小段,16.92,都市：住,10000,38,持分移轉,02240000
RPPRMLKMPHGGFBF97CB,副都心段一小段,13.36,都市：住,10000,30,持分移轉,02240000
RPVRMLKMPHGGFBF58CB,副都心段一小段,13.81,都市：住,10000,31,持分移轉,02240000
RPTRMLKMPHGGFBF38CB,副都心段一小段,16.92,都市：住,10000,38,持分移轉,02240000
RPWRMLKMPHGGFBF68CB,副都心段一小段,14.25,都市：住,10000,32,持分移轉,02240000
RPURMLKMPHGGFBF48CB,副都心段一小段,16.92,都市：住,10000,38,持分移轉,02240000
RPXRMLKMPHGGFBF78CB,副都心段一小段,14.25,都市：住,10000,32,持分移轉,02240000
RPQSMLKMPHGGFBF18CB,副都心段一小段,17.81,都市：住,10000,40,持分移轉,02240000
RPPSMLKMPHGGFBF08CB,副都心段一小段,15.14,都市：住,10000,34,持分移轉,02240000
RPSSMLKMPHGGFBF38CB,副都心段一小段,17.81,都市：住,10000,40,持分移轉,02240000
RPTSMLKMPHGGFBF48CB,副都心段一小段,16.03,都市：住,10000,36,持分移轉,02240000
RPUSMLKMPHGGFBF58CB,副都心段一小段,16.03,都市：住,10000,36,持分移轉,02240000
RPXSMLKMPHGGFBF88CB,副都心段一小段,16.92,都市：住,10000,38,持分移轉,02240000
RPWSMLKMPHGGFBF78CB,副都心段一小段,16.03,都市：住,10000,36,持分移轉,02240000
RPOTMLKMPHGGFBF08CB,副都心段一小段,16.92,都市：住,10000,38,持分移轉,02240000
RPVSMLKMPHGGFBF68CB,副都心段一小段,16.03,都市：住,10000,36,持分移轉,02240000
RPSTMLKMPHGGFBF48CB,副都心段一小段,16.92,都市：住,10000,38,持分移轉,02240000
RPTTMLKMPHGGFBF58CB,副都心段一小段,16.92,都市：住,10000,38,持分移轉,02240000
RPPTMLKMPHGGFBF18CB,副都心段一小段,16.92,都市：住,10000,38,持分移轉,02240000
RPRTMLKMPHGGFBF38CB,副都心段一小段,16.92,都市：住,10000,38,持分移轉,02240000
RPWTMLKMPHGGFBF88CB,副都心段一小段,17.81,都市：住,10000,40,持分移轉,02240000
RPVTMLKMPHGGFBF78CB,副都心段一小段,17.81,都市：住,10000,40,持分移轉,02240000
RPPUMLKMPHGGFBF28CB,副都心段一小段,17.37,都市：住,10000,39,持分移轉,02240000
RPOUMLKMPHGGFBF18CB,副都心段一小段,17.81,都市：住,10000,40,持分移轉,02240000
RPRUMLKMPHGGFBF48CB,副都心段一小段,17.81,都市：住,10000,40,持分移轉,02240000
RPQUMLKMPHGGFBF38CB,副都心段一小段,17.81,都市：住,10000,40,持分移轉,02240000
RPTUMLKMPHGGFBF68CB,副都心段一小段,16.03,都市：住,10000,36,持分移轉,02240000
RPSUMLKMPHGGFBF58CB,副都心段一小段,16.03,都市：住,10000,36,持分移轉,02240000
RPUUMLKMPHGGFBF78CB,副都心段一小段,15.59,都市：住,10000,35,持分移轉,02240000
RPVUMLKMPHGGFBF88CB,副都心段一小段,16.92,都市：住,10000,38,持分移轉,02240000
RPWUMLKMPHGGFBF98CB,副都心段一小段,16.92,都市：住,10000,38,持分移轉,02240000
RPOVMLKMPHGGFBF28CB,副都心段一小段,16.92,都市：住,10000,38,持分移轉,02240000
RPXUMLKMPHGGFBF09CB,副都心段一小段,16.92,都市：住,10000,38,持分移轉,02240000
RPPNMLLMPHGGFBF67CB,副都心段一小段,16.92,都市：住,10000,38,持分移轉,02240000
RPQNMLLMPHGGFBF77CB,副都心段一小段,16.92,都市：住,10000,38,持分移轉,02240000
RPTNMLLMPHGGFBF08CB,副都心段一小段,13.36,都市：住,10000,30,持分移轉,02240000
RPSNMLLMPHGGFBF97CB,副都心段一小段,12.91,都市：住,10000,29,持分移轉,02240000
RPRNMLLMPHGGFBF87CB,副都心段一小段,16.92,都市：住,10000,38,持分移轉,02240000
RPVNMLLMPHGGFBF28CB,副都心段一小段,17.81,都市：住,10000,40,持分移轉,02240000
RPUNMLLMPHGGFBF18CB,副都心段一小段,13.36,都市：住,10000,30,持分移轉,02240000
RPWNMLLMPHGGFBF38CB,副都心段一小段,17.81,都市：住,10000,40,持分移轉,02240000
RPOOMLLMPHGGFBF67CB,副都心段一小段,17.81,都市：住,10000,40,持分移轉,02240000
RPXNMLLMPHGGFBF48CB,力行段,8.06,都市：商,100000,408,持分移轉,02110000
RPROMLLMPHGGFBF97CB,副都心段一小段,16.03,都市：住,10000,36,持分移轉,02240000
RPPOMLLMPHGGFBF77CB,副都心段一小段,17.81,都市：住,10000,40,持分移轉,02240000
RPQOMLLMPHGGFBF87CB,副都心段一小段,17.81,都市：住,10000,40,持分移轉,02240000
RPSOMLLMPHGGFBF08CB,副都心段一小段,16.03,都市：住,10000,36,持分移轉,02240000
RPUOMLLMPHGGFBF28CB,副都心段一小段,13.81,都市：住,10000,31,持分移轉,02240000
RPTOMLLMPHGGFBF18CB,副都心段一小段,15.59,都市：住,10000,35,持分移轉,02240000
RPVOMLLMPHGGFBF38CB,副都心段一小段,16.03,都市：住,10000,36,持分移轉,02240000
RPOPMLLMPHGGFBF77CB,中原段,3.62,都市：住,10000,50,持分移轉,01060000
RPOPMLLMPHGGFBF77CB,中原段,3.90,都市：住,10000,50,持分移轉,01080000
RPOPMLLMPHGGFBF77CB,中原段,2.51,都市：住,10000,50,持分移轉,01090000
RPOPMLLMPHGGFBF77CB,中原段,3.05,都市：住,10000,50,持分移轉,01090001
RPWOMLLMPHGGFBF48CB,中原段,3.62,都市：住,10000,50,持分移轉,01060000
RPWOMLLMPHGGFBF48CB,中原段,3.90,都市：住,10000,50,持分移轉,01080000
RPWOMLLMPHGGFBF48CB,中原段,2.51,都市：住,10000,50,持分移轉,01090000
RPWOMLLMPHGGFBF48CB,中原段,3.05,都市：住,10000,50,持分移轉,01090001
RPPPMLLMPHGGFBF87CB,中原段,3.83,都市：住,10000,53,持分移轉,01060000
RPPPMLLMPHGGFBF87CB,中原段,4.14,都市：住,10000,53,持分移轉,01080000
RPPPMLLMPHGGFBF87CB,中原段,2.66,都市：住,10000,53,持分移轉,01090000
RPPPMLLMPHGGFBF87CB,中原段,3.23,都市：住,10000,53,持分移轉,01090001
RPUPMLLMPHGGFBF38CB,中原段,3.83,都市：住,10000,53,持分移轉,01060000
RPUPMLLMPHGGFBF38CB,中原段,4.14,都市：住,10000,53,持分移轉,01080000
RPUPMLLMPHGGFBF38CB,中原段,2.66,都市：住,10000,53,持分移轉,01090000
RPPNMLLMPHGGFAF57CB,明德段,20.98,都市：住,100000,630,持分移轉,03580000
RPUPMLLMPHGGFBF38CB,中原段,3.23,都市：住,10000,53,持分移轉,01090001
RPRPMLLMPHGGFBF08CB,中原段,3.83,都市：住,10000,53,持分移轉,01060000
RPRPMLLMPHGGFBF08CB,中原段,4.14,都市：住,10000,53,持分移轉,01080000
RPRPMLLMPHGGFBF08CB,中原段,2.66,都市：住,10000,53,持分移轉,01090000
RPRPMLLMPHGGFBF08CB,中原段,3.23,都市：住,10000,53,持分移轉,01090001
RPTNMLLMPHGGFAF97CB,明德段,18.28,都市：住,100000,549,持分移轉,03580000
RPQNMLLMPHGGFAF67CB,明德段,23.31,都市：住,100000,700,持分移轉,03580000
RPRNMLLMPHGGFAF77CB,明德段,13.06,都市：住,100000,392,持分移轉,03580000
RPSNMLLMPHGGFAF87CB,明德段,8.86,都市：住,100000,266,持分移轉,03580000
RPUNMLLMPHGGFAF08CB,明德段,18.28,都市：住,100000,549,持分移轉,03580000
RPPNMLLMPHGGFIF48DB,隆恩段,29.38,非都市：一般農業區 ; 非都市編定：甲種建築用地,100000,1076,持分移轉,02950000
RPPNMLLJQHGGFAF37CB,員和段,4.32,都市：住,1000000,424,持分移轉,01230004
RPPNMLLMPHGGFCF77CB,民權段,.02,都市：住,100000,147,持分移轉,06590000
RPPNMLLJQHGGFAF37CB,員和段,4.08,都市：住,1000000,424,持分移轉,01230011
RPPNMLLJQHGGFAF37CB,員和段,.10,都市：住,1000000,424,持分移轉,01270000
RPPNMLLMPHGGFCF77CB,民權段,.00,都市：住,100000,147,持分移轉,06590002
RPPNMLLJQHGGFAF37CB,員和段,.03,都市：住,1000000,424,持分移轉,01280000
RPPNMLLMPHGGFCF77CB,民權段,.24,都市：住,100000,147,持分移轉,06600000
RPPNMLLMPHGGFCF77CB,民權段,.46,都市：住,100000,147,持分移轉,06610000
RPPNMLLMPHGGFCF77CB,民權段,.36,都市：住,100000,147,持分移轉,06620000
RPPNMLLMPHGGFCF77CB,民權段,.55,都市：住,100000,147,持分移轉,06630000
RPPNMLLMPHGGFCF77CB,民權段,.01,都市：住,100000,147,持分移轉,06640000
RPPNMLLMPHGGFCF77CB,民權段,.02,都市：住,100000,147,持分移轉,06650003
RPPNMLLMPHGGFCF77CB,民權段,.07,都市：住,100000,147,持分移轉,06650005
RPPNMLLMPHGGFCF77CB,民權段,.01,都市：住,100000,147,持分移轉,06810000
RPPNMLLMPHGGFCF77CB,民權段,2.19,都市：住,100000,147,持分移轉,06820000
RPPNMLLMPHGGFCF77CB,民權段,.60,都市：住,100000,147,持分移轉,06830000
RPPNMLLMPHGGFCF77CB,民權段,.19,都市：住,100000,147,持分移轉,06840000
RPPNMLLMPHGGFCF77CB,民權段,.17,都市：住,100000,147,持分移轉,06850000
RPPNMLLMPHGGFCF77CB,民權段,.15,都市：住,100000,147,持分移轉,06860000
RPPNMLLMPHGGFCF77CB,民權段,.17,都市：住,100000,147,持分移轉,06870000
RPPNMLLMPHGGFCF77CB,民權段,.16,都市：住,100000,147,持分移轉,06880000
RPPNMLLMPHGGFCF77CB,民權段,.17,都市：住,100000,147,持分移轉,06890000
RPPNMLLMPHGGFCF77CB,民權段,.16,都市：住,100000,147,持分移轉,06900000
RPPNMLLMPHGGFCF77CB,民權段,.20,都市：住,100000,147,持分移轉,06910000
RPPNMLLMPHGGFCF77CB,民權段,.18,都市：住,100000,147,持分移轉,06920000
RPPNMLLMPHGGFCF77CB,民權段,.19,都市：住,100000,147,持分移轉,06930000
RPPNMLLMPHGGFCF77CB,民權段,.16,都市：住,100000,147,持分移轉,06940000
RPPNMLLMPHGGFCF77CB,民權段,.01,都市：住,100000,147,持分移轉,07180000
RPPNMLLMPHGGFCF77CB,民權段,.01,都市：住,100000,147,持分移轉,09140000
RPPNMLLMPHGGFCF77CB,民權段,.10,都市：住,100000,147,持分移轉,09150000
RPPNMLLMPHGGFCF77CB,民權段,.17,都市：住,100000,147,持分移轉,09160000
RPPNMLLMPHGGFCF77CB,民權段,.00,都市：住,100000,147,持分移轉,09160001
RPPNMLLMPHGGFCF77CB,民權段,.15,都市：住,100000,147,持分移轉,09170000
RPPNMLLMPHGGFCF77CB,民權段,.35,都市：住,100000,147,持分移轉,09180000
RPPNMLLMPHGGFCF77CB,民權段,.31,都市：住,100000,147,持分移轉,09210000
RPPNMLLMPHGGFCF77CB,民權段,.32,都市：住,100000,147,持分移轉,09220000
RPPNMLLMPHGGFCF77CB,民權段,.03,都市：住,100000,147,持分移轉,09230000
RPPNMLLMPHGGFCF77CB,民權段,.46,都市：住,100000,147,持分移轉,09240000
RPPNMLLMPHGGFCF77CB,民權段,.20,都市：住,100000,147,持分移轉,09250000
RPPNMLLMPHGGFCF77CB,民權段,.05,都市：住,100000,147,持分移轉,09330000
RPPNMLLMPHGGFCF77CB,民權段,.14,都市：住,100000,147,持分移轉,09330001
RPPNMLLMPHGGFCF77CB,民權段,.00,都市：住,100000,147,持分移轉,09340000
RPPNMLLMPHGGFCF77CB,民權段,.01,都市：住,100000,147,持分移轉,09360000
RPTNMLLJQHGGFAF77CB,員和段,4.51,都市：住,1000000,443,持分移轉,01230004
RPTNMLLJQHGGFAF77CB,員和段,4.27,都市：住,1000000,443,持分移轉,01230011
RPTNMLLJQHGGFAF77CB,員和段,.10,都市：住,1000000,443,持分移轉,01270000
RPSNMLLJQHGGFAF67CB,員和段,4.99,都市：住,1000000,490,持分移轉,01230004
RPTNMLLJQHGGFAF77CB,員和段,.03,都市：住,1000000,443,持分移轉,01280000
RPSNMLLJQHGGFAF67CB,員和段,4.72,都市：住,1000000,490,持分移轉,01230011
RPSNMLLJQHGGFAF67CB,員和段,.11,都市：住,1000000,490,持分移轉,01270000
RPQNMLLMPHGGFCF87CB,民權段,.02,都市：住,100000,153,持分移轉,06590000
RPSNMLLJQHGGFAF67CB,員和段,.03,都市：住,1000000,490,持分移轉,01280000
RPQNMLLMPHGGFCF87CB,民權段,.00,都市：住,100000,153,持分移轉,06590002
RPQNMLLMPHGGFCF87CB,民權段,.25,都市：住,100000,153,持分移轉,06600000
RPRNMLLMPHGGFCF97CB,民權段,.02,都市：住,100000,156,持分移轉,06590000
RPQNMLLMPHGGFCF87CB,民權段,.48,都市：住,100000,153,持分移轉,06610000
RPRNMLLMPHGGFCF97CB,民權段,.00,都市：住,100000,156,持分移轉,06590002
RPQNMLLMPHGGFCF87CB,民權段,.37,都市：住,100000,153,持分移轉,06620000
RPRNMLLMPHGGFCF97CB,民權段,.25,都市：住,100000,156,持分移轉,06600000
RPQNMLLMPHGGFCF87CB,民權段,.57,都市：住,100000,153,持分移轉,06630000
RPRNMLLMPHGGFCF97CB,民權段,.49,都市：住,100000,156,持分移轉,06610000
RPQNMLLMPHGGFCF87CB,民權段,.01,都市：住,100000,153,持分移轉,06640000
RPRNMLLMPHGGFCF97CB,民權段,.38,都市：住,100000,156,持分移轉,06620000
RPQNMLLMPHGGFCF87CB,民權段,.02,都市：住,100000,153,持分移轉,06650003
RPRNMLLMPHGGFCF97CB,民權段,.58,都市：住,100000,156,持分移轉,06630000
RPQNMLLMPHGGFCF87CB,民權段,.07,都市：住,100000,153,持分移轉,06650005
RPRNMLLMPHGGFCF97CB,民權段,.01,都市：住,100000,156,持分移轉,06640000
RPQNMLLMPHGGFCF87CB,民權段,.01,都市：住,100000,153,持分移轉,06810000
RPRNMLLMPHGGFCF97CB,民權段,.02,都市：住,100000,156,持分移轉,06650003
RPQNMLLMPHGGFCF87CB,民權段,2.28,都市：住,100000,153,持分移轉,06820000
RPRNMLLMPHGGFCF97CB,民權段,.07,都市：住,100000,156,持分移轉,06650005
RPQNMLLMPHGGFCF87CB,民權段,.63,都市：住,100000,153,持分移轉,06830000
RPRNMLLMPHGGFCF97CB,民權段,.01,都市：住,100000,156,持分移轉,06810000
RPQNMLLMPHGGFCF87CB,民權段,.19,都市：住,100000,153,持分移轉,06840000
RPRNMLLMPHGGFCF97CB,民權段,2.32,都市：住,100000,156,持分移轉,06820000
RPQNMLLMPHGGFCF87CB,民權段,.17,都市：住,100000,153,持分移轉,06850000
RPRNMLLMPHGGFCF97CB,民權段,.64,都市：住,100000,156,持分移轉,06830000
RPQNMLLMPHGGFCF87CB,民權段,.16,都市：住,100000,153,持分移轉,06860000
RPRNMLLMPHGGFCF97CB,民權段,.20,都市：住,100000,156,持分移轉,06840000
RPQNMLLMPHGGFCF87CB,民權段,.18,都市：住,100000,153,持分移轉,06870000
RPRNMLLMPHGGFCF97CB,民權段,.18,都市：住,100000,156,持分移轉,06850000
RPQNMLLMPHGGFCF87CB,民權段,.16,都市：住,100000,153,持分移轉,06880000
RPRNMLLMPHGGFCF97CB,民權段,.16,都市：住,100000,156,持分移轉,06860000
RPQNMLLMPHGGFCF87CB,民權段,.17,都市：住,100000,153,持分移轉,06890000
RPRNMLLMPHGGFCF97CB,民權段,.18,都市：住,100000,156,持分移轉,06870000
RPQNMLLMPHGGFCF87CB,民權段,.17,都市：住,100000,153,持分移轉,06900000
RPRNMLLMPHGGFCF97CB,民權段,.16,都市：住,100000,156,持分移轉,06880000
RPQNMLLMPHGGFCF87CB,民權段,.20,都市：住,100000,153,持分移轉,06910000
RPRNMLLMPHGGFCF97CB,民權段,.18,都市：住,100000,156,持分移轉,06890000
RPQNMLLMPHGGFCF87CB,民權段,.18,都市：住,100000,153,持分移轉,06920000
RPRNMLLMPHGGFCF97CB,民權段,.17,都市：住,100000,156,持分移轉,06900000
RPQNMLLMPHGGFCF87CB,民權段,.19,都市：住,100000,153,持分移轉,06930000
RPRNMLLMPHGGFCF97CB,民權段,.21,都市：住,100000,156,持分移轉,06910000
RPQNMLLMPHGGFCF87CB,民權段,.16,都市：住,100000,153,持分移轉,06940000
RPRNMLLMPHGGFCF97CB,民權段,.19,都市：住,100000,156,持分移轉,06920000
RPQNMLLMPHGGFCF87CB,民權段,.01,都市：住,100000,153,持分移轉,07180000
RPRNMLLMPHGGFCF97CB,民權段,.20,都市：住,100000,156,持分移轉,06930000
RPQNMLLMPHGGFCF87CB,民權段,.01,都市：住,100000,153,持分移轉,09140000
RPRNMLLMPHGGFCF97CB,民權段,.16,都市：住,100000,156,持分移轉,06940000
RPQNMLLMPHGGFCF87CB,民權段,.10,都市：住,100000,153,持分移轉,09150000
RPRNMLLMPHGGFCF97CB,民權段,.01,都市：住,100000,156,持分移轉,07180000
RPQNMLLMPHGGFCF87CB,民權段,.18,都市：住,100000,153,持分移轉,09160000
RPRNMLLMPHGGFCF97CB,民權段,.01,都市：住,100000,156,持分移轉,09140000
RPQNMLLMPHGGFCF87CB,民權段,.00,都市：住,100000,153,持分移轉,09160001
RPRNMLLMPHGGFCF97CB,民權段,.10,都市：住,100000,156,持分移轉,09150000
RPQNMLLMPHGGFCF87CB,民權段,.16,都市：住,100000,153,持分移轉,09170000
RPRNMLLMPHGGFCF97CB,民權段,.18,都市：住,100000,156,持分移轉,09160000
RPQNMLLMPHGGFCF87CB,民權段,.36,都市：住,100000,153,持分移轉,09180000
RPRNMLLMPHGGFCF97CB,民權段,.00,都市：住,100000,156,持分移轉,09160001
RPQNMLLMPHGGFCF87CB,民權段,.32,都市：住,100000,153,持分移轉,09210000
RPRNMLLMPHGGFCF97CB,民權段,.16,都市：住,100000,156,持分移轉,09170000
RPQNMLLMPHGGFCF87CB,民權段,.33,都市：住,100000,153,持分移轉,09220000
RPRNMLLMPHGGFCF97CB,民權段,.37,都市：住,100000,156,持分移轉,09180000
RPQNMLLMPHGGFCF87CB,民權段,.03,都市：住,100000,153,持分移轉,09230000
RPRNMLLMPHGGFCF97CB,民權段,.33,都市：住,100000,156,持分移轉,09210000
RPQNMLLMPHGGFCF87CB,民權段,.48,都市：住,100000,153,持分移轉,09240000
RPRNMLLMPHGGFCF97CB,民權段,.34,都市：住,100000,156,持分移轉,09220000
RPQNMLLMPHGGFCF87CB,民權段,.21,都市：住,100000,153,持分移轉,09250000
RPRNMLLMPHGGFCF97CB,民權段,.03,都市：住,100000,156,持分移轉,09230000
RPQNMLLMPHGGFCF87CB,民權段,.05,都市：住,100000,153,持分移轉,09330000
RPRNMLLMPHGGFCF97CB,民權段,.49,都市：住,100000,156,持分移轉,09240000
RPQNMLLMPHGGFCF87CB,民權段,.15,都市：住,100000,153,持分移轉,09330001
RPRNMLLMPHGGFCF97CB,民權段,.22,都市：住,100000,156,持分移轉,09250000
RPQNMLLMPHGGFCF87CB,民權段,.00,都市：住,100000,153,持分移轉,09340000
RPRNMLLMPHGGFCF97CB,民權段,.05,都市：住,100000,156,持分移轉,09330000
RPQNMLLMPHGGFCF87CB,民權段,.01,都市：住,100000,153,持分移轉,09360000
RPRNMLLMPHGGFCF97CB,民權段,.15,都市：住,100000,156,持分移轉,09330001
RPRNMLLMPHGGFCF97CB,民權段,.00,都市：住,100000,156,持分移轉,09340000
RPRNMLLMPHGGFCF97CB,民權段,.01,都市：住,100000,156,持分移轉,09360000
RPRNMLLJQHGGFAF57CB,員和段,4.84,都市：住,1000000,475,持分移轉,01230004
RPRNMLLJQHGGFAF57CB,員和段,4.57,都市：住,1000000,475,持分移轉,01230011
RPRNMLLJQHGGFAF57CB,員和段,.11,都市：住,1000000,475,持分移轉,01270000
RPRNMLLJQHGGFAF57CB,員和段,.03,都市：住,1000000,475,持分移轉,01280000
RPXNMLLJQHGGFAF18CB,員和段,5.34,都市：住,1000000,525,持分移轉,01230004
RPXNMLLJQHGGFAF18CB,員和段,5.06,都市：住,1000000,525,持分移轉,01230011
RPXNMLLJQHGGFAF18CB,員和段,.12,都市：住,1000000,525,持分移轉,01270000
RPXNMLLJQHGGFAF18CB,員和段,.03,都市：住,1000000,525,持分移轉,01280000
RPVNMLLJQHGGFAF97CB,員和段,4.84,都市：住,1000000,475,持分移轉,01230004
RPVNMLLJQHGGFAF97CB,員和段,4.57,都市：住,1000000,475,持分移轉,01230011
RPVNMLLJQHGGFAF97CB,員和段,.11,都市：住,1000000,475,持分移轉,01270000
RPVNMLLJQHGGFAF97CB,員和段,.03,都市：住,1000000,475,持分移轉,01280000
RPROMLLJQHGGFAF67CB,員和段,5.04,都市：住,1000000,495,持分移轉,01230004
RPROMLLJQHGGFAF67CB,員和段,4.77,都市：住,1000000,495,持分移轉,01230011
RPROMLLJQHGGFAF67CB,員和段,.11,都市：住,1000000,495,持分移轉,01270000
RPROMLLJQHGGFAF67CB,員和段,.03,都市：住,1000000,495,持分移轉,01280000
RPQOMLLJQHGGFAF57CB,員和段,5.86,都市：住,1000000,576,持分移轉,01230004
RPQOMLLJQHGGFAF57CB,員和段,5.55,都市：住,1000000,576,持分移轉,01230011
RPQOMLLJQHGGFAF57CB,員和段,.13,都市：住,1000000,576,持分移轉,01270000
RPQOMLLJQHGGFAF57CB,員和段,.04,都市：住,1000000,576,持分移轉,01280000
RPPNMLLJQHGGFBF47CB,中原段,3.83,都市：住,10000,53,持分移轉,01060000
RPPNMLLJQHGGFBF47CB,中原段,4.14,都市：住,10000,53,持分移轉,01080000
RPPNMLLJQHGGFBF47CB,中原段,2.66,都市：住,10000,53,持分移轉,01090000
RPPNMLLJQHGGFBF47CB,中原段,3.23,都市：住,10000,53,持分移轉,01090001
RPPNMLMJQHGGFBF57CB,中原段,12.04,都市：住,100000,1290,持分移轉,01390000
RPPNMLMJQHGGFBF57CB,中原段,11.48,都市：住,100000,1290,持分移轉,01400000
RPQNMLMJQHGGFBF67CB,中原段,12.04,都市：住,100000,1290,持分移轉,01390000
RPQNMLMJQHGGFBF67CB,中原段,11.48,都市：住,100000,1290,持分移轉,01400000
RPSNMLMJQHGGFBF87CB,中原段,12.04,都市：住,100000,1290,持分移轉,01390000
RPSNMLMJQHGGFBF87CB,中原段,11.48,都市：住,100000,1290,持分移轉,01400000
RPRNMLMJQHGGFBF77CB,中原段,12.04,都市：住,100000,1290,持分移轉,01390000
RPRNMLMJQHGGFBF77CB,中原段,11.48,都市：住,100000,1290,持分移轉,01400000
RPVNMLMJQHGGFBF18CB,中原段,12.04,都市：住,100000,1290,持分移轉,01390000
RPVNMLMJQHGGFBF18CB,中原段,11.48,都市：住,100000,1290,持分移轉,01400000
RPTNMLMJQHGGFBF97CB,中原段,12.04,都市：住,100000,1290,持分移轉,01390000
RPTNMLMJQHGGFBF97CB,中原段,11.48,都市：住,100000,1290,持分移轉,01400000
RPWNMLMJQHGGFBF28CB,中原段,9.70,都市：住,100000,1040,持分移轉,01390000
RPWNMLMJQHGGFBF28CB,中原段,9.25,都市：住,100000,1040,持分移轉,01400000
RPPOMLMJQHGGFBF67CB,中原段,12.06,都市：住,100000,1293,持分移轉,01390000
RPPOMLMJQHGGFBF67CB,中原段,11.50,都市：住,100000,1293,持分移轉,01400000
RPOOMLMJQHGGFBF57CB,中原段,12.06,都市：住,100000,1293,持分移轉,01390000
RPOOMLMJQHGGFBF57CB,中原段,11.50,都市：住,100000,1293,持分移轉,01400000
RPROMLMJQHGGFBF87CB,中原段,12.06,都市：住,100000,1293,持分移轉,01390000
RPROMLMJQHGGFBF87CB,中原段,11.50,都市：住,100000,1293,持分移轉,01400000
RPQOMLMJQHGGFBF77CB,中原段,12.06,都市：住,100000,1293,持分移轉,01390000
RPQOMLMJQHGGFBF77CB,中原段,11.50,都市：住,100000,1293,持分移轉,01400000
RPVOMLMJQHGGFBF28CB,中原段,12.06,都市：住,100000,1293,持分移轉,01390000
RPVOMLMJQHGGFBF28CB,中原段,11.50,都市：住,100000,1293,持分移轉,01400000
RPSOMLMJQHGGFBF97CB,中原段,12.06,都市：住,100000,1293,持分移轉,01390000
RPSOMLMJQHGGFBF97CB,中原段,11.50,都市：住,100000,1293,持分移轉,01400000
RPSRMLMJQHGGFBF28CB,中原段,12.06,都市：住,100000,1293,持分移轉,01390000
RPSRMLMJQHGGFBF28CB,中原段,11.50,都市：住,100000,1293,持分移轉,01400000
RPWOMLMJQHGGFBF38CB,建林段,42.13,都市：住,100000,1506,持分移轉,02100000
RPUOMLMJQHGGFBF18CB,建林段,42.19,都市：住,100000,1508,持分移轉,02100000
RPTRMLMJQHGGFBF38CB,力行段,6.89,都市：商,100000,1442,持分移轉,08050000
RPTRMLMJQHGGFBF38CB,力行段,8.19,都市：商,100000,1442,持分移轉,08060000
RPQSMLMJQHGGFBF18CB,中原段,12.06,都市：住,100000,1293,持分移轉,01390000
RPQSMLMJQHGGFBF18CB,中原段,11.50,都市：住,100000,1293,持分移轉,01400000
RPPTMLMJQHGGFBF18CB,中原段,14.44,都市：住,100000,1548,持分移轉,01390000
RPPTMLMJQHGGFBF18CB,中原段,13.77,都市：住,100000,1548,持分移轉,01400000
RPXRMLMJQHGGFBF78CB,中原段,12.06,都市：住,100000,1293,持分移轉,01390000
RPXRMLMJQHGGFBF78CB,中原段,11.50,都市：住,100000,1293,持分移轉,01400000
RPWSMLMJQHGGFBF78CB,中原段,12.06,都市：住,100000,1293,持分移轉,01390000
RPWSMLMJQHGGFBF78CB,中原段,11.50,都市：住,100000,1293,持分移轉,01400000
RPVTMLMJQHGGFBF78CB,中原段,14.44,都市：住,100000,1548,持分移轉,01390000
RPVTMLMJQHGGFBF78CB,中原段,13.77,都市：住,100000,1548,持分移轉,01400000
RPPUMLMJQHGGFBF28CB,中原段,14.44,都市：住,100000,1548,持分移轉,01390000
RPPUMLMJQHGGFBF28CB,中原段,13.77,都市：住,100000,1548,持分移轉,01400000
RPUUMLMJQHGGFBF78CB,中原段,14.44,都市：住,100000,1548,持分移轉,01390000
RPUUMLMJQHGGFBF78CB,中原段,13.77,都市：住,100000,1548,持分移轉,01400000
RPQVMLMJQHGGFBF48CB,中原段,14.44,都市：住,100000,1548,持分移轉,01390000
RPQVMLMJQHGGFBF48CB,中原段,13.77,都市：住,100000,1548,持分移轉,01400000
RPSVMLMJQHGGFBF68CB,中原段,14.44,都市：住,100000,1548,持分移轉,01390000
RPSVMLMJQHGGFBF68CB,中原段,13.77,都市：住,100000,1548,持分移轉,01400000
RPTVMLMJQHGGFBF78CB,中原段,14.44,都市：住,100000,1548,持分移轉,01390000
RPTVMLMJQHGGFBF78CB,中原段,13.77,都市：住,100000,1548,持分移轉,01400000
RPQNNLMJQHGGFBF77CB,中原段,9.84,都市：住,100000,1055,持分移轉,01390000
RPQNNLMJQHGGFBF77CB,中原段,9.39,都市：住,100000,1055,持分移轉,01400000
RPTNNLMJQHGGFBF08CB,中原段,9.84,都市：住,100000,1055,持分移轉,01390000
RPTNNLMJQHGGFBF08CB,中原段,9.39,都市：住,100000,1055,持分移轉,01400000
RPOWMLMJQHGGFBF38CB,中原段,9.84,都市：住,100000,1055,持分移轉,01390000
RPOWMLMJQHGGFBF38CB,中原段,9.39,都市：住,100000,1055,持分移轉,01400000
RPUVMLMJQHGGFBF88CB,中原段,9.84,都市：住,100000,1055,持分移轉,01390000
RPUVMLMJQHGGFBF88CB,中原段,9.39,都市：住,100000,1055,持分移轉,01400000
RPQONLMJQHGGFBF87CB,中原段,9.84,都市：住,100000,1055,持分移轉,01390000
RPQONLMJQHGGFBF87CB,中原段,9.39,都市：住,100000,1055,持分移轉,01400000
RPPQNLMJQHGGFBF97CB,中原段,14.47,都市：住,100000,1551,持分移轉,01390000
RPPQNLMJQHGGFBF97CB,中原段,13.80,都市：住,100000,1551,持分移轉,01400000
RPSPNLMJQHGGFBF18CB,中原段,14.47,都市：住,100000,1551,持分移轉,01390000
RPSPNLMJQHGGFBF18CB,中原段,13.80,都市：住,100000,1551,持分移轉,01400000
RPVONLMJQHGGFBF38CB,中原段,9.84,都市：住,100000,1055,持分移轉,01390000
RPVONLMJQHGGFBF38CB,中原段,9.39,都市：住,100000,1055,持分移轉,01400000
RPXQNLMJQHGGFBF78CB,中原段,14.47,都市：住,100000,1551,持分移轉,01390000
RPXQNLMJQHGGFBF78CB,中原段,13.80,都市：住,100000,1551,持分移轉,01400000
RPXRNLMJQHGGFBF88CB,中原段,14.47,都市：住,100000,1551,持分移轉,01390000
RPXRNLMJQHGGFBF88CB,中原段,13.80,都市：住,100000,1551,持分移轉,01400000
RPRRNLMJQHGGFBF28CB,中原段,14.47,都市：住,100000,1551,持分移轉,01390000
RPRRNLMJQHGGFBF28CB,中原段,13.80,都市：住,100000,1551,持分移轉,01400000
RPURNLMJQHGGFBF58CB,中原段,14.47,都市：住,100000,1551,持分移轉,01390000
RPURNLMJQHGGFBF58CB,中原段,13.80,都市：住,100000,1551,持分移轉,01400000
RPPRNLMJQHGGFBF08CB,中原段,14.47,都市：住,100000,1551,持分移轉,01390000
RPPRNLMJQHGGFBF08CB,中原段,13.80,都市：住,100000,1551,持分移轉,01400000
RPPNMLMJQHGGFDF77CB,昊天段,6.12,都市：住,100000,915,持分移轉,01660000
RPPNMLMJQHGGFDF77CB,昊天段,1.31,都市：住,100000,915,持分移轉,01680002
RPPNMLMJQHGGFDF77CB,昊天段,.55,都市：住,100000,915,持分移轉,01680003
RPPNMLMJQHGGFDF77CB,昊天段,1.25,都市：住,100000,915,持分移轉,01710002
RPPNMLMJQHGGFDF77CB,昊天段,.60,都市：住,100000,915,持分移轉,01790000
RPPNMLMJQHGGFDF77CB,昊天段,.77,都市：住,100000,915,持分移轉,01790002
RPPNMLMJQHGGFDF77CB,昊天段,.86,都市：住,100000,915,持分移轉,01800000
RPPNMLMJQHGGFDF77CB,昊天段,.74,都市：住,100000,915,持分移轉,01800001
RPPNMLMJQHGGFDF77CB,昊天段,.52,都市：住,100000,915,持分移轉,01810001
RPTNMLMJQHGGFBF08DB,力行段,15.92,都市：商,100000,660,持分移轉,02070000
RPUNMLMJQHGGFBF18DB,力行段,15.89,都市：商,100000,659,持分移轉,02070000
RPSNMLMJQHGGFBF97DB,力行段,11.60,都市：商,100000,481,持分移轉,02070000
RPVNMLMJQHGGFBF28DB,力行段,15.89,都市：商,100000,659,持分移轉,02070000
RPPNMLNJQHGGFBF67CB,芳洲段,10.54,都市：住,1000000,3832,持分移轉,02030000
RPWNMLMJQHGGFBF38DB,力行段,18.86,都市：商,100000,782,持分移轉,02070000
RPQNMLNJQHGGFBF77CB,芳洲段,10.54,都市：住,1000000,3832,持分移轉,02030000
RPPNMLNJQHGGFBF77DB,力行段,12.81,都市：商,100000,531,持分移轉,02070000
RPUNMLNJQHGGFBF18CB,芳洲段,10.54,都市：住,1000000,3832,持分移轉,02030000
RPSNMLNJQHGGFBF97CB,芳洲段,16.93,都市：住,1000000,6151,持分移轉,02030000
RPWNMLNJQHGGFBF38CB,芳洲段,10.54,都市：住,1000000,3832,持分移轉,02030000
RPXNMLNJQHGGFBF48CB,芳洲段,10.54,都市：住,1000000,3832,持分移轉,02030000
RPOOMLNJQHGGFBF67CB,芳洲段,10.54,都市：住,1000000,3832,持分移轉,02030000
RPQOMLNJQHGGFBF87CB,芳洲段,14.61,都市：住,1000000,5308,持分移轉,02030000
RPPOMLNJQHGGFBF77CB,芳洲段,10.54,都市：住,1000000,3832,持分移轉,02030000
RPROMLNJQHGGFBF97CB,芳洲段,14.61,都市：住,1000000,5308,持分移轉,02030000
RPTOMLNJQHGGFBF18CB,芳洲段,17.86,都市：住,1000000,6489,持分移轉,02030000
RPSOMLNJQHGGFBF08CB,芳洲段,17.86,都市：住,1000000,6489,持分移轉,02030000
RPUOMLNJQHGGFBF28CB,芳洲段,17.86,都市：住,1000000,6489,持分移轉,02030000
RPVOMLNJQHGGFBF38CB,芳洲段,18.13,都市：住,1000000,6589,持分移轉,02030000
RPXOMLNJQHGGFBF58CB,芳洲段,11.25,都市：住,1000000,4087,持分移轉,02030000
RPWOMLNJQHGGFBF48CB,芳洲段,10.59,都市：住,1000000,3850,持分移轉,02030000
RPSPMLNJQHGGFBF18CB,芳洲段,11.25,都市：住,1000000,4087,持分移轉,02030000
RPQPMLNJQHGGFBF97CB,芳洲段,11.25,都市：住,1000000,4087,持分移轉,02030000
RPRPMLNJQHGGFBF08CB,芳洲段,11.25,都市：住,1000000,4087,持分移轉,02030000
RPPPMLNJQHGGFBF87CB,芳洲段,11.25,都市：住,1000000,4087,持分移轉,02030000
RPOPMLNJQHGGFBF77CB,芳洲段,11.25,都市：住,1000000,4087,持分移轉,02030000
RPTPMLNJQHGGFBF28CB,芳洲段,11.25,都市：住,1000000,4087,持分移轉,02030000
RPUPMLNJQHGGFBF38CB,芳洲段,11.25,都市：住,1000000,4087,持分移轉,02030000
RPVPMLNJQHGGFBF48CB,芳洲段,16.75,都市：住,1000000,6086,持分移轉,02030000
RPWPMLNJQHGGFBF58CB,芳洲段,16.75,都市：住,1000000,6086,持分移轉,02030000
RPXPMLNJQHGGFBF68CB,芳洲段,16.75,都市：住,1000000,6086,持分移轉,02030000
RPRQMLNJQHGGFBF18CB,芳洲段,16.75,都市：住,1000000,6086,持分移轉,02030000
RPPQMLNJQHGGFBF97CB,芳洲段,16.75,都市：住,1000000,6086,持分移轉,02030000
RPQQMLNJQHGGFBF08CB,芳洲段,16.75,都市：住,1000000,6086,持分移轉,02030000
RPOQMLNJQHGGFBF87CB,芳洲段,16.75,都市：住,1000000,6086,持分移轉,02030000
RPSQMLNJQHGGFBF28CB,芳洲段,16.75,都市：住,1000000,6086,持分移轉,02030000
RPTQMLNJQHGGFBF38CB,芳洲段,16.75,都市：住,1000000,6086,持分移轉,02030000
RPUQMLNJQHGGFBF48CB,芳洲段,16.75,都市：住,1000000,6086,持分移轉,02030000
RPVQMLNJQHGGFBF58CB,芳洲段,14.75,都市：住,1000000,5359,持分移轉,02030000
RPRRMLNJQHGGFBF28CB,芳洲段,14.75,都市：住,1000000,5359,持分移轉,02030000
RPWQMLNJQHGGFBF68CB,芳洲段,14.75,都市：住,1000000,5359,持分移轉,02030000
RPORMLNJQHGGFBF97CB,芳洲段,14.75,都市：住,1000000,5359,持分移轉,02030000
RPOSMLNJQHGGFBF08CB,芳洲段,10.56,都市：住,1000000,3836,持分移轉,02030000
RPWRMLNJQHGGFBF78CB,芳洲段,10.56,都市：住,1000000,3836,持分移轉,02030000
RPURMLNJQHGGFBF58CB,芳洲段,14.75,都市：住,1000000,5359,持分移轉,02030000
RPXRMLNJQHGGFBF88CB,芳洲段,10.56,都市：住,1000000,3836,持分移轉,02030000
RPQSMLNJQHGGFBF28CB,芳洲段,10.56,都市：住,1000000,3836,持分移轉,02030000
RPVRMLNJQHGGFBF68CB,芳洲段,14.75,都市：住,1000000,5359,持分移轉,02030000
RPRSMLNJQHGGFBF38CB,芳洲段,10.56,都市：住,1000000,3836,持分移轉,02030000
RPUSMLNJQHGGFBF68CB,芳洲段,10.56,都市：住,1000000,3836,持分移轉,02030000
RPVSMLNJQHGGFBF78CB,芳洲段,10.56,都市：住,1000000,3836,持分移轉,02030000
RPUTMLNJQHGGFBF78CB,芳洲段,9.67,都市：住,1000000,3513,持分移轉,02030000
RPWSMLNJQHGGFBF88CB,芳洲段,10.56,都市：住,1000000,3836,持分移轉,02030000
RPPTMLNJQHGGFBF28CB,芳洲段,9.67,都市：住,1000000,3513,持分移轉,02030000
RPOTMLNJQHGGFBF18CB,芳洲段,9.67,都市：住,1000000,3513,持分移轉,02030000
RPTTMLNJQHGGFBF68CB,芳洲段,9.67,都市：住,1000000,3513,持分移轉,02030000
RPVTMLNJQHGGFBF88CB,芳洲段,9.67,都市：住,1000000,3513,持分移轉,02030000
RPWTMLNJQHGGFBF98CB,芳洲段,9.67,都市：住,1000000,3513,持分移轉,02030000
RPXTMLNJQHGGFBF09CB,芳洲段,9.67,都市：住,1000000,3513,持分移轉,02030000
RPOUMLNJQHGGFBF28CB,芳洲段,10.59,都市：住,1000000,3850,持分移轉,02030000
RPPUMLNJQHGGFBF38CB,芳洲段,10.59,都市：住,1000000,3850,持分移轉,02030000
RPRUMLNJQHGGFBF58CB,芳洲段,10.59,都市：住,1000000,3850,持分移轉,02030000
RPSUMLNJQHGGFBF68CB,芳洲段,10.59,都市：住,1000000,3850,持分移轉,02030000
RPQUMLNJQHGGFBF48CB,芳洲段,10.59,都市：住,1000000,3850,持分移轉,02030000
RPWUMLNJQHGGFBF09CB,芳洲段,10.59,都市：住,1000000,3850,持分移轉,02030000
RPUUMLNJQHGGFBF88CB,芳洲段,10.59,都市：住,1000000,3850,持分移轉,02030000
RPTUMLNJQHGGFBF78CB,芳洲段,10.59,都市：住,1000000,3850,持分移轉,02030000
RPXUMLNJQHGGFBF56CB,芳洲段,10.59,都市：住,1000000,3850,持分移轉,02030000
RPOVMLNJQHGGFBF38CB,芳洲段,14.51,都市：住,1000000,5275,持分移轉,02030000
RPRVMLNJQHGGFBF68CB,芳洲段,14.42,都市：住,1000000,5242,持分移轉,02030000
RPXVMLNJQHGGFBF66CB,芳洲段,17.79,都市：住,1000000,6467,持分移轉,02030000
RPTVMLNJQHGGFBF88CB,芳洲段,14.42,都市：住,1000000,5242,持分移轉,02030000
RPQVMLNJQHGGFBF58CB,芳洲段,14.42,都市：住,1000000,5242,持分移轉,02030000
RPPVMLNJQHGGFBF48CB,芳洲段,14.42,都市：住,1000000,5242,持分移轉,02030000
RPOWMLNJQHGGFBF48CB,芳洲段,17.79,都市：住,1000000,6467,持分移轉,02030000
RPPWMLNJQHGGFBF58CB,芳洲段,17.79,都市：住,1000000,6467,持分移轉,02030000
RPQWMLNJQHGGFBF68CB,芳洲段,17.79,都市：住,1000000,6467,持分移轉,02030000
RPRWMLNJQHGGFBF78CB,芳洲段,17.79,都市：住,1000000,6467,持分移轉,02030000
RPONNLNJQHGGFBF67CB,芳洲段,11.20,都市：住,1000000,4072,持分移轉,02030000
RPSWMLNJQHGGFBF88CB,芳洲段,17.79,都市：住,1000000,6467,持分移轉,02030000
RPVWMLNJQHGGFBF56CB,芳洲段,17.79,都市：住,1000000,6467,持分移轉,02030000
RPPNNLNJQHGGFBF77CB,芳洲段,11.20,都市：住,1000000,4072,持分移轉,02030000
RPRNNLNJQHGGFBF97CB,芳洲段,11.20,都市：住,1000000,4072,持分移轉,02030000
RPSNNLNJQHGGFBF08CB,芳洲段,11.20,都市：住,1000000,4072,持分移轉,02030000
RPQNNLNJQHGGFBF87CB,芳洲段,11.20,都市：住,1000000,4072,持分移轉,02030000
RPTNNLNJQHGGFBF18CB,芳洲段,11.20,都市：住,1000000,4072,持分移轉,02030000
RPUNNLNJQHGGFBF28CB,芳洲段,16.93,都市：住,1000000,6151,持分移轉,02030000
RPVNNLNJQHGGFBF38CB,芳洲段,16.93,都市：住,1000000,6151,持分移轉,02030000
RPWNNLNJQHGGFBF48CB,芳洲段,16.93,都市：住,1000000,6151,持分移轉,02030000
RPQONLNJQHGGFBF97CB,芳洲段,16.93,都市：住,1000000,6151,持分移轉,02030000
RPPONLNJQHGGFBF87CB,芳洲段,16.93,都市：住,1000000,6151,持分移轉,02030000
RPOONLNJQHGGFBF77CB,芳洲段,16.93,都市：住,1000000,6151,持分移轉,02030000
RPXNNLNJQHGGFBF58CB,芳洲段,16.93,都市：住,1000000,6151,持分移轉,02030000
RPSONLNJQHGGFBF18CB,芳洲段,16.93,都市：住,1000000,6151,持分移轉,02030000
RPTONLNJQHGGFBF28CB,芳洲段,17.09,都市：住,1000000,6211,持分移轉,02030000
RPUONLNJQHGGFBF38CB,芳洲段,14.72,都市：住,1000000,5351,持分移轉,02030000
RPVONLNJQHGGFBF48CB,芳洲段,14.72,都市：住,1000000,5351,持分移轉,02030000
RPRONLNJQHGGFBF08CB,芳洲段,16.93,都市：住,1000000,6151,持分移轉,02030000
RPWONLNJQHGGFBF58CB,芳洲段,14.72,都市：住,1000000,5351,持分移轉,02030000
RPPPNLNJQHGGFBF97CB,芳洲段,14.72,都市：住,1000000,5351,持分移轉,02030000
RPXONLNJQHGGFBF68CB,芳洲段,14.72,都市：住,1000000,5351,持分移轉,02030000
RPOPNLNJQHGGFBF87CB,芳洲段,14.72,都市：住,1000000,5351,持分移轉,02030000
RPQPNLNJQHGGFBF08CB,芳洲段,14.72,都市：住,1000000,5351,持分移轉,02030000
RPOQNLNJQHGGFBF97CB,芳洲段,10.53,都市：住,1000000,3825,持分移轉,02030000
RPPQNLNJQHGGFBF08CB,芳洲段,10.53,都市：住,1000000,3825,持分移轉,02030000
RPRPNLNJQHGGFBF18CB,芳洲段,14.72,都市：住,1000000,5351,持分移轉,02030000
RPQQNLNJQHGGFBF18CB,國宅段,23.04,都市：住,100000,2299,持分移轉,00950008
RPRQNLNJQHGGFBF28CB,芳洲段,10.53,都市：住,1000000,3825,持分移轉,02030000
RPTQNLNJQHGGFBF48CB,芳洲段,10.53,都市：住,1000000,3825,持分移轉,02030000
RPVQNLNJQHGGFBF68CB,芳洲段,10.53,都市：住,1000000,3825,持分移轉,02030000
RPWQNLNJQHGGFBF78CB,芳洲段,10.53,都市：住,1000000,3825,持分移轉,02030000
RPQRNLNJQHGGFBF28CB,芳洲段,10.53,都市：住,1000000,3825,持分移轉,02030000
RPUQNLNJQHGGFBF58CB,國宅段,23.04,都市：住,100000,2299,持分移轉,00950008
RPRRNLNJQHGGFBF38CB,芳洲段,9.67,都市：住,1000000,3513,持分移轉,02030000
RPSRNLNJQHGGFBF48CB,芳洲段,9.67,都市：住,1000000,3513,持分移轉,02030000
RPXQNLNJQHGGFBF88CB,芳洲段,10.53,都市：住,1000000,3825,持分移轉,02030000
RPTRNLNJQHGGFBF58CB,國宅段,23.04,都市：住,100000,2299,持分移轉,00950008
RPURNLNJQHGGFBF68CB,芳洲段,9.67,都市：住,1000000,3513,持分移轉,02030000
RPWRNLNJQHGGFBF88CB,芳洲段,9.67,都市：住,1000000,3513,持分移轉,02030000
RPQSNLNJQHGGFBF38CB,芳洲段,9.67,都市：住,1000000,3513,持分移轉,02030000
RPXRNLNJQHGGFBF98CB,芳洲段,9.67,都市：住,1000000,3513,持分移轉,02030000
RPOSNLNJQHGGFBF18CB,芳洲段,9.67,都市：住,1000000,3513,持分移轉,02030000
RPUSNLNJQHGGFBF78CB,芳洲段,10.54,都市：住,1000000,3832,持分移轉,02030000
RPRSNLNJQHGGFBF48CB,芳洲段,9.67,都市：住,1000000,3513,持分移轉,02030000
RPTSNLNJQHGGFBF68CB,芳洲段,9.67,都市：住,1000000,3513,持分移轉,02030000
RPVSNLNJQHGGFBF88CB,芳洲段,10.54,都市：住,1000000,3832,持分移轉,02030000
RPUTNLNJQHGGFBF88CB,芳洲段,17.79,都市：住,1000000,6467,持分移轉,02030000
RPVUNLNJQHGGFBF09CB,芳洲段,14.42,都市：住,1000000,5242,持分移轉,02030000
RPXTNLNJQHGGFBF56CB,芳洲段,10.59,都市：住,1000000,3850,持分移轉,02030000
RPPNMLNJQHGGFGF18CB,富貴段,21.19,都市：住,100000,849,持分移轉,03250000
RPRNMLNJQHGGFGF38CB,富貴段,17.37,都市：住,100000,696,持分移轉,03250000
RPTVNLNJQHGGFBF98CB,國宅段,18.85,都市：住,100000,1881,持分移轉,00950008
RPSVNLNJQHGGFBF88CB,芳洲段,14.42,都市：住,1000000,5242,持分移轉,02030000
RPSOMLNJQHGGFIF78CB,中正段,.05,都市：商,100000,458,持分移轉,07970000
RPSOMLNJQHGGFIF78CB,中正段,.28,都市：商,100000,458,持分移轉,07980000
RPSOMLNJQHGGFIF78CB,中正段,7.35,都市：商,100000,458,持分移轉,07990000
RPSOMLNJQHGGFIF78CB,中正段,.18,都市：商,100000,458,持分移轉,08200000
RPSOMLNJQHGGFGF58CB,五谷王段,1.93,都市：住,100000,145,持分移轉,00460000
RPSOMLNJQHGGFIF78CB,中正段,.84,都市：商,100000,458,持分移轉,08270003
RPSOMLNJQHGGFGF58CB,五谷王段,.69,都市：住,100000,145,持分移轉,00470000
RPSOMLNJQHGGFGF58CB,五谷王段,1.02,都市：住,100000,145,持分移轉,00480000
RPVOMLNJQHGGFGF88CB,大同南段,.59,都市：商,100000,920,持分移轉,01300000
RPSOMLNJQHGGFGF58CB,五谷王段,.39,都市：住,100000,145,持分移轉,00490000
RPVOMLNJQHGGFGF88CB,大同南段,.50,都市：商,100000,920,持分移轉,01310000
RPSOMLNJQHGGFGF58CB,五谷王段,.67,都市：住,100000,145,持分移轉,00500000
RPVOMLNJQHGGFGF88CB,大同南段,.19,都市：商,100000,920,持分移轉,01350000
RPSOMLNJQHGGFGF58CB,五谷王段,.36,都市：住,100000,145,持分移轉,00520000
RPVOMLNJQHGGFGF88CB,大同南段,.28,都市：商,100000,920,持分移轉,01360000
RPSOMLNJQHGGFGF58CB,五谷王段,1.67,都市：住,100000,145,持分移轉,00530000
RPVOMLNJQHGGFGF88CB,大同南段,1.90,都市：商,100000,920,持分移轉,01370000
RPSOMLNJQHGGFGF58CB,五谷王段,.85,都市：住,100000,145,持分移轉,00550000
RPVOMLNJQHGGFGF88CB,大同南段,3.28,都市：商,100000,920,持分移轉,01390000
RPSOMLNJQHGGFGF58CB,五谷王段,.75,都市：住,100000,145,持分移轉,00560000
RPVOMLNJQHGGFGF88CB,大同南段,.08,都市：住,100000,920,持分移轉,01310002
RPSOMLNJQHGGFGF58CB,五谷王段,.69,都市：住,100000,145,持分移轉,00570000
RPVOMLNJQHGGFGF88CB,大同南段,.47,都市：住,100000,920,持分移轉,01320000
RPSOMLNJQHGGFGF58CB,五谷王段,.74,都市：住,100000,145,持分移轉,00580000
RPVOMLNJQHGGFGF88CB,大同南段,.31,都市：住,100000,920,持分移轉,01330000
RPVOMLNJQHGGFGF88CB,大同南段,.03,都市：住,100000,920,持分移轉,01340000
RPVOMLNJQHGGFGF88CB,大同南段,.26,都市：住,100000,920,持分移轉,01350001
RPVOMLNJQHGGFGF88CB,大同南段,.18,都市：住,100000,920,持分移轉,01360001
RPVOMLNJQHGGFGF88CB,大同南段,.37,都市：住,100000,920,持分移轉,01870000
RPVOMLNJQHGGFGF88CB,大同南段,.33,都市：住,100000,920,持分移轉,01880000
RPVOMLNJQHGGFGF88CB,大同南段,.69,都市：住,100000,920,持分移轉,01890000
RPVOMLNJQHGGFGF88CB,大同南段,.77,都市：住,100000,920,持分移轉,01900000
RPVOMLNJQHGGFIF09CB,中正段,.04,都市：商,100000,422,持分移轉,07970000
RPVOMLNJQHGGFIF09CB,中正段,.26,都市：商,100000,422,持分移轉,07980000
RPVOMLNJQHGGFIF09CB,中正段,6.77,都市：商,100000,422,持分移轉,07990000
RPVOMLNJQHGGFIF09CB,中正段,.17,都市：商,100000,422,持分移轉,08200000
RPVOMLNJQHGGFIF09CB,中正段,.77,都市：商,100000,422,持分移轉,08270003
RPSPMLNJQHGGFIF88CB,鳳鳴段,28.57,都市：住,10000,66,持分移轉,00770000
RPUOMLNJQHGGFIF98CB,中正段,.05,都市：商,100000,458,持分移轉,07970000
RPUOMLNJQHGGFIF98CB,中正段,.28,都市：商,100000,458,持分移轉,07980000
RPUOMLNJQHGGFIF98CB,中正段,7.35,都市：商,100000,458,持分移轉,07990000
RPUOMLNJQHGGFIF98CB,中正段,.18,都市：商,100000,458,持分移轉,08200000
RPUOMLNJQHGGFIF98CB,中正段,.84,都市：商,100000,458,持分移轉,08270003
RPVPMLNJQHGGFIF56CB,鳳鳴段,26.41,都市：住,10000,61,持分移轉,00770000
RPWPMLNJQHGGFIF66CB,鳳鳴段,17.21,都市：住,10000,43,持分移轉,02030000
RPUPMLNJQHGGFIF09CB,鳳鳴段,26.41,都市：住,10000,61,持分移轉,00770000
RPTPMLNJQHGGFIF98CB,鳳鳴段,26.41,都市：住,10000,61,持分移轉,00770000
RPXPMLNJQHGGFIF76CB,鳳鳴段,17.21,都市：住,10000,43,持分移轉,02030000
RPRNMLOJQHGGFGF48CB,三重段,16.06,都市：住,100000,394,持分移轉,00460000
RPPQMLNJQHGGFIF68CB,鳳鳴段,28.82,都市：住,10000,72,持分移轉,02030000
RPOQMLNJQHGGFIF58CB,鳳鳴段,28.82,都市：住,10000,72,持分移轉,02030000
RPRNMLOJQHGGFIF68CB,山佳段,13.25,都市：商,100000,2509,持分移轉,10440000
RPOOMLOJQHGGFGF28CB,三重段,27.32,都市：住,100000,670,持分移轉,00460000
RPVNMLOJQHGGFGF88CB,三重段,13.78,都市：住,100000,338,持分移轉,00460000
RPSNMLOJQHGGFGF58CB,三重段,16.06,都市：住,100000,394,持分移轉,00460000
RPQNMLOJQHGGFCF97CB,斯馨段,6.98,都市：住,100000,283,持分移轉,00380000
RPQNMLOJQHGGFCF97CB,斯馨段,8.52,都市：住,100000,283,持分移轉,00470000
RPTNMLOJQHGGFCF28CB,斯馨段,13.47,都市：住,100000,546,持分移轉,00380000
RPTNMLOJQHGGFCF28CB,斯馨段,16.43,都市：住,100000,546,持分移轉,00470000
RPVNMLOJQHGGFCF48CB,斯馨段,8.27,都市：住,100000,335,持分移轉,00380000
RPVNMLOJQHGGFCF48CB,斯馨段,10.08,都市：住,100000,335,持分移轉,00470000
RPWNMLOJQHGGFCF58CB,斯馨段,9.95,都市：住,100000,403,持分移轉,00380000
RPWNMLOJQHGGFCF58CB,斯馨段,12.13,都市：住,100000,403,持分移轉,00470000
RPOOMLOJQHGGFCF87CB,斯馨段,11.72,都市：住,100000,475,持分移轉,00380000
RPOOMLOJQHGGFCF87CB,斯馨段,14.29,都市：住,100000,475,持分移轉,00470000
RPPOMLOJQHGGFCF97CB,斯馨段,13.47,都市：住,100000,546,持分移轉,00380000
RPPOMLOJQHGGFCF97CB,斯馨段,16.43,都市：住,100000,546,持分移轉,00470000
RPQOMLOJQHGGFCF08CB,斯馨段,13.47,都市：住,100000,546,持分移轉,00380000
RPTOMLOJQHGGFCF38CB,斯馨段,11.72,都市：住,100000,475,持分移轉,00380000
RPQOMLOJQHGGFCF08CB,斯馨段,16.43,都市：住,100000,546,持分移轉,00470000
RPTOMLOJQHGGFCF38CB,斯馨段,14.29,都市：住,100000,475,持分移轉,00470000
RPVOMLOJQHGGFCF58CB,斯馨段,9.95,都市：住,100000,403,持分移轉,00380000
RPVOMLOJQHGGFCF58CB,斯馨段,12.13,都市：住,100000,403,持分移轉,00470000
RPSOMLOJQHGGFCF28CB,斯馨段,8.29,都市：住,100000,336,持分移轉,00380000
RPSOMLOJQHGGFCF28CB,斯馨段,10.11,都市：住,100000,336,持分移轉,00470000
RPXNMLOJQHGGFCF68CB,斯馨段,11.70,都市：住,100000,474,持分移轉,00380000
RPXNMLOJQHGGFCF68CB,斯馨段,14.26,都市：住,100000,474,持分移轉,00470000
RPUOMLOJQHGGFCF48CB,斯馨段,11.70,都市：住,100000,474,持分移轉,00380000
RPUOMLOJQHGGFCF48CB,斯馨段,14.26,都市：住,100000,474,持分移轉,00470000
RPOPMLOJQHGGFCF97CB,斯馨段,13.47,都市：住,100000,546,持分移轉,00380000
RPOPMLOJQHGGFCF97CB,斯馨段,16.43,都市：住,100000,546,持分移轉,00470000
RPPPMLOJQHGGFCF08CB,斯馨段,9.95,都市：住,100000,403,持分移轉,00380000
RPPPMLOJQHGGFCF08CB,斯馨段,12.13,都市：住,100000,403,持分移轉,00470000
RPWOMLOJQHGGFCF68CB,斯馨段,9.95,都市：住,100000,403,持分移轉,00380000
RPWOMLOJQHGGFCF68CB,斯馨段,12.13,都市：住,100000,403,持分移轉,00470000
RPXOMLOJQHGGFCF78CB,斯馨段,7.16,都市：住,100000,290,持分移轉,00380000
RPXOMLOJQHGGFCF78CB,斯馨段,8.73,都市：住,100000,290,持分移轉,00470000
RPQPMLOJQHGGFCF18CB,斯馨段,9.95,都市：住,100000,403,持分移轉,00380000
RPQPMLOJQHGGFCF18CB,斯馨段,12.13,都市：住,100000,403,持分移轉,00470000
RPRPMLOJQHGGFCF28CB,斯馨段,11.72,都市：住,100000,475,持分移轉,00380000
RPRPMLOJQHGGFCF28CB,斯馨段,14.29,都市：住,100000,475,持分移轉,00470000
RPXPMLOJQHGGFCF88CB,斯馨段,8.12,都市：住,100000,329,持分移轉,00380000
RPXPMLOJQHGGFCF88CB,斯馨段,9.90,都市：住,100000,329,持分移轉,00470000
RPVPMLOJQHGGFCF68CB,斯馨段,8.19,都市：住,100000,332,持分移轉,00380000
RPVPMLOJQHGGFCF68CB,斯馨段,9.99,都市：住,100000,332,持分移轉,00470000
RPOQMLOJQHGGFCF08CB,斯馨段,11.70,都市：住,100000,474,持分移轉,00380000
RPOQMLOJQHGGFCF08CB,斯馨段,14.26,都市：住,100000,474,持分移轉,00470000
RPPQMLOJQHGGFCF18CB,斯馨段,11.70,都市：住,100000,474,持分移轉,00380000
RPPQMLOJQHGGFCF18CB,斯馨段,14.26,都市：住,100000,474,持分移轉,00470000
RPRQMLOJQHGGFCF38CB,斯馨段,9.95,都市：住,100000,403,持分移轉,00380000
RPRQMLOJQHGGFCF38CB,斯馨段,12.13,都市：住,100000,403,持分移轉,00470000
RPQQMLOJQHGGFCF28CB,斯馨段,8.27,都市：住,100000,335,持分移轉,00380000
RPQQMLOJQHGGFCF28CB,斯馨段,10.08,都市：住,100000,335,持分移轉,00470000
RPPNMLOJQHGGFBF77CB,中原段,12.11,都市：住,100000,1298,持分移轉,01390000
RPPNMLOJQHGGFBF77CB,中原段,11.55,都市：住,100000,1298,持分移轉,01400000
RPQNMLOJQHGGFBF87CB,中原段,12.04,都市：住,100000,1290,持分移轉,01390000
RPQNMLOJQHGGFBF87CB,中原段,11.48,都市：住,100000,1290,持分移轉,01400000
RPXNMLOJQHGGFBF58CB,建林段,53.32,都市：住,100000,1906,持分移轉,02100000
RPOOMLOJQHGGFBF77CB,中原段,12.04,都市：住,100000,1290,持分移轉,01390000
RPOOMLOJQHGGFBF77CB,中原段,11.48,都市：住,100000,1290,持分移轉,01400000
RPVNMLOJQHGGFBF38CB,建林段,42.19,都市：住,100000,1508,持分移轉,02100000
RPWNMLOJQHGGFBF48CB,建林段,42.13,都市：住,100000,1506,持分移轉,02100000
RPPOMLOJQHGGFBF87CB,中原段,12.04,都市：住,100000,1290,持分移轉,01390000
RPPOMLOJQHGGFBF87CB,中原段,11.48,都市：住,100000,1290,持分移轉,01400000
RPQOMLOJQHGGFBF97CB,中原段,4.92,都市：住,10000,68,持分移轉,01060000
RPQOMLOJQHGGFBF97CB,中原段,5.31,都市：住,10000,68,持分移轉,01080000
RPQOMLOJQHGGFBF97CB,中原段,3.42,都市：住,10000,68,持分移轉,01090000
RPQOMLOJQHGGFBF97CB,中原段,4.15,都市：住,10000,68,持分移轉,01090001
RPSOMLOJQHGGFBF18CB,中原段,4.99,都市：住,10000,69,持分移轉,01060000
RPSOMLOJQHGGFBF18CB,中原段,5.39,都市：住,10000,69,持分移轉,01080000
RPSOMLOJQHGGFBF18CB,中原段,3.47,都市：住,10000,69,持分移轉,01090000
RPSOMLOJQHGGFBF18CB,中原段,4.21,都市：住,10000,69,持分移轉,01090001
RPUOMLOJQHGGFBF38CB,中原段,9.70,都市：住,100000,1040,持分移轉,01390000
RPUOMLOJQHGGFBF38CB,中原段,9.25,都市：住,100000,1040,持分移轉,01400000
RPROMLOJQHGGFBF08CB,中原段,9.70,都市：住,100000,1040,持分移轉,01390000
RPROMLOJQHGGFBF08CB,中原段,9.25,都市：住,100000,1040,持分移轉,01400000
RPTOMLOJQHGGFBF28CB,中原段,5.64,都市：住,10000,78,持分移轉,01060000
RPTOMLOJQHGGFBF28CB,中原段,6.09,都市：住,10000,78,持分移轉,01080000
RPTOMLOJQHGGFBF28CB,中原段,3.92,都市：住,10000,78,持分移轉,01090000
RPTOMLOJQHGGFBF28CB,中原段,4.76,都市：住,10000,78,持分移轉,01090001
RPVOMLOJQHGGFBF48CB,中原段,5.64,都市：住,10000,78,持分移轉,01060000
RPVOMLOJQHGGFBF48CB,中原段,6.09,都市：住,10000,78,持分移轉,01080000
RPVOMLOJQHGGFBF48CB,中原段,3.92,都市：住,10000,78,持分移轉,01090000
RPVOMLOJQHGGFBF48CB,中原段,4.76,都市：住,10000,78,持分移轉,01090001
RPPPMLOJQHGGFBF97CB,中原段,12.06,都市：住,100000,1293,持分移轉,01390000
RPPPMLOJQHGGFBF97CB,中原段,11.50,都市：住,100000,1293,持分移轉,01400000
RPWOMLOJQHGGFBF58CB,中原段,5.86,都市：住,10000,81,持分移轉,01060000
RPWOMLOJQHGGFBF58CB,中原段,6.32,都市：住,10000,81,持分移轉,01080000
RPWOMLOJQHGGFBF58CB,中原段,4.07,都市：住,10000,81,持分移轉,01090000
RPWOMLOJQHGGFBF58CB,中原段,4.94,都市：住,10000,81,持分移轉,01090001
RPQPMLOJQHGGFBF08CB,中原段,14.14,都市：住,100000,1516,持分移轉,01390000
RPQPMLOJQHGGFBF08CB,中原段,13.49,都市：住,100000,1516,持分移轉,01400000
RPOPMLOJQHGGFBF87CB,中原段,9.70,都市：住,100000,1040,持分移轉,01390000
RPOPMLOJQHGGFBF87CB,中原段,9.25,都市：住,100000,1040,持分移轉,01400000
RPRPMLOJQHGGFBF18CB,中原段,14.44,都市：住,100000,1548,持分移轉,01390000
RPRPMLOJQHGGFBF18CB,中原段,13.77,都市：住,100000,1548,持分移轉,01400000
RPSPMLOJQHGGFBF28CB,中原段,14.44,都市：住,100000,1548,持分移轉,01390000
RPSPMLOJQHGGFBF28CB,中原段,13.77,都市：住,100000,1548,持分移轉,01400000
RPTPMLOJQHGGFBF38CB,中原段,9.84,都市：住,100000,1055,持分移轉,01390000
RPTPMLOJQHGGFBF38CB,中原段,9.39,都市：住,100000,1055,持分移轉,01400000
RPVPMLOJQHGGFBF58CB,中原段,9.84,都市：住,100000,1055,持分移轉,01390000
RPVPMLOJQHGGFBF58CB,中原段,9.39,都市：住,100000,1055,持分移轉,01400000
RPXPMLOJQHGGFBF78CB,中原段,14.47,都市：住,100000,1551,持分移轉,01390000
RPXPMLOJQHGGFBF78CB,中原段,13.80,都市：住,100000,1551,持分移轉,01400000
RPWPMLOJQHGGFBF68CB,中原段,9.84,都市：住,100000,1055,持分移轉,01390000
RPWPMLOJQHGGFBF68CB,中原段,9.39,都市：住,100000,1055,持分移轉,01400000
RPPQMLOJQHGGFBF08CB,中原段,14.47,都市：住,100000,1551,持分移轉,01390000
RPPQMLOJQHGGFBF08CB,中原段,13.80,都市：住,100000,1551,持分移轉,01400000
RPQNMLOJQHGGFGF48DB,正義段,14.16,都市：住,100000,965,持分移轉,01480000
RPQNMLOJQHGGFGF48DB,正義段,1.62,都市：住,100000,965,持分移轉,01490000
RPQNMLOJQHGGFGF48DB,正義段,4.02,都市：住,100000,965,持分移轉,01590000
RPPNMLOJQHGGFAF67CB,永翠段,23.73,都市：商,100000,815,持分移轉,00270000
RPOQMLOJQHGGFBF97CB,中原段,14.47,都市：住,100000,1551,持分移轉,01390000
RPOQMLOJQHGGFBF97CB,中原段,13.80,都市：住,100000,1551,持分移轉,01400000
RPTNMLPJQHGGFGF88DB,正義段,14.25,都市：住,100000,971,持分移轉,01480000
RPTNMLPJQHGGFGF88DB,正義段,1.63,都市：住,100000,971,持分移轉,01490000
RPTNMLPJQHGGFGF88DB,正義段,4.05,都市：住,100000,971,持分移轉,01590000
RPRNMLPJQHGGFGF68DB,正義段,12.37,都市：住,100000,843,持分移轉,01480000
RPRNMLPJQHGGFGF68DB,正義段,1.41,都市：住,100000,843,持分移轉,01490000
RPRNMLPJQHGGFGF68DB,正義段,3.52,都市：住,100000,843,持分移轉,01590000
RPQNMLPJQHGGFGF58DB,正義段,14.25,都市：住,100000,971,持分移轉,01480000
RPQNMLPJQHGGFGF58DB,正義段,1.63,都市：住,100000,971,持分移轉,01490000
RPQNMLPJQHGGFGF58DB,正義段,4.05,都市：住,100000,971,持分移轉,01590000
RPQNMLPJQHGGFEF28CB,新市段,21.73,都市：住,100000,874,持分移轉,02300000
RPPNMLPJQHGGFEF18CB,新市段,17.90,都市：住,100000,720,持分移轉,02300000
RPRNMLPJQHGGFAF97CB,新都段,17.70,都市：住,1000000,11119,持分移轉,00940000
RPRNMLPJQHGGFAF97CB,新都段,.21,都市：住,1000000,11119,持分移轉,00940001
RPSNMLPJQHGGFEF48CB,新市段,24.49,都市：住,100000,985,持分移轉,02300000
RPTNMLPJQHGGFEF58CB,新市段,17.85,都市：住,100000,718,持分移轉,02300000
RPORMLPJQHGGFAF08CB,新都段,14.59,都市：住,100000,335,持分移轉,01060000
RPPRMLPJQHGGFAF18CB,新都段,14.54,都市：住,100000,334,持分移轉,01060000
RPRNMLPJQHGGFBF08CB,力行段,15.39,都市：住,100000,818,持分移轉,05840000
RPTRMLPJQHGGFAF58CB,新興段,.01,都市：住,100000,507,持分移轉,13970003
RPTRMLPJQHGGFAF58CB,新興段,.06,都市：住,100000,507,持分移轉,14740000
RPQNMLPJQHGGFBF97CB,力行段,18.80,都市：住,100000,999,持分移轉,05840000
RPTRMLPJQHGGFAF58CB,新興段,.44,都市：住,100000,507,持分移轉,14750000
RPTRMLPJQHGGFAF58CB,新興段,.43,都市：住,100000,507,持分移轉,14760000
RPTRMLPJQHGGFAF58CB,新興段,.25,都市：住,100000,507,持分移轉,14770000
RPTRMLPJQHGGFAF58CB,新興段,.24,都市：住,100000,507,持分移轉,14780000
RPTRMLPJQHGGFAF58CB,新興段,.24,都市：住,100000,507,持分移轉,14790000
RPTRMLPJQHGGFAF58CB,新興段,.24,都市：住,100000,507,持分移轉,14800000
RPTRMLPJQHGGFAF58CB,新興段,.24,都市：住,100000,507,持分移轉,14810000
RPTRMLPJQHGGFAF58CB,新興段,.24,都市：住,100000,507,持分移轉,14820000
RPTRMLPJQHGGFAF58CB,新興段,.24,都市：住,100000,507,持分移轉,14830000
RPTRMLPJQHGGFAF58CB,新興段,.24,都市：住,100000,507,持分移轉,14840000
RPTRMLPJQHGGFAF58CB,新興段,.24,都市：住,100000,507,持分移轉,14850000
RPTRMLPJQHGGFAF58CB,新興段,.24,都市：住,100000,507,持分移轉,14860000
RPTRMLPJQHGGFAF58CB,新興段,.24,都市：住,100000,507,持分移轉,14870000
RPTRMLPJQHGGFAF58CB,新興段,.62,都市：住,100000,507,持分移轉,14880000
RPTRMLPJQHGGFAF58CB,新興段,.02,都市：住,100000,507,持分移轉,14880001
RPTRMLPJQHGGFAF58CB,新興段,.68,都市：住,100000,507,持分移轉,14890000
RPTRMLPJQHGGFAF58CB,新興段,.62,都市：住,100000,507,持分移轉,14900000
RPTRMLPJQHGGFAF58CB,新興段,.32,都市：住,100000,507,持分移轉,14910000
RPTRMLPJQHGGFAF58CB,新興段,.58,都市：住,100000,507,持分移轉,14920000
RPTRMLPJQHGGFAF58CB,新興段,.97,都市：住,100000,507,持分移轉,14930000
RPTRMLPJQHGGFAF58CB,新興段,.12,都市：住,100000,507,持分移轉,14940000
RPTRMLPJQHGGFAF58CB,新興段,.69,都市：住,100000,507,持分移轉,14950000
RPTRMLPJQHGGFAF58CB,新興段,.44,都市：住,100000,507,持分移轉,14960000
RPTRMLPJQHGGFAF58CB,新興段,1.57,都市：住,100000,507,持分移轉,14970000
RPTRMLPJQHGGFAF58CB,新興段,.84,都市：住,100000,507,持分移轉,14980000
RPTRMLPJQHGGFAF58CB,新興段,.34,都市：住,100000,507,持分移轉,14980005
RPTRMLPJQHGGFAF58CB,新興段,1.79,都市：住,100000,507,持分移轉,14990000
RPTRMLPJQHGGFAF58CB,新興段,1.36,都市：住,100000,507,持分移轉,14990001
RPTRMLPJQHGGFAF58CB,新興段,.06,都市：住,100000,507,持分移轉,14990003
RPTRMLPJQHGGFAF58CB,新興段,.01,都市：住,100000,507,持分移轉,14990007
RPTRMLPJQHGGFAF58CB,新興段,.01,都市：住,100000,507,持分移轉,14960001
RPTRMLPJQHGGFAF58CB,新興段,.04,都市：住,100000,507,持分移轉,14970001
RPTRMLPJQHGGFAF58CB,新興段,.01,都市：住,100000,507,持分移轉,14980006
RPURMLPJQHGGFAF68CB,新興段,.01,都市：住,100000,507,持分移轉,13970003
RPURMLPJQHGGFAF68CB,新興段,.06,都市：住,100000,507,持分移轉,14740000
RPURMLPJQHGGFAF68CB,新興段,.44,都市：住,100000,507,持分移轉,14750000
RPURMLPJQHGGFAF68CB,新興段,.43,都市：住,100000,507,持分移轉,14760000
RPSNMLPJQHGGFBF18CB,力行段,14.17,都市：住,100000,753,持分移轉,05840000
RPURMLPJQHGGFAF68CB,新興段,.25,都市：住,100000,507,持分移轉,14770000
RPURMLPJQHGGFAF68CB,新興段,.24,都市：住,100000,507,持分移轉,14780000
RPURMLPJQHGGFAF68CB,新興段,.24,都市：住,100000,507,持分移轉,14790000
RPURMLPJQHGGFAF68CB,新興段,.24,都市：住,100000,507,持分移轉,14800000
RPURMLPJQHGGFAF68CB,新興段,.24,都市：住,100000,507,持分移轉,14810000
RPURMLPJQHGGFAF68CB,新興段,.24,都市：住,100000,507,持分移轉,14820000
RPURMLPJQHGGFAF68CB,新興段,.24,都市：住,100000,507,持分移轉,14830000
RPURMLPJQHGGFAF68CB,新興段,.24,都市：住,100000,507,持分移轉,14840000
RPURMLPJQHGGFAF68CB,新興段,.24,都市：住,100000,507,持分移轉,14850000
RPURMLPJQHGGFAF68CB,新興段,.24,都市：住,100000,507,持分移轉,14860000
RPURMLPJQHGGFAF68CB,新興段,.24,都市：住,100000,507,持分移轉,14870000
RPURMLPJQHGGFAF68CB,新興段,.62,都市：住,100000,507,持分移轉,14880000
RPURMLPJQHGGFAF68CB,新興段,.02,都市：住,100000,507,持分移轉,14880001
RPURMLPJQHGGFAF68CB,新興段,.68,都市：住,100000,507,持分移轉,14890000
RPURMLPJQHGGFAF68CB,新興段,.62,都市：住,100000,507,持分移轉,14900000
RPURMLPJQHGGFAF68CB,新興段,.32,都市：住,100000,507,持分移轉,14910000
RPURMLPJQHGGFAF68CB,新興段,.58,都市：住,100000,507,持分移轉,14920000
RPURMLPJQHGGFAF68CB,新興段,.97,都市：住,100000,507,持分移轉,14930000
RPURMLPJQHGGFAF68CB,新興段,.12,都市：住,100000,507,持分移轉,14940000
RPURMLPJQHGGFAF68CB,新興段,.69,都市：住,100000,507,持分移轉,14950000
RPURMLPJQHGGFAF68CB,新興段,.44,都市：住,100000,507,持分移轉,14960000
RPURMLPJQHGGFAF68CB,新興段,1.57,都市：住,100000,507,持分移轉,14970000
RPURMLPJQHGGFAF68CB,新興段,.84,都市：住,100000,507,持分移轉,14980000
RPURMLPJQHGGFAF68CB,新興段,.34,都市：住,100000,507,持分移轉,14980005
RPURMLPJQHGGFAF68CB,新興段,1.79,都市：住,100000,507,持分移轉,14990000
RPURMLPJQHGGFAF68CB,新興段,1.36,都市：住,100000,507,持分移轉,14990001
RPURMLPJQHGGFAF68CB,新興段,.06,都市：住,100000,507,持分移轉,14990003
RPURMLPJQHGGFAF68CB,新興段,.01,都市：住,100000,507,持分移轉,14990007
RPURMLPJQHGGFAF68CB,新興段,.01,都市：住,100000,507,持分移轉,14960001
RPURMLPJQHGGFAF68CB,新興段,.04,都市：住,100000,507,持分移轉,14970001
RPURMLPJQHGGFAF68CB,新興段,.01,都市：住,100000,507,持分移轉,14980006
RPVNMLPJQHGGFBF48CB,力行段,15.43,都市：住,100000,820,持分移轉,05840000
RPUNMLPJQHGGFBF38CB,力行段,18.80,都市：住,100000,999,持分移轉,05840000
RPTNMLPJQHGGFBF28CB,力行段,18.80,都市：住,100000,999,持分移轉,05840000
RPWNMLPJQHGGFBF58CB,力行段,15.39,都市：住,100000,818,持分移轉,05840000
RPPOMLPJQHGGFBF97CB,中原段,25.70,都市：住,100000,981,持分移轉,01240000
RPXNMLPJQHGGFBF68CB,力行段,24.67,都市：住,100000,1311,持分移轉,05840000
RPROMLPJQHGGFBF18CB,中原段,18.29,都市：住,100000,698,持分移轉,01240000
RPQOMLPJQHGGFBF08CB,中原段,25.70,都市：住,100000,981,持分移轉,01240000
RPTOMLPJQHGGFBF38CB,力行段,15.86,都市：其他:中心商業區,100000,1057,持分移轉,02330000
RPXOMLPJQHGGFBF78CB,力行段,8.57,都市：其他:中心商業區,100000,963,持分移轉,02310000
RPUOMLPJQHGGFBF48CB,力行段,15.26,都市：其他:中心商業區,100000,1017,持分移轉,02330000
RPRNMLPJQHGGFCF18CB,斯馨段,28.06,都市：住,100000,438,持分移轉,00280000
RPOPMLPJQHGGFBF97CB,力行段,12.89,都市：其他:中心商業區,100000,1448,持分移轉,02310000
RPPNMLPJQHGGFGF38CB,三重段,23.51,都市：住,100000,632,持分移轉,03280000
RPPNMLPJQHGGFCF97CB,寶強段,7.68,都市：住,1000000,3209,持分移轉,08490000
RPPNMLPJQHGGFCF97CB,寶強段,1.24,都市：住,1000000,3209,持分移轉,08580000
RPPNMLPJQHGGFCF97CB,寶強段,1.95,都市：住,1000000,3209,持分移轉,08590000
RPPNMLPJQHGGFCF97CB,寶強段,2.35,都市：住,1000000,3209,持分移轉,09050000
RPPNMLPJQHGGFCF97CB,寶強段,1.29,都市：住,1000000,3209,持分移轉,09060000
RPPNMLPJQHGGFCF97CB,寶強段,.37,都市：住,1000000,3209,持分移轉,09070000
RPPNMLPJQHGGFCF97CB,寶強段,.19,都市：住,1000000,3209,持分移轉,09080000
RPPNMLPJQHGGFCF97CB,寶強段,.29,都市：住,1000000,3209,持分移轉,09090000
RPSNMLPJQHGGFCF28CB,安城段,4.30,都市：其他:已開發建築密集地區,100000,590,持分移轉,06890000
RPPNMLPJQHGGFCF97CB,寶強段,.26,都市：住,1000000,3209,持分移轉,09100000
RPSNMLPJQHGGFCF28CB,安城段,2.73,都市：其他:已開發建築密集地區,100000,590,持分移轉,07170000
RPPNMLPJQHGGFCF97CB,寶強段,.35,都市：住,1000000,3209,持分移轉,09110000
RPSNMLPJQHGGFCF28CB,安城段,3.76,都市：其他:已開發建築密集地區,100000,590,持分移轉,07540000
RPPNMLPJQHGGFCF97CB,寶強段,.10,都市：住,1000000,3209,持分移轉,09120000
RPSNMLPJQHGGFCF28CB,安城段,10.76,都市：其他:已開發建築密集地區,100000,590,持分移轉,07570000
RPPNMLPJQHGGFCF97CB,寶強段,.07,都市：住,1000000,3209,持分移轉,09130000
RPSNMLPJQHGGFCF28CB,安城段,1.99,都市：其他:已開發建築密集地區,100000,590,持分移轉,07580000
RPPNMLPJQHGGFCF97CB,寶強段,.10,都市：住,1000000,3209,持分移轉,09140000
RPSNMLPJQHGGFCF28CB,安城段,.14,都市：其他:已開發建築密集地區,100000,590,持分移轉,07600000
RPPNMLPJQHGGFCF97CB,寶強段,.19,都市：住,1000000,3209,持分移轉,09150000
RPSNMLPJQHGGFCF28CB,安城段,1.67,都市：其他:已開發建築密集地區,100000,590,持分移轉,07620000
RPPNMLPJQHGGFCF97CB,寶強段,.15,都市：住,1000000,3209,持分移轉,09160000
RPQNMLPJQHGGFGF48CB,三重段,17.67,都市：住,100000,475,持分移轉,03280000
RPSNMLPJQHGGFCF28CB,安城段,12.52,都市：其他:已開發建築密集地區,100000,590,持分移轉,07630000
RPPNMLPJQHGGFCF97CB,寶強段,.25,都市：住,1000000,3209,持分移轉,09170000
RPSNMLPJQHGGFCF28CB,安城段,1.72,都市：其他:已開發建築密集地區,100000,590,持分移轉,07640000
RPPNMLPJQHGGFCF97CB,寶強段,.13,都市：住,1000000,3209,持分移轉,09180000
RPSNMLPJQHGGFCF28CB,安城段,3.24,都市：其他:已開發建築密集地區,100000,590,持分移轉,07650000
RPPNMLPJQHGGFCF97CB,寶強段,.08,都市：住,1000000,3209,持分移轉,09190000
RPSNMLPJQHGGFCF28CB,安城段,.04,都市：其他:已開發建築密集地區,100000,590,持分移轉,07960000
RPPNMLPJQHGGFCF97CB,寶強段,.09,都市：住,1000000,3209,持分移轉,09200000
RPSNMLPJQHGGFCF28CB,安城段,.07,都市：其他:已開發建築密集地區,100000,590,持分移轉,07970000
RPPNMLPJQHGGFCF97CB,寶強段,2.11,都市：住,1000000,3209,持分移轉,09300000
RPSNMLPJQHGGFCF28CB,安城段,.45,都市：其他:已開發建築密集地區,100000,590,持分移轉,07980000
RPPNMLPJQHGGFCF97CB,寶強段,.22,都市：住,1000000,3209,持分移轉,09300001
RPSNMLPJQHGGFCF28CB,安城段,.66,都市：其他:已開發建築密集地區,100000,590,持分移轉,07990000
RPPNMLPJQHGGFCF97CB,寶強段,.20,都市：住,1000000,3209,持分移轉,09310000
RPSNMLPJQHGGFCF28CB,安城段,.11,都市：其他:已開發建築密集地區,100000,590,持分移轉,08030000
RPPNMLPJQHGGFCF97CB,寶強段,.35,都市：住,1000000,3209,持分移轉,09360000
RPPNMLPJQHGGFCF97CB,寶強段,.35,都市：住,1000000,3209,持分移轉,09370000
RPPNMLPJQHGGFCF97CB,寶強段,.36,都市：住,1000000,3209,持分移轉,09380000
RPPNMLPJQHGGFCF97CB,寶強段,.47,都市：住,1000000,3209,持分移轉,09390000
RPPNMLPJQHGGFCF97CB,寶強段,.57,都市：住,1000000,3209,持分移轉,09400000
RPPNMLPJQHGGFCF97CB,寶強段,.64,都市：住,1000000,3209,持分移轉,09410000
RPPNMLPJQHGGFCF97CB,寶強段,.01,都市：住,1000000,3209,持分移轉,09430000
RPPNMLPJQHGGFCF97CB,寶強段,.78,都市：住,1000000,3209,持分移轉,09440000
RPPNMLPJQHGGFCF97CB,寶強段,.14,都市：住,1000000,3209,持分移轉,09450000
RPPNMLPJQHGGFCF97CB,寶強段,.40,都市：住,1000000,3209,持分移轉,09460000
RPPNMLPJQHGGFCF97CB,寶強段,.16,都市：住,1000000,3209,持分移轉,09470000
RPPNMLPJQHGGFCF97CB,寶強段,.42,都市：住,1000000,3209,持分移轉,09480000
RPPNMLPJQHGGFCF97CB,寶強段,.40,都市：住,1000000,3209,持分移轉,09490000
RPPNMLPJQHGGFCF97CB,寶強段,.46,都市：住,1000000,3209,持分移轉,09500000
RPPNMLPJQHGGFCF97CB,寶強段,.37,都市：住,1000000,3209,持分移轉,09510000
RPPNMLPJQHGGFCF97CB,寶強段,.47,都市：住,1000000,3209,持分移轉,09330000
RPPNMLPJQHGGFCF97CB,寶強段,.21,都市：住,1000000,3209,持分移轉,09340000
RPPNMLPJQHGGFCF97CB,寶強段,.15,都市：住,1000000,3209,持分移轉,09350000
RPPNMLPJQHGGFCF97CB,寶強段,.00,都市：住,1000000,3209,持分移轉,08530001
RPPNMLPJQHGGFCF97CB,寶強段,.57,都市：住,1000000,3209,持分移轉,09420000
RPPNMLPJQHGGFCF97CB,寶強段,2.84,都市：住,1000000,3209,持分移轉,08560000
RPPNMLPJQHGGFCF97CB,寶強段,.21,都市：住,1000000,3209,持分移轉,08570000
RPPNMLPJQHGGFCF97CB,寶強段,.09,都市：住,1000000,3209,持分移轉,09230000
RPSNMLPJQHGGFGF68CB,三重段,14.77,都市：住,100000,397,持分移轉,03280000
RPRNMLPJQHGGFGF58CB,三重段,24.33,都市：住,100000,654,持分移轉,03280000
RPTNMLPJQHGGFGF78CB,三重段,14.77,都市：住,100000,397,持分移轉,03280000
RPWNMLPJQHGGFGF09CB,三重段,17.71,都市：住,100000,476,持分移轉,03280000
RPVNMLPJQHGGFGF98CB,三重段,17.67,都市：住,100000,475,持分移轉,03280000
RPUNMLPJQHGGFGF88CB,三重段,17.67,都市：住,100000,475,持分移轉,03280000
RPQNMLPJQHGGFAF97DB,新都段,19.73,都市：住,1000000,2619,持分移轉,00960000
RPSNMLPJQHGGFAF18DB,新都段,19.73,都市：住,1000000,2619,持分移轉,00960000
RPRNMLPJQHGGFAF08DB,新都段,19.73,都市：住,1000000,2619,持分移轉,00960000
RPXNMLPJQHGGFGF56CB,三重段,22.36,都市：住,100000,601,持分移轉,03280000
RPOOMLPJQHGGFGF38CB,三重段,23.51,都市：住,100000,632,持分移轉,03280000
RPPNMLPJQHGGFAF87DB,新都段,19.73,都市：住,1000000,2619,持分移轉,00960000
RPQOMLPJQHGGFGF58CB,三重段,15.58,都市：住,100000,1015,持分移轉,04040000
RPSOMLPJQHGGFGF78CB,仁信段,21.01,都市：住,10000,97,持分移轉,00150000
RPPOMLPJQHGGFGF48CB,三重段,17.71,都市：住,100000,476,持分移轉,03280000
RPTOMLPJQHGGFGF88CB,仁信段,21.01,都市：住,10000,97,持分移轉,00150000
RPRNMLPJQHGGFIF78CB,鳳鳴段,29.72,都市：住,10000,193,持分移轉,03210000
RPSNMLPJQHGGFIF88CB,鳳鳴段,29.87,都市：住,10000,194,持分移轉,03210000
RPUOMLPJQHGGFGF98CB,仁信段,21.01,都市：住,10000,97,持分移轉,00150000
RPPNMLPJQHGGFHF48CB,信義段,.08,都市：其他:商業區，住宅區,10000,69,持分移轉,11350001
RPWOMLPJQHGGFGF56CB,三重段,20.07,都市：住,100000,593,持分移轉,04470000
RPPNMLPJQHGGFHF48CB,信義段,.75,都市：其他:商業區，住宅區,10000,69,持分移轉,11350000
RPPNMLPJQHGGFHF48CB,信義段,3.31,都市：其他:商業區，住宅區,10000,69,持分移轉,11360000
RPPNMLPJQHGGFHF48CB,信義段,.08,都市：其他:商業區，住宅區,10000,69,持分移轉,11460001
RPPNMLPJQHGGFHF48CB,信義段,1.10,都市：其他:商業區，住宅區,10000,69,持分移轉,11460000
RPPNMLPJQHGGFHF48CB,信義段,1.29,都市：其他:商業區，住宅區,10000,69,持分移轉,11480000
RPPNMLPJQHGGFHF48CB,信義段,.13,都市：其他:商業區，住宅區,10000,69,持分移轉,11450000
RPRNMLPJQHGGFHF68CB,信義段,.15,都市：其他:商業區，住宅區,10000,139,持分移轉,11350001
RPRNMLPJQHGGFHF68CB,信義段,1.50,都市：其他:商業區，住宅區,10000,139,持分移轉,11350000
RPRNMLPJQHGGFHF68CB,信義段,6.66,都市：其他:商業區，住宅區,10000,139,持分移轉,11360000
RPRNMLPJQHGGFHF68CB,信義段,.16,都市：其他:商業區，住宅區,10000,139,持分移轉,11460001
RPRNMLPJQHGGFHF68CB,信義段,2.22,都市：其他:商業區，住宅區,10000,139,持分移轉,11460000
RPRNMLPJQHGGFHF68CB,信義段,2.60,都市：其他:商業區，住宅區,10000,139,持分移轉,11480000
RPRNMLPJQHGGFHF68CB,信義段,.26,都市：其他:商業區，住宅區,10000,139,持分移轉,11450000
RPQNMLPJQHGGFHF58CB,信義段,.08,都市：其他:商業區，住宅區,10000,69,持分移轉,11350001
RPQNMLPJQHGGFHF58CB,信義段,.75,都市：其他:商業區，住宅區,10000,69,持分移轉,11350000
RPQNMLPJQHGGFHF58CB,信義段,3.31,都市：其他:商業區，住宅區,10000,69,持分移轉,11360000
RPQNMLPJQHGGFHF58CB,信義段,.08,都市：其他:商業區，住宅區,10000,69,持分移轉,11460001
RPQNMLPJQHGGFHF58CB,信義段,1.10,都市：其他:商業區，住宅區,10000,69,持分移轉,11460000
RPQNMLPJQHGGFHF58CB,信義段,1.29,都市：其他:商業區，住宅區,10000,69,持分移轉,11480000
RPQNMLPJQHGGFHF58CB,信義段,.13,都市：其他:商業區，住宅區,10000,69,持分移轉,11450000
RPTNMLPJQHGGFHF88CB,信義段,.15,都市：其他:商業區，住宅區,10000,139,持分移轉,11350001
RPTNMLPJQHGGFHF88CB,信義段,1.50,都市：其他:商業區，住宅區,10000,139,持分移轉,11350000
RPTNMLPJQHGGFHF88CB,信義段,6.66,都市：其他:商業區，住宅區,10000,139,持分移轉,11360000
RPTNMLPJQHGGFHF88CB,信義段,.16,都市：其他:商業區，住宅區,10000,139,持分移轉,11460001
RPTNMLPJQHGGFHF88CB,信義段,2.22,都市：其他:商業區，住宅區,10000,139,持分移轉,11460000
RPTNMLPJQHGGFHF88CB,信義段,2.60,都市：其他:商業區，住宅區,10000,139,持分移轉,11480000
RPTNMLPJQHGGFHF88CB,信義段,.26,都市：其他:商業區，住宅區,10000,139,持分移轉,11450000
RPUNMLPJQHGGFHF98CB,信義段,.12,都市：其他:商業區，住宅區,10000,112,持分移轉,11350001
RPUNMLPJQHGGFHF98CB,信義段,1.21,都市：其他:商業區，住宅區,10000,112,持分移轉,11350000
RPUNMLPJQHGGFHF98CB,信義段,5.37,都市：其他:商業區，住宅區,10000,112,持分移轉,11360000
RPUNMLPJQHGGFHF98CB,信義段,.13,都市：其他:商業區，住宅區,10000,112,持分移轉,11460001
RPUNMLPJQHGGFHF98CB,信義段,1.79,都市：其他:商業區，住宅區,10000,112,持分移轉,11460000
RPUNMLPJQHGGFHF98CB,信義段,2.09,都市：其他:商業區，住宅區,10000,112,持分移轉,11480000
RPUNMLPJQHGGFHF98CB,信義段,.21,都市：其他:商業區，住宅區,10000,112,持分移轉,11450000
RPXNMLPJQHGGFHF66CB,信義段,.12,都市：其他:商業區，住宅區,10000,112,持分移轉,11350001
RPXNMLPJQHGGFHF66CB,信義段,1.21,都市：其他:商業區，住宅區,10000,112,持分移轉,11350000
RPXNMLPJQHGGFHF66CB,信義段,5.37,都市：其他:商業區，住宅區,10000,112,持分移轉,11360000
RPXNMLPJQHGGFHF66CB,信義段,.13,都市：其他:商業區，住宅區,10000,112,持分移轉,11460001
RPXNMLPJQHGGFHF66CB,信義段,1.79,都市：其他:商業區，住宅區,10000,112,持分移轉,11460000
RPXNMLPJQHGGFHF66CB,信義段,2.09,都市：其他:商業區，住宅區,10000,112,持分移轉,11480000
RPXNMLPJQHGGFHF66CB,信義段,.21,都市：其他:商業區，住宅區,10000,112,持分移轉,11450000
RPQOMLPJQHGGFHF68CB,信義段,3.55,都市：其他:商業區，住宅區,10000,74,持分移轉,11360000
RPQOMLPJQHGGFHF68CB,信義段,.08,都市：其他:商業區，住宅區,10000,74,持分移轉,11460001
RPQOMLPJQHGGFHF68CB,信義段,1.18,都市：其他:商業區，住宅區,10000,74,持分移轉,11460000
RPPOMLPJQHGGFHF58CB,信義段,3.55,都市：其他:商業區，住宅區,10000,74,持分移轉,11360000
RPQOMLPJQHGGFHF68CB,信義段,1.38,都市：其他:商業區，住宅區,10000,74,持分移轉,11480000
RPQOMLPJQHGGFHF68CB,信義段,.14,都市：其他:商業區，住宅區,10000,74,持分移轉,11450000
RPPOMLPJQHGGFHF58CB,信義段,.08,都市：其他:商業區，住宅區,10000,74,持分移轉,11460001
RPQOMLPJQHGGFHF68CB,信義段,.08,都市：其他:商業區，住宅區,10000,74,持分移轉,11350001
RPPOMLPJQHGGFHF58CB,信義段,1.18,都市：其他:商業區，住宅區,10000,74,持分移轉,11460000
RPQOMLPJQHGGFHF68CB,信義段,.80,都市：其他:商業區，住宅區,10000,74,持分移轉,11350000
RPPOMLPJQHGGFHF58CB,信義段,1.38,都市：其他:商業區，住宅區,10000,74,持分移轉,11480000
RPPOMLPJQHGGFHF58CB,信義段,.14,都市：其他:商業區，住宅區,10000,74,持分移轉,11450000
RPPOMLPJQHGGFHF58CB,信義段,.08,都市：其他:商業區，住宅區,10000,74,持分移轉,11350001
RPPOMLPJQHGGFHF58CB,信義段,.80,都市：其他:商業區，住宅區,10000,74,持分移轉,11350000
RPOOMLPJQHGGFHF48CB,信義段,.12,都市：其他:商業區，住宅區,10000,112,持分移轉,11350001
RPOOMLPJQHGGFHF48CB,信義段,1.21,都市：其他:商業區，住宅區,10000,112,持分移轉,11350000
RPOOMLPJQHGGFHF48CB,信義段,5.37,都市：其他:商業區，住宅區,10000,112,持分移轉,11360000
RPSOMLPJQHGGFHF88CB,信義段,.12,都市：其他:商業區，住宅區,10000,111,持分移轉,11350001
RPOOMLPJQHGGFHF48CB,信義段,.13,都市：其他:商業區，住宅區,10000,112,持分移轉,11460001
RPSOMLPJQHGGFHF88CB,信義段,1.20,都市：其他:商業區，住宅區,10000,111,持分移轉,11350000
RPOOMLPJQHGGFHF48CB,信義段,1.79,都市：其他:商業區，住宅區,10000,112,持分移轉,11460000
RPSOMLPJQHGGFHF88CB,信義段,5.32,都市：其他:商業區，住宅區,10000,111,持分移轉,11360000
RPOOMLPJQHGGFHF48CB,信義段,2.09,都市：其他:商業區，住宅區,10000,112,持分移轉,11480000
RPSOMLPJQHGGFHF88CB,信義段,.12,都市：其他:商業區，住宅區,10000,111,持分移轉,11460001
RPOOMLPJQHGGFHF48CB,信義段,.21,都市：其他:商業區，住宅區,10000,112,持分移轉,11450000
RPSOMLPJQHGGFHF88CB,信義段,1.77,都市：其他:商業區，住宅區,10000,111,持分移轉,11460000
RPSOMLPJQHGGFHF88CB,信義段,2.07,都市：其他:商業區，住宅區,10000,111,持分移轉,11480000
RPSOMLPJQHGGFHF88CB,信義段,.21,都市：其他:商業區，住宅區,10000,111,持分移轉,11450000
RPROMLPJQHGGFHF78CB,信義段,3.55,都市：其他:商業區，住宅區,10000,74,持分移轉,11360000
RPROMLPJQHGGFHF78CB,信義段,.08,都市：其他:商業區，住宅區,10000,74,持分移轉,11460001
RPROMLPJQHGGFHF78CB,信義段,1.18,都市：其他:商業區，住宅區,10000,74,持分移轉,11460000
RPROMLPJQHGGFHF78CB,信義段,1.38,都市：其他:商業區，住宅區,10000,74,持分移轉,11480000
RPROMLPJQHGGFHF78CB,信義段,.14,都市：其他:商業區，住宅區,10000,74,持分移轉,11450000
RPROMLPJQHGGFHF78CB,信義段,.08,都市：其他:商業區，住宅區,10000,74,持分移轉,11350001
RPROMLPJQHGGFHF78CB,信義段,.80,都市：其他:商業區，住宅區,10000,74,持分移轉,11350000
RPTOMLPJQHGGFHF98CB,信義段,.12,都市：其他:商業區，住宅區,10000,111,持分移轉,11350001
RPTOMLPJQHGGFHF98CB,信義段,1.20,都市：其他:商業區，住宅區,10000,111,持分移轉,11350000
RPTOMLPJQHGGFHF98CB,信義段,5.32,都市：其他:商業區，住宅區,10000,111,持分移轉,11360000
RPTOMLPJQHGGFHF98CB,信義段,.12,都市：其他:商業區，住宅區,10000,111,持分移轉,11460001
RPTOMLPJQHGGFHF98CB,信義段,1.77,都市：其他:商業區，住宅區,10000,111,持分移轉,11460000
RPTOMLPJQHGGFHF98CB,信義段,2.07,都市：其他:商業區，住宅區,10000,111,持分移轉,11480000
RPTOMLPJQHGGFHF98CB,信義段,.21,都市：其他:商業區，住宅區,10000,111,持分移轉,11450000
RPUOMLPJQHGGFHF09CB,信義段,.12,都市：其他:商業區，住宅區,10000,111,持分移轉,11350001
RPUOMLPJQHGGFHF09CB,信義段,1.20,都市：其他:商業區，住宅區,10000,111,持分移轉,11350000
RPUOMLPJQHGGFHF09CB,信義段,5.32,都市：其他:商業區，住宅區,10000,111,持分移轉,11360000
RPUOMLPJQHGGFHF09CB,信義段,.12,都市：其他:商業區，住宅區,10000,111,持分移轉,11460001
RPUOMLPJQHGGFHF09CB,信義段,1.77,都市：其他:商業區，住宅區,10000,111,持分移轉,11460000
RPUOMLPJQHGGFHF09CB,信義段,2.07,都市：其他:商業區，住宅區,10000,111,持分移轉,11480000
RPVOMLPJQHGGFHF56CB,信義段,.13,都市：其他:商業區，住宅區,10000,69,持分移轉,11450000
RPUOMLPJQHGGFHF09CB,信義段,.21,都市：其他:商業區，住宅區,10000,111,持分移轉,11450000
RPVOMLPJQHGGFHF56CB,信義段,.08,都市：其他:商業區，住宅區,10000,69,持分移轉,11350001
RPVOMLPJQHGGFHF56CB,信義段,.75,都市：其他:商業區，住宅區,10000,69,持分移轉,11350000
RPVOMLPJQHGGFHF56CB,信義段,3.31,都市：其他:商業區，住宅區,10000,69,持分移轉,11360000
RPVOMLPJQHGGFHF56CB,信義段,.08,都市：其他:商業區，住宅區,10000,69,持分移轉,11460001
RPVOMLPJQHGGFHF56CB,信義段,1.10,都市：其他:商業區，住宅區,10000,69,持分移轉,11460000
RPVOMLPJQHGGFHF56CB,信義段,1.29,都市：其他:商業區，住宅區,10000,69,持分移轉,11480000
RPPNMLQJQHGGFIF68CB,鳳鳴段,28.14,都市：住,10000,65,持分移轉,00770000
RPRNMLQJQHGGFIF88CB,鳳鳴段,18.18,都市：住,10000,42,持分移轉,00770000
RPTNMLQJQHGGFIF09CB,鳳鳴段,18.18,都市：住,10000,42,持分移轉,00770000
RPWNMLQJQHGGFIF76CB,鳳鳴段,18.18,都市：住,10000,42,持分移轉,00770000
RPVNMLQJQHGGFIF66CB,鳳鳴段,18.18,都市：住,10000,42,持分移轉,00770000
RPXNMLQJQHGGFIF86CB,鳳鳴段,28.14,都市：住,10000,65,持分移轉,00770000
RPOOMLQJQHGGFIF68CB,鳳鳴段,19.05,都市：住,10000,44,持分移轉,00770000
RPPOMLQJQHGGFIF78CB,鳳鳴段,19.05,都市：住,10000,44,持分移轉,00770000
RPQOMLQJQHGGFIF88CB,鳳鳴段,15.15,都市：住,10000,35,持分移轉,00770000
RPROMLQJQHGGFIF98CB,鳳鳴段,16.02,都市：住,10000,37,持分移轉,00770000
RPSOMLQJQHGGFIF09CB,鳳鳴段,16.02,都市：住,10000,37,持分移轉,00770000
RPVOMLQJQHGGFIF76CB,鳳鳴段,26.41,都市：住,10000,61,持分移轉,00770000
RPTOMLQJQHGGFIF56CB,鳳鳴段,16.02,都市：住,10000,37,持分移轉,00770000
RPRNMLQJQHGGFBF18CB,力行段,16.42,都市：商,100000,805,持分移轉,00840000
RPPNMLQJQHGGFBF97CB,中原段,3.83,都市：住,10000,53,持分移轉,01060000
RPPNMLQJQHGGFBF97CB,中原段,4.14,都市：住,10000,53,持分移轉,01080000
RPPNMLQJQHGGFBF97CB,中原段,2.66,都市：住,10000,53,持分移轉,01090000
RPPNMLQJQHGGFCF08CB,斯馨段,21.33,都市：住,100000,333,持分移轉,00280000
RPPNMLQJQHGGFBF97CB,中原段,3.23,都市：住,10000,53,持分移轉,01090001
RPPRMLQJQHGGFAF28CB,員和段,6.49,都市：住,1000000,638,持分移轉,01230004
RPPRMLQJQHGGFAF28CB,員和段,6.14,都市：住,1000000,638,持分移轉,01230011
RPPRMLQJQHGGFAF28CB,員和段,.14,都市：住,1000000,638,持分移轉,01270000
RPPRMLQJQHGGFAF28CB,員和段,.04,都市：住,1000000,638,持分移轉,01280000
RPPNMLRJQHGGFGF68DB,正義段,14.25,都市：住,100000,971,持分移轉,01480000
RPPNMLRJQHGGFGF68DB,正義段,1.63,都市：住,100000,971,持分移轉,01490000
RPPNMLRJQHGGFGF68DB,正義段,4.05,都市：住,100000,971,持分移轉,01590000
RPPNMLQJQHGGFGF58DB,福德北段,17.93,都市：住,100000,4937,持分移轉,01380000
RPQNMLRJQHGGFAF18DB,板翠段,.17,都市：住,1000000,5791,持分移轉,00680001
RPQNMLRJQHGGFAF18DB,板翠段,1.92,都市：住,1000000,5791,持分移轉,00690000
RPQNMLRJQHGGFAF18DB,板翠段,1.92,都市：住,1000000,5791,持分移轉,00700000
RPQNMLRJQHGGFAF18DB,板翠段,.86,都市：住,1000000,5791,持分移轉,00710000
RPQNMLRJQHGGFAF18DB,板翠段,3.93,都市：住,1000000,5791,持分移轉,00720000
RPQNMLRJQHGGFAF18DB,板翠段,1.00,都市：住,1000000,5791,持分移轉,00730000
RPQNMLRJQHGGFAF18DB,板翠段,.05,都市：住,1000000,5791,持分移轉,00840000
RPQNMLRJQHGGFAF18DB,板翠段,4.83,都市：住,1000000,5791,持分移轉,00850000
RPQNMLRJQHGGFAF18DB,板翠段,.91,都市：住,1000000,5791,持分移轉,00860000
RPQNMLRJQHGGFAF18DB,板翠段,2.25,都市：住,1000000,5791,持分移轉,00870000
RPRNMLRJQHGGFAF28DB,板翠段,.09,都市：住,1000000,3176,持分移轉,00680001
RPRNMLRJQHGGFAF28DB,板翠段,1.06,都市：住,1000000,3176,持分移轉,00690000
RPRNMLRJQHGGFAF28DB,板翠段,1.06,都市：住,1000000,3176,持分移轉,00700000
RPRNMLRJQHGGFAF28DB,板翠段,.47,都市：住,1000000,3176,持分移轉,00710000
RPRNMLRJQHGGFAF28DB,板翠段,2.15,都市：住,1000000,3176,持分移轉,00720000
RPRNMLRJQHGGFAF28DB,板翠段,.55,都市：住,1000000,3176,持分移轉,00730000
RPRNMLRJQHGGFAF28DB,板翠段,.03,都市：住,1000000,3176,持分移轉,00840000
RPRNMLRJQHGGFAF28DB,板翠段,2.65,都市：住,1000000,3176,持分移轉,00850000
RPRNMLRJQHGGFAF28DB,板翠段,.50,都市：住,1000000,3176,持分移轉,00860000
RPRNMLRJQHGGFAF28DB,板翠段,1.23,都市：住,1000000,3176,持分移轉,00870000
RPSNMLRJQHGGFAF38DB,板翠段,.15,都市：住,1000000,4990,持分移轉,00680001
RPSNMLRJQHGGFAF38DB,板翠段,1.66,都市：住,1000000,4990,持分移轉,00690000
RPSNMLRJQHGGFAF38DB,板翠段,1.66,都市：住,1000000,4990,持分移轉,00700000
RPSNMLRJQHGGFAF38DB,板翠段,.74,都市：住,1000000,4990,持分移轉,00710000
RPSNMLRJQHGGFAF38DB,板翠段,3.38,都市：住,1000000,4990,持分移轉,00720000
RPSNMLRJQHGGFAF38DB,板翠段,.86,都市：住,1000000,4990,持分移轉,00730000
RPSNMLRJQHGGFAF38DB,板翠段,.05,都市：住,1000000,4990,持分移轉,00840000
RPSNMLRJQHGGFAF38DB,板翠段,4.16,都市：住,1000000,4990,持分移轉,00850000
RPSNMLRJQHGGFAF38DB,板翠段,.78,都市：住,1000000,4990,持分移轉,00860000
RPSNMLRJQHGGFAF38DB,板翠段,1.93,都市：住,1000000,4990,持分移轉,00870000
RPROMLRJQHGGFAF38DB,板翠段,.11,都市：住,1000000,3776,持分移轉,00680001
RPROMLRJQHGGFAF38DB,板翠段,1.26,都市：住,1000000,3776,持分移轉,00690000
RPROMLRJQHGGFAF38DB,板翠段,1.26,都市：住,1000000,3776,持分移轉,00700000
RPROMLRJQHGGFAF38DB,板翠段,.56,都市：住,1000000,3776,持分移轉,00710000
RPQOMLRJQHGGFAF28DB,板翠段,.11,都市：住,1000000,3776,持分移轉,00680001
RPROMLRJQHGGFAF38DB,板翠段,2.56,都市：住,1000000,3776,持分移轉,00720000
RPQOMLRJQHGGFAF28DB,板翠段,1.26,都市：住,1000000,3776,持分移轉,00690000
RPROMLRJQHGGFAF38DB,板翠段,.65,都市：住,1000000,3776,持分移轉,00730000
RPQOMLRJQHGGFAF28DB,板翠段,1.26,都市：住,1000000,3776,持分移轉,00700000
RPROMLRJQHGGFAF38DB,板翠段,.03,都市：住,1000000,3776,持分移轉,00840000
RPQOMLRJQHGGFAF28DB,板翠段,.56,都市：住,1000000,3776,持分移轉,00710000
RPROMLRJQHGGFAF38DB,板翠段,3.15,都市：住,1000000,3776,持分移轉,00850000
RPQOMLRJQHGGFAF28DB,板翠段,2.56,都市：住,1000000,3776,持分移轉,00720000
RPROMLRJQHGGFAF38DB,板翠段,.59,都市：住,1000000,3776,持分移轉,00860000
RPROMLRJQHGGFAF38DB,板翠段,1.46,都市：住,1000000,3776,持分移轉,00870000
RPQOMLRJQHGGFAF28DB,板翠段,.65,都市：住,1000000,3776,持分移轉,00730000
RPUNMLRJQHGGFAF58DB,板翠段,.11,都市：住,1000000,3776,持分移轉,00680001
RPQOMLRJQHGGFAF28DB,板翠段,.03,都市：住,1000000,3776,持分移轉,00840000
RPUNMLRJQHGGFAF58DB,板翠段,1.26,都市：住,1000000,3776,持分移轉,00690000
RPQOMLRJQHGGFAF28DB,板翠段,3.15,都市：住,1000000,3776,持分移轉,00850000
RPUNMLRJQHGGFAF58DB,板翠段,1.26,都市：住,1000000,3776,持分移轉,00700000
RPQOMLRJQHGGFAF28DB,板翠段,.59,都市：住,1000000,3776,持分移轉,00860000
RPUNMLRJQHGGFAF58DB,板翠段,.56,都市：住,1000000,3776,持分移轉,00710000
RPQOMLRJQHGGFAF28DB,板翠段,1.46,都市：住,1000000,3776,持分移轉,00870000
RPUNMLRJQHGGFAF58DB,板翠段,2.56,都市：住,1000000,3776,持分移轉,00720000
RPUNMLRJQHGGFAF58DB,板翠段,.65,都市：住,1000000,3776,持分移轉,00730000
RPUNMLRJQHGGFAF58DB,板翠段,.03,都市：住,1000000,3776,持分移轉,00840000
RPUNMLRJQHGGFAF58DB,板翠段,3.15,都市：住,1000000,3776,持分移轉,00850000
RPUNMLRJQHGGFAF58DB,板翠段,.59,都市：住,1000000,3776,持分移轉,00860000
RPUNMLRJQHGGFAF58DB,板翠段,1.46,都市：住,1000000,3776,持分移轉,00870000
RPTOMLRJQHGGFAF58DB,板翠段,.15,都市：住,1000000,4990,持分移轉,00680001
RPTOMLRJQHGGFAF58DB,板翠段,1.66,都市：住,1000000,4990,持分移轉,00690000
RPTOMLRJQHGGFAF58DB,板翠段,1.66,都市：住,1000000,4990,持分移轉,00700000
RPTOMLRJQHGGFAF58DB,板翠段,.74,都市：住,1000000,4990,持分移轉,00710000
RPTOMLRJQHGGFAF58DB,板翠段,3.38,都市：住,1000000,4990,持分移轉,00720000
RPTOMLRJQHGGFAF58DB,板翠段,.86,都市：住,1000000,4990,持分移轉,00730000
RPTOMLRJQHGGFAF58DB,板翠段,.05,都市：住,1000000,4990,持分移轉,00840000
RPTOMLRJQHGGFAF58DB,板翠段,4.16,都市：住,1000000,4990,持分移轉,00850000
RPTOMLRJQHGGFAF58DB,板翠段,.78,都市：住,1000000,4990,持分移轉,00860000
RPTOMLRJQHGGFAF58DB,板翠段,1.93,都市：住,1000000,4990,持分移轉,00870000
RPUOMLRJQHGGFAF68DB,板翠段,.11,都市：住,1000000,3776,持分移轉,00680001
RPUOMLRJQHGGFAF68DB,板翠段,1.26,都市：住,1000000,3776,持分移轉,00690000
RPPNMLRJQHGGFEF48DB,龍米段,24.05,都市：住,10000,74,持分移轉,16890000
RPUOMLRJQHGGFAF68DB,板翠段,1.26,都市：住,1000000,3776,持分移轉,00700000
RPUOMLRJQHGGFAF68DB,板翠段,.56,都市：住,1000000,3776,持分移轉,00710000
RPUOMLRJQHGGFAF68DB,板翠段,2.56,都市：住,1000000,3776,持分移轉,00720000
RPUOMLRJQHGGFAF68DB,板翠段,.65,都市：住,1000000,3776,持分移轉,00730000
RPUOMLRJQHGGFAF68DB,板翠段,.03,都市：住,1000000,3776,持分移轉,00840000
RPUOMLRJQHGGFAF68DB,板翠段,3.15,都市：住,1000000,3776,持分移轉,00850000
RPUOMLRJQHGGFAF68DB,板翠段,.59,都市：住,1000000,3776,持分移轉,00860000
RPUOMLRJQHGGFAF68DB,板翠段,1.46,都市：住,1000000,3776,持分移轉,00870000
RPSNMLRJQHGGFEF78DB,龍米段,24.05,都市：住,10000,74,持分移轉,16890000
RPQNMLRJQHGGFEF58DB,龍米段,24.05,都市：住,10000,74,持分移轉,16890000
RPRNMLRJQHGGFEF68DB,龍米段,24.05,都市：住,10000,74,持分移轉,16890000
RPTNMLRJQHGGFEF88DB,龍米段,24.05,都市：住,10000,74,持分移轉,16890000
RPXNMLRJQHGGFEF66DB,龍米段,24.05,都市：住,10000,74,持分移轉,16890000
RPOOMLRJQHGGFEF48DB,龍米段,24.05,都市：住,10000,74,持分移轉,16890000
RPVNMLRJQHGGFEF09DB,龍米段,24.05,都市：住,10000,74,持分移轉,16890000
RPPOMLRJQHGGFEF58DB,龍米段,28.28,都市：住,10000,87,持分移轉,16890000
RPSOMLRJQHGGFEF88DB,龍米段,28.28,都市：住,10000,87,持分移轉,16890000
RPRNMLRJQHGGFCF48DB,斯馨段,22.20,都市：住,100000,740,持分移轉,01120000
RPROMLRJQHGGFEF78DB,龍米段,28.28,都市：住,10000,87,持分移轉,16890000
RPTOMLRJQHGGFEF98DB,龍米段,16.90,都市：住,10000,52,持分移轉,16890000
RPPNMLRJQHGGFIF78CB,民生段,32.74,都市：住,10000,452,持分移轉,04370000
RPXOMLRJQHGGFEF76DB,龍米段,16.90,都市：住,10000,52,持分移轉,16890000
RPUOMLRJQHGGFEF09DB,龍米段,16.90,都市：住,10000,52,持分移轉,16890000
RPSNMLRJQHGGFCF58DB,斯馨段,22.59,都市：住,100000,753,持分移轉,01120000
RPTNMLRJQHGGFCF68DB,斯馨段,22.62,都市：住,100000,754,持分移轉,01120000
RPQNMLRJQHGGFIF88CB,民生段,22.02,都市：住,10000,304,持分移轉,04370000
RPSNMLRJQHGGFIF09CB,鳳鳴段,4.87,都市：住,100000,1340,持分移轉,02060001
RPSNMLRJQHGGFIF09CB,鳳鳴段,7.86,都市：住,100000,1340,持分移轉,02130000
RPSNMLRJQHGGFIF09CB,鳳鳴段,10.35,都市：住,100000,1340,持分移轉,02140000
RPRNMLRJQHGGFIF98CB,民生段,25.72,都市：住,10000,355,持分移轉,04370000
RPTNMLRJQHGGFIF56CB,鳳鳴段,4.87,都市：住,100000,1340,持分移轉,02060001
RPTNMLRJQHGGFIF56CB,鳳鳴段,7.86,都市：住,100000,1340,持分移轉,02130000
RPTNMLRJQHGGFIF56CB,鳳鳴段,10.35,都市：住,100000,1340,持分移轉,02140000
RPWNMLRJQHGGFIF86CB,鳳鳴段,4.81,都市：住,100000,1323,持分移轉,02060001
RPWNMLRJQHGGFIF86CB,鳳鳴段,7.76,都市：住,100000,1323,持分移轉,02130000
RPWNMLRJQHGGFIF86CB,鳳鳴段,10.21,都市：住,100000,1323,持分移轉,02140000
RPUNMLRJQHGGFIF66CB,鳳鳴段,4.81,都市：住,100000,1323,持分移轉,02060001
RPUNMLRJQHGGFIF66CB,鳳鳴段,7.76,都市：住,100000,1323,持分移轉,02130000
RPUNMLRJQHGGFIF66CB,鳳鳴段,10.21,都市：住,100000,1323,持分移轉,02140000
RPVNMLRJQHGGFIF76CB,鳳鳴段,3.32,都市：住,100000,913,持分移轉,02060001
RPVNMLRJQHGGFIF76CB,鳳鳴段,5.35,都市：住,100000,913,持分移轉,02130000
RPVNMLRJQHGGFIF76CB,鳳鳴段,7.05,都市：住,100000,913,持分移轉,02140000
RPQNMLSJQHGGFEF68DB,龍米段,16.90,都市：住,10000,52,持分移轉,16890000
RPPNMLSJQHGGFEF58DB,龍米段,16.90,都市：住,10000,52,持分移轉,16890000
RPRNMLSJQHGGFEF78DB,龍米段,23.40,都市：住,10000,72,持分移轉,16890000
RPTNMLSJQHGGFEF98DB,龍米段,23.40,都市：住,10000,72,持分移轉,16890000
RPUNMLSJQHGGFEF09DB,龍米段,23.40,都市：住,10000,72,持分移轉,16890000
RPOOMLSJQHGGFEF58DB,龍米段,23.40,都市：住,10000,72,持分移轉,16890000
RPWNMLSJQHGGFEF66DB,龍米段,23.40,都市：住,10000,72,持分移轉,16890000
RPVNMLSJQHGGFEF56DB,龍米段,23.40,都市：住,10000,72,持分移轉,16890000
RPSOMLSJQHGGFEF98DB,龍米段,23.73,都市：住,10000,73,持分移轉,16890000
RPVOMLSJQHGGFEF66DB,龍米段,27.96,都市：住,10000,86,持分移轉,16890000
RPROMLSJQHGGFEF88DB,龍米段,23.73,都市：住,10000,73,持分移轉,16890000
RPUOMLSJQHGGFEF56DB,龍米段,23.73,都市：住,10000,73,持分移轉,16890000
RPOPMLSJQHGGFEF68DB,龍米段,16.90,都市：住,10000,52,持分移轉,16890000
RPRNMLTJQHGGFEF88DB,新市段,11.97,都市：住,10000,85,持分移轉,01820000
RPPPMLSJQHGGFEF78DB,龍米段,16.90,都市：住,10000,52,持分移轉,16890000
RPPNMLTJQHGGFEF68DB,新市段,10.56,都市：住,10000,75,持分移轉,01820000
RPQNMLTJQHGGFEF78DB,新市段,11.97,都市：住,10000,85,持分移轉,01820000
RPVNMLTJQHGGFEF66DB,龍米段,24.05,都市：住,10000,74,持分移轉,16890000
RPTNMLTJQHGGFEF09DB,新市段,16.20,都市：住,10000,115,持分移轉,01820000
RPUNMLTJQHGGFEF56DB,新市段,16.20,都市：住,10000,115,持分移轉,01820000
RPSNMLTJQHGGFEF98DB,新市段,11.97,都市：住,10000,85,持分移轉,01820000
RPWNMLTJQHGGFEF76DB,龍米段,24.05,都市：住,10000,74,持分移轉,16890000
RPXNMLTJQHGGFEF86DB,龍米段,16.90,都市：住,10000,52,持分移轉,16890000
RPPOMLTJQHGGFEF78DB,龍米段,23.73,都市：住,10000,73,持分移轉,16890000
RPOOMLTJQHGGFEF68DB,龍米段,28.28,都市：住,10000,87,持分移轉,16890000
RPQOMLTJQHGGFEF88DB,龍米段,16.90,都市：住,10000,52,持分移轉,16890000
RPPNMLTJQHGGFGF88DB,正義段,14.25,都市：住,100000,971,持分移轉,01480000
RPPNMLTJQHGGFGF88DB,正義段,1.63,都市：住,100000,971,持分移轉,01490000
RPPNMLTJQHGGFGF88DB,正義段,4.05,都市：住,100000,971,持分移轉,01590000
RPTOMLTJQHGGFEF56DB,龍米段,23.40,都市：住,10000,72,持分移轉,16890000
RPSOMLTJQHGGFEF09DB,龍米段,16.90,都市：住,10000,52,持分移轉,16890000
RPROMLTJQHGGFEF98DB,龍米段,16.90,都市：住,10000,52,持分移轉,16890000
RPQNMLTJQHGGFGF98DB,正義段,14.25,都市：住,100000,971,持分移轉,01480000
RPQNMLTJQHGGFGF98DB,正義段,1.63,都市：住,100000,971,持分移轉,01490000
RPQNMLTJQHGGFGF98DB,正義段,4.05,都市：住,100000,971,持分移轉,01590000
RPPNMLTJQHGGFCF48DB,斯馨段,22.74,都市：住,100000,758,持分移轉,01120000
RPRNMLTJQHGGFGF09DB,正義段,12.44,都市：住,100000,848,持分移轉,01480000
RPRNMLTJQHGGFGF09DB,正義段,1.42,都市：住,100000,848,持分移轉,01490000
RPRNMLTJQHGGFGF09DB,正義段,3.54,都市：住,100000,848,持分移轉,01590000
RPTNMLTJQHGGFIF76CB,鳳鳴段,17.61,都市：住,10000,44,持分移轉,02030000
RPOOMLTJQHGGFIF98CB,鳳鳴段,32.82,都市：住,10000,82,持分移轉,02030000
RPXNMLTJQHGGFIF17CB,鳳鳴段,34.02,都市：住,10000,85,持分移轉,02030000
RPVNMLTJQHGGFIF96CB,鳳鳴段,17.61,都市：住,10000,44,持分移轉,02030000
RPOOMLTJQHGGFGF88DB,正義段,12.37,都市：住,100000,843,持分移轉,01480000
RPOOMLTJQHGGFGF88DB,正義段,1.41,都市：住,100000,843,持分移轉,01490000
RPOOMLTJQHGGFGF88DB,正義段,3.52,都市：住,100000,843,持分移轉,01590000
RPROMLTJQHGGFIF66CB,鳳鳴段,17.21,都市：住,10000,43,持分移轉,02030000
RPQOMLTJQHGGFIF56CB,鳳鳴段,32.82,都市：住,10000,82,持分移轉,02030000
RPPQMLTJQHGGFIF66CB,鳳鳴段,17.21,都市：住,10000,43,持分移轉,02030000
RPRQMLTJQHGGFIF86CB,鳳鳴段,17.21,都市：住,10000,43,持分移轉,02030000
RPUQMLTJQHGGFIF17CB,鳳鳴段,27.62,都市：住,10000,69,持分移轉,02030000
RPWQMLTJQHGGFIF37CB,鳳鳴段,16.41,都市：住,10000,41,持分移轉,02030000
RPTQMLTJQHGGFIF07CB,鳳鳴段,17.21,都市：住,10000,43,持分移轉,02030000
RPQNMLTJQHGGFHF98CB,永安段,1.45,都市：商,100000,1829,持分移轉,02850000
RPQNMLTJQHGGFHF98CB,永安段,.05,都市：商,100000,1829,持分移轉,02860000
RPQNMLTJQHGGFHF98CB,永安段,1.78,都市：商,100000,1829,持分移轉,02870000
RPQNMLTJQHGGFHF98CB,永安段,1.93,都市：商,100000,1829,持分移轉,02900000
RPQNMLTJQHGGFHF98CB,永安段,4.92,都市：商,100000,1829,持分移轉,02910000
RPQNMLTJQHGGFHF98CB,永安段,2.01,都市：商,100000,1829,持分移轉,02950000
RPQNMLTJQHGGFHF98CB,永安段,.00,都市：商,100000,1829,持分移轉,02980000
RPQNMLTJQHGGFHF98CB,永安段,.45,都市：商,100000,1829,持分移轉,02990000
RPQRMLTJQHGGFIF86CB,大學段二小段,46.81,都市：住,100000,2494,持分移轉,00600000
RPPNMLTJQHGGFHF88CB,水源段,2.05,都市：商,100000,1079,持分移轉,02240000
RPPNMLTJQHGGFHF88CB,水源段,1.46,都市：商,100000,1079,持分移轉,02280000
RPPNMLTJQHGGFHF88CB,水源段,1.22,都市：商,100000,1079,持分移轉,02310002
RPPNMLTJQHGGFHF88CB,水源段,1.22,都市：商,100000,1079,持分移轉,02310003
RPPNMLTJQHGGFHF88CB,水源段,2.47,都市：商,100000,1079,持分移轉,02310001
RPPNMLTJQHGGFHF88CB,水源段,2.87,都市：商,100000,1079,持分移轉,02310006
RPPNMLTJQHGGFHF88CB,水源段,.59,都市：商,100000,1079,持分移轉,02270004
RPPNMLTJQHGGFHF88CB,水源段,.21,都市：商,100000,1079,持分移轉,02270007
RPPNMLTJQHGGFHF88CB,水源段,.70,都市：商,100000,1079,持分移轉,02270000
RPPNMLTJQHGGFHF88CB,水源段,.31,都市：商,100000,1079,持分移轉,02270003
RPPNMLTJQHGGFHF88CB,水源段,.76,都市：商,100000,1079,持分移轉,02310004
RPPNMLTJQHGGFHF88CB,水源段,.47,都市：商,100000,1079,持分移轉,02270001
RPPNMLTJQHGGFHF88CB,水源段,.18,都市：商,100000,1079,持分移轉,02270002
RPPNMLTJQHGGFHF88CB,水源段,.04,都市：商,100000,1079,持分移轉,02300001
RPPNMLTJQHGGFHF88CB,水源段,.90,都市：商,100000,1079,持分移轉,02290000
RPPNMLTJQHGGFHF88CB,水源段,.58,都市：商,100000,1079,持分移轉,02300000
RPPNMLTJQHGGFGF78CB,富貴段,17.37,都市：住,100000,696,持分移轉,03250000
RPVNMLTJQHGGFGF76CB,仁信段,22.66,都市：住,100000,2583,持分移轉,01090000
RPPNMLTJQHGGFAF18CB,板翠段,1.20,都市：住,1000000,6889,持分移轉,00230000
RPPNMLTJQHGGFAF18CB,板翠段,2.10,都市：住,1000000,6889,持分移轉,00240000
RPPNMLTJQHGGFAF18CB,板翠段,1.57,都市：住,1000000,6889,持分移轉,00250000
RPPNMLTJQHGGFAF18CB,板翠段,6.49,都市：住,1000000,6889,持分移轉,00260000
RPPNMLTJQHGGFAF18CB,板翠段,.85,都市：住,1000000,6889,持分移轉,00470000
RPPNMLTJQHGGFAF18CB,板翠段,1.75,都市：住,1000000,6889,持分移轉,00480000
RPPNMLTJQHGGFAF18CB,板翠段,7.31,都市：住,1000000,6889,持分移轉,00490000
RPPNMLTJQHGGFAF18CB,板翠段,.07,都市：住,1000000,6889,持分移轉,00500001
RPPNMLTJQHGGFAF18CB,板翠段,1.18,都市：住,1000000,6889,持分移轉,00500000
RPRNMLTJQHGGFAF38CB,板翠段,1.31,都市：住,1000000,7533,持分移轉,00230000
RPRNMLTJQHGGFAF38CB,板翠段,2.29,都市：住,1000000,7533,持分移轉,00240000
RPRNMLTJQHGGFAF38CB,板翠段,1.71,都市：住,1000000,7533,持分移轉,00250000
RPRNMLTJQHGGFAF38CB,板翠段,7.10,都市：住,1000000,7533,持分移轉,00260000
RPRNMLTJQHGGFAF38CB,板翠段,.93,都市：住,1000000,7533,持分移轉,00470000
RPRNMLTJQHGGFAF38CB,板翠段,1.92,都市：住,1000000,7533,持分移轉,00480000
RPRNMLTJQHGGFAF38CB,板翠段,7.99,都市：住,1000000,7533,持分移轉,00490000
RPRNMLTJQHGGFAF38CB,板翠段,.07,都市：住,1000000,7533,持分移轉,00500001
RPRNMLTJQHGGFAF38CB,板翠段,1.29,都市：住,1000000,7533,持分移轉,00500000
RPWQMLTJQHGGFAF56CB,員和段,6.49,都市：住,1000000,638,持分移轉,01230004
RPWQMLTJQHGGFAF56CB,員和段,6.14,都市：住,1000000,638,持分移轉,01230011
RPWQMLTJQHGGFAF56CB,員和段,.14,都市：住,1000000,638,持分移轉,01270000
RPXQMLTJQHGGFAF66CB,員和段,4.99,都市：住,1000000,490,持分移轉,01230004
RPWQMLTJQHGGFAF56CB,員和段,.04,都市：住,1000000,638,持分移轉,01280000
RPXQMLTJQHGGFAF66CB,員和段,4.72,都市：住,1000000,490,持分移轉,01230011
RPXQMLTJQHGGFAF66CB,員和段,.11,都市：住,1000000,490,持分移轉,01270000
RPXQMLTJQHGGFAF66CB,員和段,.03,都市：住,1000000,490,持分移轉,01280000
RPVQMLTJQHGGFAF09CB,員和段,4.88,都市：住,1000000,479,持分移轉,01230004
RPVQMLTJQHGGFAF09CB,員和段,4.61,都市：住,1000000,479,持分移轉,01230011
RPVQMLTJQHGGFAF09CB,員和段,.11,都市：住,1000000,479,持分移轉,01270000
RPVQMLTJQHGGFAF09CB,員和段,.03,都市：住,1000000,479,持分移轉,01280000
RPTNMLTJQHGGFAF58CB,板翠段,1.31,都市：住,1000000,7533,持分移轉,00230000
RPTNMLTJQHGGFAF58CB,板翠段,2.29,都市：住,1000000,7533,持分移轉,00240000
RPTNMLTJQHGGFAF58CB,板翠段,1.71,都市：住,1000000,7533,持分移轉,00250000
RPTNMLTJQHGGFAF58CB,板翠段,7.10,都市：住,1000000,7533,持分移轉,00260000
RPTNMLTJQHGGFAF58CB,板翠段,.93,都市：住,1000000,7533,持分移轉,00470000
RPTNMLTJQHGGFAF58CB,板翠段,1.92,都市：住,1000000,7533,持分移轉,00480000
RPTNMLTJQHGGFAF58CB,板翠段,7.99,都市：住,1000000,7533,持分移轉,00490000
RPTNMLTJQHGGFAF58CB,板翠段,.07,都市：住,1000000,7533,持分移轉,00500001
RPTNMLTJQHGGFAF58CB,板翠段,1.29,都市：住,1000000,7533,持分移轉,00500000
RPORMLTJQHGGFAF48CB,員和段,8.26,都市：住,1000000,811,持分移轉,01230004
RPORMLTJQHGGFAF48CB,員和段,7.81,都市：住,1000000,811,持分移轉,01230011
RPORMLTJQHGGFAF48CB,員和段,.18,都市：住,1000000,811,持分移轉,01270000
RPORMLTJQHGGFAF48CB,員和段,.05,都市：住,1000000,811,持分移轉,01280000
RPRRMLTJQHGGFAF78CB,永翠段,18.14,都市：住,1000000,4661,持分移轉,01100000
RPPRMLTJQHGGFAF58CB,員和段,4.88,都市：住,1000000,479,持分移轉,01230004
RPPRMLTJQHGGFAF58CB,員和段,4.61,都市：住,1000000,479,持分移轉,01230011
RPPRMLTJQHGGFAF58CB,員和段,.11,都市：住,1000000,479,持分移轉,01270000
RPPRMLTJQHGGFAF58CB,員和段,.03,都市：住,1000000,479,持分移轉,01280000
RPQRMLTJQHGGFAF68CB,員和段,4.30,都市：住,1000000,422,持分移轉,01230004
RPQRMLTJQHGGFAF68CB,員和段,4.06,都市：住,1000000,422,持分移轉,01230011
RPQRMLTJQHGGFAF68CB,員和段,.10,都市：住,1000000,422,持分移轉,01270000
RPQRMLTJQHGGFAF68CB,員和段,.03,都市：住,1000000,422,持分移轉,01280000
RPQNMLTJQHGGFBF38CB,建林段,6.34,都市：住,10000,31,持分移轉,03190000
RPQNMLTJQHGGFBF38CB,建林段,2.17,都市：住,10000,31,持分移轉,03260000
RPPNMLTJQHGGFBF28CB,建林段,8.39,都市：住,10000,41,持分移轉,03190000
RPPNMLTJQHGGFBF28CB,建林段,2.87,都市：住,10000,41,持分移轉,03260000
RPTNMLTJQHGGFBF68CB,信華段二小段,42.92,都市：住,10000,704,持分移轉,00120000
RPTNMLTJQHGGFBF68CB,信華段二小段,15.08,都市：住,10000,704,持分移轉,00140000
RPTNMLTJQHGGFBF68CB,信華段二小段,17.06,都市：住,10000,704,持分移轉,00150000
RPTNMLTJQHGGFBF68CB,信華段二小段,14.82,都市：住,10000,704,持分移轉,00160000
RPTNMLTJQHGGFBF68CB,信華段二小段,11.39,都市：住,10000,704,持分移轉,00170000
RPUNMLTJQHGGFBF78CB,信華段二小段,42.92,都市：住,10000,704,持分移轉,00120000
RPTNMLTJQHGGFBF68CB,信華段二小段,14.80,都市：住,10000,704,持分移轉,00180000
RPUNMLTJQHGGFBF78CB,信華段二小段,15.08,都市：住,10000,704,持分移轉,00140000
RPTNMLTJQHGGFBF68CB,信華段二小段,15.52,都市：住,10000,704,持分移轉,00190000
RPUNMLTJQHGGFBF78CB,信華段二小段,17.06,都市：住,10000,704,持分移轉,00150000
RPTNMLTJQHGGFBF68CB,信華段一小段,6.26,都市：住,10000,704,持分移轉,00070000
RPUNMLTJQHGGFBF78CB,信華段二小段,14.82,都市：住,10000,704,持分移轉,00160000
RPTNMLTJQHGGFBF68CB,信華段一小段,12.93,都市：住,10000,704,持分移轉,00080000
RPUNMLTJQHGGFBF78CB,信華段二小段,11.39,都市：住,10000,704,持分移轉,00170000
RPUNMLTJQHGGFBF78CB,信華段二小段,14.80,都市：住,10000,704,持分移轉,00180000
RPUNMLTJQHGGFBF78CB,信華段二小段,15.52,都市：住,10000,704,持分移轉,00190000
RPUNMLTJQHGGFBF78CB,信華段一小段,6.26,都市：住,10000,704,持分移轉,00070000
RPUNMLTJQHGGFBF78CB,信華段一小段,12.93,都市：住,10000,704,持分移轉,00080000
RPRNMLTJQHGGFBF48CB,建林段,10.02,都市：住,10000,49,持分移轉,03190000
RPRNMLTJQHGGFBF48CB,建林段,3.43,都市：住,10000,49,持分移轉,03260000
RPVNMLTJQHGGFBF88CB,信華段二小段,42.92,都市：住,10000,704,持分移轉,00120000
RPVNMLTJQHGGFBF88CB,信華段二小段,15.08,都市：住,10000,704,持分移轉,00140000
RPVNMLTJQHGGFBF88CB,信華段二小段,17.06,都市：住,10000,704,持分移轉,00150000
RPVNMLTJQHGGFBF88CB,信華段二小段,14.82,都市：住,10000,704,持分移轉,00160000
RPVNMLTJQHGGFBF88CB,信華段二小段,11.39,都市：住,10000,704,持分移轉,00170000
RPVNMLTJQHGGFBF88CB,信華段二小段,14.80,都市：住,10000,704,持分移轉,00180000
RPVNMLTJQHGGFBF88CB,信華段二小段,15.52,都市：住,10000,704,持分移轉,00190000
RPVNMLTJQHGGFBF88CB,信華段一小段,6.26,都市：住,10000,704,持分移轉,00070000
RPVNMLTJQHGGFBF88CB,信華段一小段,12.93,都市：住,10000,704,持分移轉,00080000
RPWNMLTJQHGGFBF98CB,信華段二小段,42.92,都市：住,10000,704,持分移轉,00120000
RPWNMLTJQHGGFBF98CB,信華段二小段,15.08,都市：住,10000,704,持分移轉,00140000
RPWNMLTJQHGGFBF98CB,信華段二小段,17.06,都市：住,10000,704,持分移轉,00150000
RPWNMLTJQHGGFBF98CB,信華段二小段,14.82,都市：住,10000,704,持分移轉,00160000
RPWNMLTJQHGGFBF98CB,信華段二小段,11.39,都市：住,10000,704,持分移轉,00170000
RPWNMLTJQHGGFBF98CB,信華段二小段,14.80,都市：住,10000,704,持分移轉,00180000
RPWNMLTJQHGGFBF98CB,信華段二小段,15.52,都市：住,10000,704,持分移轉,00190000
RPWNMLTJQHGGFBF98CB,信華段一小段,6.26,都市：住,10000,704,持分移轉,00070000
RPWNMLTJQHGGFBF98CB,信華段一小段,12.93,都市：住,10000,704,持分移轉,00080000
RPXNMLTJQHGGFBF09CB,信華段二小段,42.92,都市：住,10000,704,持分移轉,00120000
RPXNMLTJQHGGFBF09CB,信華段二小段,15.08,都市：住,10000,704,持分移轉,00140000
RPXNMLTJQHGGFBF09CB,信華段二小段,17.06,都市：住,10000,704,持分移轉,00150000
RPXNMLTJQHGGFBF09CB,信華段二小段,14.82,都市：住,10000,704,持分移轉,00160000
RPXNMLTJQHGGFBF09CB,信華段二小段,11.39,都市：住,10000,704,持分移轉,00170000
RPXNMLTJQHGGFBF09CB,信華段二小段,14.80,都市：住,10000,704,持分移轉,00180000
RPXNMLTJQHGGFBF09CB,信華段二小段,15.52,都市：住,10000,704,持分移轉,00190000
RPXNMLTJQHGGFBF09CB,信華段一小段,6.26,都市：住,10000,704,持分移轉,00070000
RPXNMLTJQHGGFBF09CB,信華段一小段,12.93,都市：住,10000,704,持分移轉,00080000
RPOOMLTJQHGGFBF28CB,信華段二小段,42.92,都市：住,10000,704,持分移轉,00120000
RPOOMLTJQHGGFBF28CB,信華段二小段,15.08,都市：住,10000,704,持分移轉,00140000
RPOOMLTJQHGGFBF28CB,信華段二小段,17.06,都市：住,10000,704,持分移轉,00150000
RPOOMLTJQHGGFBF28CB,信華段二小段,14.82,都市：住,10000,704,持分移轉,00160000
RPOOMLTJQHGGFBF28CB,信華段二小段,11.39,都市：住,10000,704,持分移轉,00170000
RPOOMLTJQHGGFBF28CB,信華段二小段,14.80,都市：住,10000,704,持分移轉,00180000
RPOOMLTJQHGGFBF28CB,信華段二小段,15.52,都市：住,10000,704,持分移轉,00190000
RPOOMLTJQHGGFBF28CB,信華段一小段,6.26,都市：住,10000,704,持分移轉,00070000
RPOOMLTJQHGGFBF28CB,信華段一小段,12.93,都市：住,10000,704,持分移轉,00080000
RPPOMLTJQHGGFBF38CB,信華段二小段,42.92,都市：住,10000,704,持分移轉,00120000
RPPOMLTJQHGGFBF38CB,信華段二小段,15.08,都市：住,10000,704,持分移轉,00140000
RPPOMLTJQHGGFBF38CB,信華段二小段,17.06,都市：住,10000,704,持分移轉,00150000
RPPOMLTJQHGGFBF38CB,信華段二小段,14.82,都市：住,10000,704,持分移轉,00160000
RPPOMLTJQHGGFBF38CB,信華段二小段,11.39,都市：住,10000,704,持分移轉,00170000
RPPOMLTJQHGGFBF38CB,信華段二小段,14.80,都市：住,10000,704,持分移轉,00180000
RPPOMLTJQHGGFBF38CB,信華段二小段,15.52,都市：住,10000,704,持分移轉,00190000
RPPOMLTJQHGGFBF38CB,信華段一小段,6.26,都市：住,10000,704,持分移轉,00070000
RPPOMLTJQHGGFBF38CB,信華段一小段,12.93,都市：住,10000,704,持分移轉,00080000
RPUOMLTJQHGGFBF88CB,信華段二小段,42.92,都市：住,10000,704,持分移轉,00120000
RPUOMLTJQHGGFBF88CB,信華段二小段,15.08,都市：住,10000,704,持分移轉,00140000
RPUOMLTJQHGGFBF88CB,信華段二小段,17.06,都市：住,10000,704,持分移轉,00150000
RPUOMLTJQHGGFBF88CB,信華段二小段,14.82,都市：住,10000,704,持分移轉,00160000
RPUOMLTJQHGGFBF88CB,信華段二小段,11.39,都市：住,10000,704,持分移轉,00170000
RPUOMLTJQHGGFBF88CB,信華段二小段,14.80,都市：住,10000,704,持分移轉,00180000
RPSOMLTJQHGGFBF68CB,信華段二小段,42.92,都市：住,10000,704,持分移轉,00120000
RPUOMLTJQHGGFBF88CB,信華段二小段,15.52,都市：住,10000,704,持分移轉,00190000
RPSOMLTJQHGGFBF68CB,信華段二小段,15.08,都市：住,10000,704,持分移轉,00140000
RPUOMLTJQHGGFBF88CB,信華段一小段,6.26,都市：住,10000,704,持分移轉,00070000
RPSOMLTJQHGGFBF68CB,信華段二小段,17.06,都市：住,10000,704,持分移轉,00150000
RPUOMLTJQHGGFBF88CB,信華段一小段,12.93,都市：住,10000,704,持分移轉,00080000
RPSOMLTJQHGGFBF68CB,信華段二小段,14.82,都市：住,10000,704,持分移轉,00160000
RPSOMLTJQHGGFBF68CB,信華段二小段,11.39,都市：住,10000,704,持分移轉,00170000
RPSOMLTJQHGGFBF68CB,信華段二小段,14.80,都市：住,10000,704,持分移轉,00180000
RPSOMLTJQHGGFBF68CB,信華段二小段,15.52,都市：住,10000,704,持分移轉,00190000
RPSOMLTJQHGGFBF68CB,信華段一小段,6.26,都市：住,10000,704,持分移轉,00070000
RPSOMLTJQHGGFBF68CB,信華段一小段,12.93,都市：住,10000,704,持分移轉,00080000
RPQOMLTJQHGGFBF48CB,信華段二小段,42.92,都市：住,10000,704,持分移轉,00120000
RPQOMLTJQHGGFBF48CB,信華段二小段,15.08,都市：住,10000,704,持分移轉,00140000
RPQOMLTJQHGGFBF48CB,信華段二小段,17.06,都市：住,10000,704,持分移轉,00150000
RPQOMLTJQHGGFBF48CB,信華段二小段,14.82,都市：住,10000,704,持分移轉,00160000
RPQOMLTJQHGGFBF48CB,信華段二小段,11.39,都市：住,10000,704,持分移轉,00170000
RPQOMLTJQHGGFBF48CB,信華段二小段,14.80,都市：住,10000,704,持分移轉,00180000
RPQOMLTJQHGGFBF48CB,信華段二小段,15.52,都市：住,10000,704,持分移轉,00190000
RPQOMLTJQHGGFBF48CB,信華段一小段,6.26,都市：住,10000,704,持分移轉,00070000
RPQOMLTJQHGGFBF48CB,信華段一小段,12.93,都市：住,10000,704,持分移轉,00080000
RPROMLTJQHGGFBF58CB,信華段二小段,42.92,都市：住,10000,704,持分移轉,00120000
RPROMLTJQHGGFBF58CB,信華段二小段,15.08,都市：住,10000,704,持分移轉,00140000
RPROMLTJQHGGFBF58CB,信華段二小段,17.06,都市：住,10000,704,持分移轉,00150000
RPROMLTJQHGGFBF58CB,信華段二小段,14.82,都市：住,10000,704,持分移轉,00160000
RPROMLTJQHGGFBF58CB,信華段二小段,11.39,都市：住,10000,704,持分移轉,00170000
RPROMLTJQHGGFBF58CB,信華段二小段,14.80,都市：住,10000,704,持分移轉,00180000
RPROMLTJQHGGFBF58CB,信華段二小段,15.52,都市：住,10000,704,持分移轉,00190000
RPROMLTJQHGGFBF58CB,信華段一小段,6.26,都市：住,10000,704,持分移轉,00070000
RPROMLTJQHGGFBF58CB,信華段一小段,12.93,都市：住,10000,704,持分移轉,00080000
RPTOMLTJQHGGFBF78CB,信華段二小段,42.92,都市：住,10000,704,持分移轉,00120000
RPTOMLTJQHGGFBF78CB,信華段二小段,15.08,都市：住,10000,704,持分移轉,00140000
RPTOMLTJQHGGFBF78CB,信華段二小段,17.06,都市：住,10000,704,持分移轉,00150000
RPTOMLTJQHGGFBF78CB,信華段二小段,14.82,都市：住,10000,704,持分移轉,00160000
RPTOMLTJQHGGFBF78CB,信華段二小段,11.39,都市：住,10000,704,持分移轉,00170000
RPVOMLTJQHGGFBF98CB,信華段二小段,42.92,都市：住,10000,704,持分移轉,00120000
RPTOMLTJQHGGFBF78CB,信華段二小段,14.80,都市：住,10000,704,持分移轉,00180000
RPVOMLTJQHGGFBF98CB,信華段二小段,15.08,都市：住,10000,704,持分移轉,00140000
RPTOMLTJQHGGFBF78CB,信華段二小段,15.52,都市：住,10000,704,持分移轉,00190000
RPVOMLTJQHGGFBF98CB,信華段二小段,17.06,都市：住,10000,704,持分移轉,00150000
RPTOMLTJQHGGFBF78CB,信華段一小段,6.26,都市：住,10000,704,持分移轉,00070000
RPVOMLTJQHGGFBF98CB,信華段二小段,14.82,都市：住,10000,704,持分移轉,00160000
RPTOMLTJQHGGFBF78CB,信華段一小段,12.93,都市：住,10000,704,持分移轉,00080000
RPVOMLTJQHGGFBF98CB,信華段二小段,11.39,都市：住,10000,704,持分移轉,00170000
RPVOMLTJQHGGFBF98CB,信華段二小段,14.80,都市：住,10000,704,持分移轉,00180000
RPVOMLTJQHGGFBF98CB,信華段二小段,15.52,都市：住,10000,704,持分移轉,00190000
RPVOMLTJQHGGFBF98CB,信華段一小段,6.26,都市：住,10000,704,持分移轉,00070000
RPVOMLTJQHGGFBF98CB,信華段一小段,12.93,都市：住,10000,704,持分移轉,00080000
RPWOMLTJQHGGFBF09CB,信華段二小段,29.33,都市：住,10000,481,持分移轉,00120000
RPWOMLTJQHGGFBF09CB,信華段二小段,10.30,都市：住,10000,481,持分移轉,00140000
RPWOMLTJQHGGFBF09CB,信華段二小段,11.65,都市：住,10000,481,持分移轉,00150000
RPWOMLTJQHGGFBF09CB,信華段二小段,10.13,都市：住,10000,481,持分移轉,00160000
RPWOMLTJQHGGFBF09CB,信華段二小段,7.78,都市：住,10000,481,持分移轉,00170000
RPWOMLTJQHGGFBF09CB,信華段二小段,10.11,都市：住,10000,481,持分移轉,00180000
RPWOMLTJQHGGFBF09CB,信華段二小段,10.60,都市：住,10000,481,持分移轉,00190000
RPWOMLTJQHGGFBF09CB,信華段一小段,4.28,都市：住,10000,481,持分移轉,00070000
RPWOMLTJQHGGFBF09CB,信華段一小段,8.83,都市：住,10000,481,持分移轉,00080000
RPXOMLTJQHGGFBF56CB,信華段二小段,29.33,都市：住,10000,481,持分移轉,00120000
RPXOMLTJQHGGFBF56CB,信華段二小段,10.30,都市：住,10000,481,持分移轉,00140000
RPXOMLTJQHGGFBF56CB,信華段二小段,11.65,都市：住,10000,481,持分移轉,00150000
RPXOMLTJQHGGFBF56CB,信華段二小段,10.13,都市：住,10000,481,持分移轉,00160000
RPXOMLTJQHGGFBF56CB,信華段二小段,7.78,都市：住,10000,481,持分移轉,00170000
RPXOMLTJQHGGFBF56CB,信華段二小段,10.11,都市：住,10000,481,持分移轉,00180000
RPXOMLTJQHGGFBF56CB,信華段二小段,10.60,都市：住,10000,481,持分移轉,00190000
RPXOMLTJQHGGFBF56CB,信華段一小段,4.28,都市：住,10000,481,持分移轉,00070000
RPXOMLTJQHGGFBF56CB,信華段一小段,8.83,都市：住,10000,481,持分移轉,00080000
RPOPMLTJQHGGFBF38CB,信華段二小段,29.33,都市：住,10000,481,持分移轉,00120000
RPOPMLTJQHGGFBF38CB,信華段二小段,10.30,都市：住,10000,481,持分移轉,00140000
RPOPMLTJQHGGFBF38CB,信華段二小段,11.65,都市：住,10000,481,持分移轉,00150000
RPOPMLTJQHGGFBF38CB,信華段二小段,10.13,都市：住,10000,481,持分移轉,00160000
RPOPMLTJQHGGFBF38CB,信華段二小段,7.78,都市：住,10000,481,持分移轉,00170000
RPOPMLTJQHGGFBF38CB,信華段二小段,10.11,都市：住,10000,481,持分移轉,00180000
RPOPMLTJQHGGFBF38CB,信華段二小段,10.60,都市：住,10000,481,持分移轉,00190000
RPOPMLTJQHGGFBF38CB,信華段一小段,4.28,都市：住,10000,481,持分移轉,00070000
RPOPMLTJQHGGFBF38CB,信華段一小段,8.83,都市：住,10000,481,持分移轉,00080000
RPQPMLTJQHGGFBF58CB,信華段二小段,29.33,都市：住,10000,481,持分移轉,00120000
RPQPMLTJQHGGFBF58CB,信華段二小段,10.30,都市：住,10000,481,持分移轉,00140000
RPQPMLTJQHGGFBF58CB,信華段二小段,11.65,都市：住,10000,481,持分移轉,00150000
RPQPMLTJQHGGFBF58CB,信華段二小段,10.13,都市：住,10000,481,持分移轉,00160000
RPQPMLTJQHGGFBF58CB,信華段二小段,7.78,都市：住,10000,481,持分移轉,00170000
RPQPMLTJQHGGFBF58CB,信華段二小段,10.11,都市：住,10000,481,持分移轉,00180000
RPQPMLTJQHGGFBF58CB,信華段二小段,10.60,都市：住,10000,481,持分移轉,00190000
RPQPMLTJQHGGFBF58CB,信華段一小段,4.28,都市：住,10000,481,持分移轉,00070000
RPQPMLTJQHGGFBF58CB,信華段一小段,8.83,都市：住,10000,481,持分移轉,00080000
RPUPMLTJQHGGFBF98CB,信華段二小段,29.33,都市：住,10000,481,持分移轉,00120000
RPUPMLTJQHGGFBF98CB,信華段二小段,10.30,都市：住,10000,481,持分移轉,00140000
RPUPMLTJQHGGFBF98CB,信華段二小段,11.65,都市：住,10000,481,持分移轉,00150000
RPUPMLTJQHGGFBF98CB,信華段二小段,10.13,都市：住,10000,481,持分移轉,00160000
RPUPMLTJQHGGFBF98CB,信華段二小段,7.78,都市：住,10000,481,持分移轉,00170000
RPUPMLTJQHGGFBF98CB,信華段二小段,10.11,都市：住,10000,481,持分移轉,00180000
RPUPMLTJQHGGFBF98CB,信華段二小段,10.60,都市：住,10000,481,持分移轉,00190000
RPUPMLTJQHGGFBF98CB,信華段一小段,4.28,都市：住,10000,481,持分移轉,00070000
RPRPMLTJQHGGFBF68CB,信華段二小段,29.33,都市：住,10000,481,持分移轉,00120000
RPUPMLTJQHGGFBF98CB,信華段一小段,8.83,都市：住,10000,481,持分移轉,00080000
RPRPMLTJQHGGFBF68CB,信華段二小段,10.30,都市：住,10000,481,持分移轉,00140000
RPRPMLTJQHGGFBF68CB,信華段二小段,11.65,都市：住,10000,481,持分移轉,00150000
RPRPMLTJQHGGFBF68CB,信華段二小段,10.13,都市：住,10000,481,持分移轉,00160000
RPWPMLTJQHGGFBF56CB,信華段二小段,29.33,都市：住,10000,481,持分移轉,00120000
RPRPMLTJQHGGFBF68CB,信華段二小段,7.78,都市：住,10000,481,持分移轉,00170000
RPWPMLTJQHGGFBF56CB,信華段二小段,10.30,都市：住,10000,481,持分移轉,00140000
RPRPMLTJQHGGFBF68CB,信華段二小段,10.11,都市：住,10000,481,持分移轉,00180000
RPWPMLTJQHGGFBF56CB,信華段二小段,11.65,都市：住,10000,481,持分移轉,00150000
RPRPMLTJQHGGFBF68CB,信華段二小段,10.60,都市：住,10000,481,持分移轉,00190000
RPWPMLTJQHGGFBF56CB,信華段二小段,10.13,都市：住,10000,481,持分移轉,00160000
RPRPMLTJQHGGFBF68CB,信華段一小段,4.28,都市：住,10000,481,持分移轉,00070000
RPWPMLTJQHGGFBF56CB,信華段二小段,7.78,都市：住,10000,481,持分移轉,00170000
RPRPMLTJQHGGFBF68CB,信華段一小段,8.83,都市：住,10000,481,持分移轉,00080000
RPWPMLTJQHGGFBF56CB,信華段二小段,10.11,都市：住,10000,481,持分移轉,00180000
RPWPMLTJQHGGFBF56CB,信華段二小段,10.60,都市：住,10000,481,持分移轉,00190000
RPSPMLTJQHGGFBF78CB,信華段二小段,29.33,都市：住,10000,481,持分移轉,00120000
RPWPMLTJQHGGFBF56CB,信華段一小段,4.28,都市：住,10000,481,持分移轉,00070000
RPSPMLTJQHGGFBF78CB,信華段二小段,10.30,都市：住,10000,481,持分移轉,00140000
RPWPMLTJQHGGFBF56CB,信華段一小段,8.83,都市：住,10000,481,持分移轉,00080000
RPSPMLTJQHGGFBF78CB,信華段二小段,11.65,都市：住,10000,481,持分移轉,00150000
RPSPMLTJQHGGFBF78CB,信華段二小段,10.13,都市：住,10000,481,持分移轉,00160000
RPSPMLTJQHGGFBF78CB,信華段二小段,7.78,都市：住,10000,481,持分移轉,00170000
RPTPMLTJQHGGFBF88CB,信華段二小段,29.33,都市：住,10000,481,持分移轉,00120000
RPSPMLTJQHGGFBF78CB,信華段二小段,10.11,都市：住,10000,481,持分移轉,00180000
RPSPMLTJQHGGFBF78CB,信華段二小段,10.60,都市：住,10000,481,持分移轉,00190000
RPVPMLTJQHGGFBF09CB,信華段二小段,29.33,都市：住,10000,481,持分移轉,00120000
RPTPMLTJQHGGFBF88CB,信華段二小段,10.30,都市：住,10000,481,持分移轉,00140000
RPSPMLTJQHGGFBF78CB,信華段一小段,4.28,都市：住,10000,481,持分移轉,00070000
RPVPMLTJQHGGFBF09CB,信華段二小段,10.30,都市：住,10000,481,持分移轉,00140000
RPSPMLTJQHGGFBF78CB,信華段一小段,8.83,都市：住,10000,481,持分移轉,00080000
RPTPMLTJQHGGFBF88CB,信華段二小段,11.65,都市：住,10000,481,持分移轉,00150000
RPVPMLTJQHGGFBF09CB,信華段二小段,11.65,都市：住,10000,481,持分移轉,00150000
RPTPMLTJQHGGFBF88CB,信華段二小段,10.13,都市：住,10000,481,持分移轉,00160000
RPVPMLTJQHGGFBF09CB,信華段二小段,10.13,都市：住,10000,481,持分移轉,00160000
RPTPMLTJQHGGFBF88CB,信華段二小段,7.78,都市：住,10000,481,持分移轉,00170000
RPVPMLTJQHGGFBF09CB,信華段二小段,7.78,都市：住,10000,481,持分移轉,00170000
RPTPMLTJQHGGFBF88CB,信華段二小段,10.11,都市：住,10000,481,持分移轉,00180000
RPVPMLTJQHGGFBF09CB,信華段二小段,10.11,都市：住,10000,481,持分移轉,00180000
RPTPMLTJQHGGFBF88CB,信華段二小段,10.60,都市：住,10000,481,持分移轉,00190000
RPVPMLTJQHGGFBF09CB,信華段二小段,10.60,都市：住,10000,481,持分移轉,00190000
RPTPMLTJQHGGFBF88CB,信華段一小段,4.28,都市：住,10000,481,持分移轉,00070000
RPVPMLTJQHGGFBF09CB,信華段一小段,4.28,都市：住,10000,481,持分移轉,00070000
RPTPMLTJQHGGFBF88CB,信華段一小段,8.83,都市：住,10000,481,持分移轉,00080000
RPVPMLTJQHGGFBF09CB,信華段一小段,8.83,都市：住,10000,481,持分移轉,00080000
RPXPMLTJQHGGFBF66CB,信華段二小段,29.33,都市：住,10000,481,持分移轉,00120000
RPXPMLTJQHGGFBF66CB,信華段二小段,10.30,都市：住,10000,481,持分移轉,00140000
RPXPMLTJQHGGFBF66CB,信華段二小段,11.65,都市：住,10000,481,持分移轉,00150000
RPXPMLTJQHGGFBF66CB,信華段二小段,10.13,都市：住,10000,481,持分移轉,00160000
RPXPMLTJQHGGFBF66CB,信華段二小段,7.78,都市：住,10000,481,持分移轉,00170000
RPXPMLTJQHGGFBF66CB,信華段二小段,10.11,都市：住,10000,481,持分移轉,00180000
RPXPMLTJQHGGFBF66CB,信華段二小段,10.60,都市：住,10000,481,持分移轉,00190000
RPXPMLTJQHGGFBF66CB,信華段一小段,4.28,都市：住,10000,481,持分移轉,00070000
RPXPMLTJQHGGFBF66CB,信華段一小段,8.83,都市：住,10000,481,持分移轉,00080000
RPOQMLTJQHGGFBF48CB,信華段二小段,29.33,都市：住,10000,481,持分移轉,00120000
RPOQMLTJQHGGFBF48CB,信華段二小段,10.30,都市：住,10000,481,持分移轉,00140000
RPOQMLTJQHGGFBF48CB,信華段二小段,11.65,都市：住,10000,481,持分移轉,00150000
RPOQMLTJQHGGFBF48CB,信華段二小段,10.13,都市：住,10000,481,持分移轉,00160000
RPOQMLTJQHGGFBF48CB,信華段二小段,7.78,都市：住,10000,481,持分移轉,00170000
RPOQMLTJQHGGFBF48CB,信華段二小段,10.11,都市：住,10000,481,持分移轉,00180000
RPOQMLTJQHGGFBF48CB,信華段二小段,10.60,都市：住,10000,481,持分移轉,00190000
RPOQMLTJQHGGFBF48CB,信華段一小段,4.28,都市：住,10000,481,持分移轉,00070000
RPOQMLTJQHGGFBF48CB,信華段一小段,8.83,都市：住,10000,481,持分移轉,00080000
RPQQMLTJQHGGFBF68CB,信華段二小段,36.03,都市：住,10000,591,持分移轉,00120000
RPQQMLTJQHGGFBF68CB,信華段二小段,12.66,都市：住,10000,591,持分移轉,00140000
RPQQMLTJQHGGFBF68CB,信華段二小段,14.32,都市：住,10000,591,持分移轉,00150000
RPQQMLTJQHGGFBF68CB,信華段二小段,12.44,都市：住,10000,591,持分移轉,00160000
RPQQMLTJQHGGFBF68CB,信華段二小段,9.56,都市：住,10000,591,持分移轉,00170000
RPQQMLTJQHGGFBF68CB,信華段二小段,12.42,都市：住,10000,591,持分移轉,00180000
RPQQMLTJQHGGFBF68CB,信華段二小段,13.03,都市：住,10000,591,持分移轉,00190000
RPQQMLTJQHGGFBF68CB,信華段一小段,5.25,都市：住,10000,591,持分移轉,00070000
RPQQMLTJQHGGFBF68CB,信華段一小段,10.85,都市：住,10000,591,持分移轉,00080000
RPRQMLTJQHGGFBF78CB,信華段二小段,36.03,都市：住,10000,591,持分移轉,00120000
RPRQMLTJQHGGFBF78CB,信華段二小段,12.66,都市：住,10000,591,持分移轉,00140000
RPRQMLTJQHGGFBF78CB,信華段二小段,14.32,都市：住,10000,591,持分移轉,00150000
RPRQMLTJQHGGFBF78CB,信華段二小段,12.44,都市：住,10000,591,持分移轉,00160000
RPRQMLTJQHGGFBF78CB,信華段二小段,9.56,都市：住,10000,591,持分移轉,00170000
RPRQMLTJQHGGFBF78CB,信華段二小段,12.42,都市：住,10000,591,持分移轉,00180000
RPRQMLTJQHGGFBF78CB,信華段二小段,13.03,都市：住,10000,591,持分移轉,00190000
RPRQMLTJQHGGFBF78CB,信華段一小段,5.25,都市：住,10000,591,持分移轉,00070000
RPRQMLTJQHGGFBF78CB,信華段一小段,10.85,都市：住,10000,591,持分移轉,00080000
RPWQMLTJQHGGFBF66CB,信華段二小段,36.03,都市：住,10000,591,持分移轉,00120000
RPWQMLTJQHGGFBF66CB,信華段二小段,12.66,都市：住,10000,591,持分移轉,00140000
RPWQMLTJQHGGFBF66CB,信華段二小段,14.32,都市：住,10000,591,持分移轉,00150000
RPTQMLTJQHGGFBF98CB,信華段二小段,36.03,都市：住,10000,591,持分移轉,00120000
RPWQMLTJQHGGFBF66CB,信華段二小段,12.44,都市：住,10000,591,持分移轉,00160000
RPTQMLTJQHGGFBF98CB,信華段二小段,12.66,都市：住,10000,591,持分移轉,00140000
RPWQMLTJQHGGFBF66CB,信華段二小段,9.56,都市：住,10000,591,持分移轉,00170000
RPTQMLTJQHGGFBF98CB,信華段二小段,14.32,都市：住,10000,591,持分移轉,00150000
RPWQMLTJQHGGFBF66CB,信華段二小段,12.42,都市：住,10000,591,持分移轉,00180000
RPWQMLTJQHGGFBF66CB,信華段二小段,13.03,都市：住,10000,591,持分移轉,00190000
RPUQMLTJQHGGFBF09CB,信華段二小段,36.03,都市：住,10000,591,持分移轉,00120000
RPTQMLTJQHGGFBF98CB,信華段二小段,12.44,都市：住,10000,591,持分移轉,00160000
RPWQMLTJQHGGFBF66CB,信華段一小段,5.25,都市：住,10000,591,持分移轉,00070000
RPUQMLTJQHGGFBF09CB,信華段二小段,12.66,都市：住,10000,591,持分移轉,00140000
RPWQMLTJQHGGFBF66CB,信華段一小段,10.85,都市：住,10000,591,持分移轉,00080000
RPTQMLTJQHGGFBF98CB,信華段二小段,9.56,都市：住,10000,591,持分移轉,00170000
RPSQMLTJQHGGFBF88CB,信華段二小段,36.03,都市：住,10000,591,持分移轉,00120000
RPUQMLTJQHGGFBF09CB,信華段二小段,14.32,都市：住,10000,591,持分移轉,00150000
RPTQMLTJQHGGFBF98CB,信華段二小段,12.42,都市：住,10000,591,持分移轉,00180000
RPSQMLTJQHGGFBF88CB,信華段二小段,12.66,都市：住,10000,591,持分移轉,00140000
RPUQMLTJQHGGFBF09CB,信華段二小段,12.44,都市：住,10000,591,持分移轉,00160000
RPTQMLTJQHGGFBF98CB,信華段二小段,13.03,都市：住,10000,591,持分移轉,00190000
RPSQMLTJQHGGFBF88CB,信華段二小段,14.32,都市：住,10000,591,持分移轉,00150000
RPTQMLTJQHGGFBF98CB,信華段一小段,5.25,都市：住,10000,591,持分移轉,00070000
RPVQMLTJQHGGFBF56CB,信華段二小段,36.03,都市：住,10000,591,持分移轉,00120000
RPUQMLTJQHGGFBF09CB,信華段二小段,9.56,都市：住,10000,591,持分移轉,00170000
RPSQMLTJQHGGFBF88CB,信華段二小段,12.44,都市：住,10000,591,持分移轉,00160000
RPTQMLTJQHGGFBF98CB,信華段一小段,10.85,都市：住,10000,591,持分移轉,00080000
RPUQMLTJQHGGFBF09CB,信華段二小段,12.42,都市：住,10000,591,持分移轉,00180000
RPVQMLTJQHGGFBF56CB,信華段二小段,12.66,都市：住,10000,591,持分移轉,00140000
RPSQMLTJQHGGFBF88CB,信華段二小段,9.56,都市：住,10000,591,持分移轉,00170000
RPUQMLTJQHGGFBF09CB,信華段二小段,13.03,都市：住,10000,591,持分移轉,00190000
RPVQMLTJQHGGFBF56CB,信華段二小段,14.32,都市：住,10000,591,持分移轉,00150000
RPSQMLTJQHGGFBF88CB,信華段二小段,12.42,都市：住,10000,591,持分移轉,00180000
RPUQMLTJQHGGFBF09CB,信華段一小段,5.25,都市：住,10000,591,持分移轉,00070000
RPVQMLTJQHGGFBF56CB,信華段二小段,12.44,都市：住,10000,591,持分移轉,00160000
RPSQMLTJQHGGFBF88CB,信華段二小段,13.03,都市：住,10000,591,持分移轉,00190000
RPUQMLTJQHGGFBF09CB,信華段一小段,10.85,都市：住,10000,591,持分移轉,00080000
RPVQMLTJQHGGFBF56CB,信華段二小段,9.56,都市：住,10000,591,持分移轉,00170000
RPSQMLTJQHGGFBF88CB,信華段一小段,5.25,都市：住,10000,591,持分移轉,00070000
RPVQMLTJQHGGFBF56CB,信華段二小段,12.42,都市：住,10000,591,持分移轉,00180000
RPSQMLTJQHGGFBF88CB,信華段一小段,10.85,都市：住,10000,591,持分移轉,00080000
RPVQMLTJQHGGFBF56CB,信華段二小段,13.03,都市：住,10000,591,持分移轉,00190000
RPVQMLTJQHGGFBF56CB,信華段一小段,5.25,都市：住,10000,591,持分移轉,00070000
RPVQMLTJQHGGFBF56CB,信華段一小段,10.85,都市：住,10000,591,持分移轉,00080000
RPXQMLTJQHGGFBF76CB,信華段二小段,36.03,都市：住,10000,591,持分移轉,00120000
RPXQMLTJQHGGFBF76CB,信華段二小段,12.66,都市：住,10000,591,持分移轉,00140000
RPXQMLTJQHGGFBF76CB,信華段二小段,14.32,都市：住,10000,591,持分移轉,00150000
RPXQMLTJQHGGFBF76CB,信華段二小段,12.44,都市：住,10000,591,持分移轉,00160000
RPXQMLTJQHGGFBF76CB,信華段二小段,9.56,都市：住,10000,591,持分移轉,00170000
RPXQMLTJQHGGFBF76CB,信華段二小段,12.42,都市：住,10000,591,持分移轉,00180000
RPXQMLTJQHGGFBF76CB,信華段二小段,13.03,都市：住,10000,591,持分移轉,00190000
RPXQMLTJQHGGFBF76CB,信華段一小段,5.25,都市：住,10000,591,持分移轉,00070000
RPXQMLTJQHGGFBF76CB,信華段一小段,10.85,都市：住,10000,591,持分移轉,00080000
RPORMLTJQHGGFBF58CB,信華段二小段,36.03,都市：住,10000,591,持分移轉,00120000
RPORMLTJQHGGFBF58CB,信華段二小段,12.66,都市：住,10000,591,持分移轉,00140000
RPORMLTJQHGGFBF58CB,信華段二小段,14.32,都市：住,10000,591,持分移轉,00150000
RPPRMLTJQHGGFBF68CB,信華段二小段,36.03,都市：住,10000,591,持分移轉,00120000
RPORMLTJQHGGFBF58CB,信華段二小段,12.44,都市：住,10000,591,持分移轉,00160000
RPPRMLTJQHGGFBF68CB,信華段二小段,12.66,都市：住,10000,591,持分移轉,00140000
RPORMLTJQHGGFBF58CB,信華段二小段,9.56,都市：住,10000,591,持分移轉,00170000
RPPRMLTJQHGGFBF68CB,信華段二小段,14.32,都市：住,10000,591,持分移轉,00150000
RPORMLTJQHGGFBF58CB,信華段二小段,12.42,都市：住,10000,591,持分移轉,00180000
RPPRMLTJQHGGFBF68CB,信華段二小段,12.44,都市：住,10000,591,持分移轉,00160000
RPORMLTJQHGGFBF58CB,信華段二小段,13.03,都市：住,10000,591,持分移轉,00190000
RPPRMLTJQHGGFBF68CB,信華段二小段,9.56,都市：住,10000,591,持分移轉,00170000
RPORMLTJQHGGFBF58CB,信華段一小段,5.25,都市：住,10000,591,持分移轉,00070000
RPPRMLTJQHGGFBF68CB,信華段二小段,12.42,都市：住,10000,591,持分移轉,00180000
RPORMLTJQHGGFBF58CB,信華段一小段,10.85,都市：住,10000,591,持分移轉,00080000
RPPRMLTJQHGGFBF68CB,信華段二小段,13.03,都市：住,10000,591,持分移轉,00190000
RPPRMLTJQHGGFBF68CB,信華段一小段,5.25,都市：住,10000,591,持分移轉,00070000
RPPRMLTJQHGGFBF68CB,信華段一小段,10.85,都市：住,10000,591,持分移轉,00080000
RPQRMLTJQHGGFBF78CB,信華段二小段,36.03,都市：住,10000,591,持分移轉,00120000
RPQRMLTJQHGGFBF78CB,信華段二小段,12.66,都市：住,10000,591,持分移轉,00140000
RPQRMLTJQHGGFBF78CB,信華段二小段,14.32,都市：住,10000,591,持分移轉,00150000
RPRRMLTJQHGGFBF88CB,信華段二小段,36.03,都市：住,10000,591,持分移轉,00120000
RPQRMLTJQHGGFBF78CB,信華段二小段,12.44,都市：住,10000,591,持分移轉,00160000
RPRRMLTJQHGGFBF88CB,信華段二小段,12.66,都市：住,10000,591,持分移轉,00140000
RPQRMLTJQHGGFBF78CB,信華段二小段,9.56,都市：住,10000,591,持分移轉,00170000
RPRRMLTJQHGGFBF88CB,信華段二小段,14.32,都市：住,10000,591,持分移轉,00150000
RPQRMLTJQHGGFBF78CB,信華段二小段,12.42,都市：住,10000,591,持分移轉,00180000
RPRRMLTJQHGGFBF88CB,信華段二小段,12.44,都市：住,10000,591,持分移轉,00160000
RPQRMLTJQHGGFBF78CB,信華段二小段,13.03,都市：住,10000,591,持分移轉,00190000
RPRRMLTJQHGGFBF88CB,信華段二小段,9.56,都市：住,10000,591,持分移轉,00170000
RPQRMLTJQHGGFBF78CB,信華段一小段,5.25,都市：住,10000,591,持分移轉,00070000
RPRRMLTJQHGGFBF88CB,信華段二小段,12.42,都市：住,10000,591,持分移轉,00180000
RPQRMLTJQHGGFBF78CB,信華段一小段,10.85,都市：住,10000,591,持分移轉,00080000
RPRRMLTJQHGGFBF88CB,信華段二小段,13.03,都市：住,10000,591,持分移轉,00190000
RPRRMLTJQHGGFBF88CB,信華段一小段,5.25,都市：住,10000,591,持分移轉,00070000
RPRRMLTJQHGGFBF88CB,信華段一小段,10.85,都市：住,10000,591,持分移轉,00080000
RPTRMLTJQHGGFBF09CB,信華段二小段,50.97,都市：住,10000,836,持分移轉,00120000
RPTRMLTJQHGGFBF09CB,信華段二小段,17.91,都市：住,10000,836,持分移轉,00140000
RPTRMLTJQHGGFBF09CB,信華段二小段,20.25,都市：住,10000,836,持分移轉,00150000
RPTRMLTJQHGGFBF09CB,信華段二小段,17.60,都市：住,10000,836,持分移轉,00160000
RPTRMLTJQHGGFBF09CB,信華段二小段,13.52,都市：住,10000,836,持分移轉,00170000
RPTRMLTJQHGGFBF09CB,信華段二小段,17.57,都市：住,10000,836,持分移轉,00180000
RPVRMLTJQHGGFBF66CB,信華段二小段,50.97,都市：住,10000,836,持分移轉,00120000
RPTRMLTJQHGGFBF09CB,信華段二小段,18.43,都市：住,10000,836,持分移轉,00190000
RPVRMLTJQHGGFBF66CB,信華段二小段,17.91,都市：住,10000,836,持分移轉,00140000
RPTRMLTJQHGGFBF09CB,信華段一小段,7.43,都市：住,10000,836,持分移轉,00070000
RPVRMLTJQHGGFBF66CB,信華段二小段,20.25,都市：住,10000,836,持分移轉,00150000
RPTRMLTJQHGGFBF09CB,信華段一小段,15.35,都市：住,10000,836,持分移轉,00080000
RPVRMLTJQHGGFBF66CB,信華段二小段,17.60,都市：住,10000,836,持分移轉,00160000
RPVRMLTJQHGGFBF66CB,信華段二小段,13.52,都市：住,10000,836,持分移轉,00170000
RPVRMLTJQHGGFBF66CB,信華段二小段,17.57,都市：住,10000,836,持分移轉,00180000
RPVRMLTJQHGGFBF66CB,信華段二小段,18.43,都市：住,10000,836,持分移轉,00190000
RPVRMLTJQHGGFBF66CB,信華段一小段,7.43,都市：住,10000,836,持分移轉,00070000
RPVRMLTJQHGGFBF66CB,信華段一小段,15.35,都市：住,10000,836,持分移轉,00080000
RPURMLTJQHGGFBF56CB,信華段二小段,50.97,都市：住,10000,836,持分移轉,00120000
RPURMLTJQHGGFBF56CB,信華段二小段,17.91,都市：住,10000,836,持分移轉,00140000
RPURMLTJQHGGFBF56CB,信華段二小段,20.25,都市：住,10000,836,持分移轉,00150000
RPURMLTJQHGGFBF56CB,信華段二小段,17.60,都市：住,10000,836,持分移轉,00160000
RPURMLTJQHGGFBF56CB,信華段二小段,13.52,都市：住,10000,836,持分移轉,00170000
RPURMLTJQHGGFBF56CB,信華段二小段,17.57,都市：住,10000,836,持分移轉,00180000
RPURMLTJQHGGFBF56CB,信華段二小段,18.43,都市：住,10000,836,持分移轉,00190000
RPURMLTJQHGGFBF56CB,信華段一小段,7.43,都市：住,10000,836,持分移轉,00070000
RPURMLTJQHGGFBF56CB,信華段一小段,15.35,都市：住,10000,836,持分移轉,00080000
RPXRMLTJQHGGFBF86CB,信華段二小段,50.97,都市：住,10000,836,持分移轉,00120000
RPXRMLTJQHGGFBF86CB,信華段二小段,17.91,都市：住,10000,836,持分移轉,00140000
RPXRMLTJQHGGFBF86CB,信華段二小段,20.25,都市：住,10000,836,持分移轉,00150000
RPXRMLTJQHGGFBF86CB,信華段二小段,17.60,都市：住,10000,836,持分移轉,00160000
RPWRMLTJQHGGFBF76CB,信華段二小段,50.97,都市：住,10000,836,持分移轉,00120000
RPXRMLTJQHGGFBF86CB,信華段二小段,13.52,都市：住,10000,836,持分移轉,00170000
RPWRMLTJQHGGFBF76CB,信華段二小段,17.91,都市：住,10000,836,持分移轉,00140000
RPXRMLTJQHGGFBF86CB,信華段二小段,17.57,都市：住,10000,836,持分移轉,00180000
RPWRMLTJQHGGFBF76CB,信華段二小段,20.25,都市：住,10000,836,持分移轉,00150000
RPXRMLTJQHGGFBF86CB,信華段二小段,18.43,都市：住,10000,836,持分移轉,00190000
RPWRMLTJQHGGFBF76CB,信華段二小段,17.60,都市：住,10000,836,持分移轉,00160000
RPXRMLTJQHGGFBF86CB,信華段一小段,7.43,都市：住,10000,836,持分移轉,00070000
RPWRMLTJQHGGFBF76CB,信華段二小段,13.52,都市：住,10000,836,持分移轉,00170000
RPXRMLTJQHGGFBF86CB,信華段一小段,15.35,都市：住,10000,836,持分移轉,00080000
RPWRMLTJQHGGFBF76CB,信華段二小段,17.57,都市：住,10000,836,持分移轉,00180000
RPWRMLTJQHGGFBF76CB,信華段二小段,18.43,都市：住,10000,836,持分移轉,00190000
RPWRMLTJQHGGFBF76CB,信華段一小段,7.43,都市：住,10000,836,持分移轉,00070000
RPWRMLTJQHGGFBF76CB,信華段一小段,15.35,都市：住,10000,836,持分移轉,00080000
RPOSMLTJQHGGFBF68CB,信華段二小段,50.97,都市：住,10000,836,持分移轉,00120000
RPOSMLTJQHGGFBF68CB,信華段二小段,17.91,都市：住,10000,836,持分移轉,00140000
RPOSMLTJQHGGFBF68CB,信華段二小段,20.25,都市：住,10000,836,持分移轉,00150000
RPOSMLTJQHGGFBF68CB,信華段二小段,17.60,都市：住,10000,836,持分移轉,00160000
RPPSMLTJQHGGFBF78CB,信華段二小段,50.97,都市：住,10000,836,持分移轉,00120000
RPOSMLTJQHGGFBF68CB,信華段二小段,13.52,都市：住,10000,836,持分移轉,00170000
RPPSMLTJQHGGFBF78CB,信華段二小段,17.91,都市：住,10000,836,持分移轉,00140000
RPOSMLTJQHGGFBF68CB,信華段二小段,17.57,都市：住,10000,836,持分移轉,00180000
RPPSMLTJQHGGFBF78CB,信華段二小段,20.25,都市：住,10000,836,持分移轉,00150000
RPOSMLTJQHGGFBF68CB,信華段二小段,18.43,都市：住,10000,836,持分移轉,00190000
RPPSMLTJQHGGFBF78CB,信華段二小段,17.60,都市：住,10000,836,持分移轉,00160000
RPOSMLTJQHGGFBF68CB,信華段一小段,7.43,都市：住,10000,836,持分移轉,00070000
RPPSMLTJQHGGFBF78CB,信華段二小段,13.52,都市：住,10000,836,持分移轉,00170000
RPOSMLTJQHGGFBF68CB,信華段一小段,15.35,都市：住,10000,836,持分移轉,00080000
RPPSMLTJQHGGFBF78CB,信華段二小段,17.57,都市：住,10000,836,持分移轉,00180000
RPPSMLTJQHGGFBF78CB,信華段二小段,18.43,都市：住,10000,836,持分移轉,00190000
RPPSMLTJQHGGFBF78CB,信華段一小段,7.43,都市：住,10000,836,持分移轉,00070000
RPPSMLTJQHGGFBF78CB,信華段一小段,15.35,都市：住,10000,836,持分移轉,00080000
RPSRMLTJQHGGFBF98CB,信華段二小段,50.97,都市：住,10000,836,持分移轉,00120000
RPSRMLTJQHGGFBF98CB,信華段二小段,17.91,都市：住,10000,836,持分移轉,00140000
RPSRMLTJQHGGFBF98CB,信華段二小段,20.25,都市：住,10000,836,持分移轉,00150000
RPSRMLTJQHGGFBF98CB,信華段二小段,17.60,都市：住,10000,836,持分移轉,00160000
RPSRMLTJQHGGFBF98CB,信華段二小段,13.52,都市：住,10000,836,持分移轉,00170000
RPSRMLTJQHGGFBF98CB,信華段二小段,17.57,都市：住,10000,836,持分移轉,00180000
RPSRMLTJQHGGFBF98CB,信華段二小段,18.43,都市：住,10000,836,持分移轉,00190000
RPSRMLTJQHGGFBF98CB,信華段一小段,7.43,都市：住,10000,836,持分移轉,00070000
RPSRMLTJQHGGFBF98CB,信華段一小段,15.35,都市：住,10000,836,持分移轉,00080000
RPQSMLTJQHGGFBF88CB,信華段二小段,50.97,都市：住,10000,836,持分移轉,00120000
RPQSMLTJQHGGFBF88CB,信華段二小段,17.91,都市：住,10000,836,持分移轉,00140000
RPQSMLTJQHGGFBF88CB,信華段二小段,20.25,都市：住,10000,836,持分移轉,00150000
RPQSMLTJQHGGFBF88CB,信華段二小段,17.60,都市：住,10000,836,持分移轉,00160000
RPQSMLTJQHGGFBF88CB,信華段二小段,13.52,都市：住,10000,836,持分移轉,00170000
RPQSMLTJQHGGFBF88CB,信華段二小段,17.57,都市：住,10000,836,持分移轉,00180000
RPQSMLTJQHGGFBF88CB,信華段二小段,18.43,都市：住,10000,836,持分移轉,00190000
RPQSMLTJQHGGFBF88CB,信華段一小段,7.43,都市：住,10000,836,持分移轉,00070000
RPQSMLTJQHGGFBF88CB,信華段一小段,15.35,都市：住,10000,836,持分移轉,00080000
RPRSMLTJQHGGFBF98CB,信華段二小段,50.97,都市：住,10000,836,持分移轉,00120000
RPRSMLTJQHGGFBF98CB,信華段二小段,17.91,都市：住,10000,836,持分移轉,00140000
RPRSMLTJQHGGFBF98CB,信華段二小段,20.25,都市：住,10000,836,持分移轉,00150000
RPRSMLTJQHGGFBF98CB,信華段二小段,17.60,都市：住,10000,836,持分移轉,00160000
RPRSMLTJQHGGFBF98CB,信華段二小段,13.52,都市：住,10000,836,持分移轉,00170000
RPRSMLTJQHGGFBF98CB,信華段二小段,17.57,都市：住,10000,836,持分移轉,00180000
RPRSMLTJQHGGFBF98CB,信華段二小段,18.43,都市：住,10000,836,持分移轉,00190000
RPRSMLTJQHGGFBF98CB,信華段一小段,7.43,都市：住,10000,836,持分移轉,00070000
RPRSMLTJQHGGFBF98CB,信華段一小段,15.35,都市：住,10000,836,持分移轉,00080000
RPSSMLTJQHGGFBF09CB,信華段二小段,50.97,都市：住,10000,836,持分移轉,00120000
RPSSMLTJQHGGFBF09CB,信華段二小段,17.91,都市：住,10000,836,持分移轉,00140000
RPSSMLTJQHGGFBF09CB,信華段二小段,20.25,都市：住,10000,836,持分移轉,00150000
RPSSMLTJQHGGFBF09CB,信華段二小段,17.60,都市：住,10000,836,持分移轉,00160000
RPSSMLTJQHGGFBF09CB,信華段二小段,13.52,都市：住,10000,836,持分移轉,00170000
RPSSMLTJQHGGFBF09CB,信華段二小段,17.57,都市：住,10000,836,持分移轉,00180000
RPSSMLTJQHGGFBF09CB,信華段二小段,18.43,都市：住,10000,836,持分移轉,00190000
RPSSMLTJQHGGFBF09CB,信華段一小段,7.43,都市：住,10000,836,持分移轉,00070000
RPSSMLTJQHGGFBF09CB,信華段一小段,15.35,都市：住,10000,836,持分移轉,00080000
RPTSMLTJQHGGFBF56CB,信華段二小段,50.97,都市：住,10000,836,持分移轉,00120000
RPTSMLTJQHGGFBF56CB,信華段二小段,17.91,都市：住,10000,836,持分移轉,00140000
RPTSMLTJQHGGFBF56CB,信華段二小段,20.25,都市：住,10000,836,持分移轉,00150000
RPTSMLTJQHGGFBF56CB,信華段二小段,17.60,都市：住,10000,836,持分移轉,00160000
RPTSMLTJQHGGFBF56CB,信華段二小段,13.52,都市：住,10000,836,持分移轉,00170000
RPTSMLTJQHGGFBF56CB,信華段二小段,17.57,都市：住,10000,836,持分移轉,00180000
RPTSMLTJQHGGFBF56CB,信華段二小段,18.43,都市：住,10000,836,持分移轉,00190000
RPTSMLTJQHGGFBF56CB,信華段一小段,7.43,都市：住,10000,836,持分移轉,00070000
RPTSMLTJQHGGFBF56CB,信華段一小段,15.35,都市：住,10000,836,持分移轉,00080000
RPVSMLTJQHGGFBF76CB,信華段二小段,36.89,都市：住,10000,605,持分移轉,00120000
RPVSMLTJQHGGFBF76CB,信華段二小段,12.96,都市：住,10000,605,持分移轉,00140000
RPVSMLTJQHGGFBF76CB,信華段二小段,14.66,都市：住,10000,605,持分移轉,00150000
RPVSMLTJQHGGFBF76CB,信華段二小段,12.74,都市：住,10000,605,持分移轉,00160000
RPVSMLTJQHGGFBF76CB,信華段二小段,9.79,都市：住,10000,605,持分移轉,00170000
RPVSMLTJQHGGFBF76CB,信華段二小段,12.72,都市：住,10000,605,持分移轉,00180000
RPVSMLTJQHGGFBF76CB,信華段二小段,13.33,都市：住,10000,605,持分移轉,00190000
RPVSMLTJQHGGFBF76CB,信華段一小段,5.38,都市：住,10000,605,持分移轉,00070000
RPVSMLTJQHGGFBF76CB,信華段一小段,11.11,都市：住,10000,605,持分移轉,00080000
RPUSMLTJQHGGFBF66CB,信華段二小段,50.97,都市：住,10000,836,持分移轉,00120000
RPUSMLTJQHGGFBF66CB,信華段二小段,17.91,都市：住,10000,836,持分移轉,00140000
RPWSMLTJQHGGFBF86CB,信華段二小段,36.89,都市：住,10000,605,持分移轉,00120000
RPUSMLTJQHGGFBF66CB,信華段二小段,20.25,都市：住,10000,836,持分移轉,00150000
RPWSMLTJQHGGFBF86CB,信華段二小段,12.96,都市：住,10000,605,持分移轉,00140000
RPUSMLTJQHGGFBF66CB,信華段二小段,17.60,都市：住,10000,836,持分移轉,00160000
RPWSMLTJQHGGFBF86CB,信華段二小段,14.66,都市：住,10000,605,持分移轉,00150000
RPUSMLTJQHGGFBF66CB,信華段二小段,13.52,都市：住,10000,836,持分移轉,00170000
RPWSMLTJQHGGFBF86CB,信華段二小段,12.74,都市：住,10000,605,持分移轉,00160000
RPUSMLTJQHGGFBF66CB,信華段二小段,17.57,都市：住,10000,836,持分移轉,00180000
RPWSMLTJQHGGFBF86CB,信華段二小段,9.79,都市：住,10000,605,持分移轉,00170000
RPUSMLTJQHGGFBF66CB,信華段二小段,18.43,都市：住,10000,836,持分移轉,00190000
RPWSMLTJQHGGFBF86CB,信華段二小段,12.72,都市：住,10000,605,持分移轉,00180000
RPUSMLTJQHGGFBF66CB,信華段一小段,7.43,都市：住,10000,836,持分移轉,00070000
RPWSMLTJQHGGFBF86CB,信華段二小段,13.33,都市：住,10000,605,持分移轉,00190000
RPUSMLTJQHGGFBF66CB,信華段一小段,15.35,都市：住,10000,836,持分移轉,00080000
RPWSMLTJQHGGFBF86CB,信華段一小段,5.38,都市：住,10000,605,持分移轉,00070000
RPWSMLTJQHGGFBF86CB,信華段一小段,11.11,都市：住,10000,605,持分移轉,00080000
RPXSMLTJQHGGFBF96CB,信華段二小段,36.89,都市：住,10000,605,持分移轉,00120000
RPXSMLTJQHGGFBF96CB,信華段二小段,12.96,都市：住,10000,605,持分移轉,00140000
RPXSMLTJQHGGFBF96CB,信華段二小段,14.66,都市：住,10000,605,持分移轉,00150000
RPXSMLTJQHGGFBF96CB,信華段二小段,12.74,都市：住,10000,605,持分移轉,00160000
RPXSMLTJQHGGFBF96CB,信華段二小段,9.79,都市：住,10000,605,持分移轉,00170000
RPXSMLTJQHGGFBF96CB,信華段二小段,12.72,都市：住,10000,605,持分移轉,00180000
RPXSMLTJQHGGFBF96CB,信華段二小段,13.33,都市：住,10000,605,持分移轉,00190000
RPXSMLTJQHGGFBF96CB,信華段一小段,5.38,都市：住,10000,605,持分移轉,00070000
RPXSMLTJQHGGFBF96CB,信華段一小段,11.11,都市：住,10000,605,持分移轉,00080000
RPOTMLTJQHGGFBF78CB,信華段二小段,36.89,都市：住,10000,605,持分移轉,00120000
RPOTMLTJQHGGFBF78CB,信華段二小段,12.96,都市：住,10000,605,持分移轉,00140000
RPOTMLTJQHGGFBF78CB,信華段二小段,14.66,都市：住,10000,605,持分移轉,00150000
RPOTMLTJQHGGFBF78CB,信華段二小段,12.74,都市：住,10000,605,持分移轉,00160000
RPOTMLTJQHGGFBF78CB,信華段二小段,9.79,都市：住,10000,605,持分移轉,00170000
RPOTMLTJQHGGFBF78CB,信華段二小段,12.72,都市：住,10000,605,持分移轉,00180000
RPOTMLTJQHGGFBF78CB,信華段二小段,13.33,都市：住,10000,605,持分移轉,00190000
RPOTMLTJQHGGFBF78CB,信華段一小段,5.38,都市：住,10000,605,持分移轉,00070000
RPOTMLTJQHGGFBF78CB,信華段一小段,11.11,都市：住,10000,605,持分移轉,00080000
RPPTMLTJQHGGFBF88CB,信華段二小段,36.89,都市：住,10000,605,持分移轉,00120000
RPPTMLTJQHGGFBF88CB,信華段二小段,12.96,都市：住,10000,605,持分移轉,00140000
RPPTMLTJQHGGFBF88CB,信華段二小段,14.66,都市：住,10000,605,持分移轉,00150000
RPPTMLTJQHGGFBF88CB,信華段二小段,12.74,都市：住,10000,605,持分移轉,00160000
RPPTMLTJQHGGFBF88CB,信華段二小段,9.79,都市：住,10000,605,持分移轉,00170000
RPPTMLTJQHGGFBF88CB,信華段二小段,12.72,都市：住,10000,605,持分移轉,00180000
RPPTMLTJQHGGFBF88CB,信華段二小段,13.33,都市：住,10000,605,持分移轉,00190000
RPPTMLTJQHGGFBF88CB,信華段一小段,5.38,都市：住,10000,605,持分移轉,00070000
RPPTMLTJQHGGFBF88CB,信華段一小段,11.11,都市：住,10000,605,持分移轉,00080000
RPSTMLTJQHGGFBF56CB,信華段二小段,36.89,都市：住,10000,605,持分移轉,00120000
RPSTMLTJQHGGFBF56CB,信華段二小段,12.96,都市：住,10000,605,持分移轉,00140000
RPSTMLTJQHGGFBF56CB,信華段二小段,14.66,都市：住,10000,605,持分移轉,00150000
RPSTMLTJQHGGFBF56CB,信華段二小段,12.74,都市：住,10000,605,持分移轉,00160000
RPSTMLTJQHGGFBF56CB,信華段二小段,9.79,都市：住,10000,605,持分移轉,00170000
RPSTMLTJQHGGFBF56CB,信華段二小段,12.72,都市：住,10000,605,持分移轉,00180000
RPSTMLTJQHGGFBF56CB,信華段二小段,13.33,都市：住,10000,605,持分移轉,00190000
RPSTMLTJQHGGFBF56CB,信華段一小段,5.38,都市：住,10000,605,持分移轉,00070000
RPSTMLTJQHGGFBF56CB,信華段一小段,11.11,都市：住,10000,605,持分移轉,00080000
RPQTMLTJQHGGFBF98CB,信華段二小段,36.89,都市：住,10000,605,持分移轉,00120000
RPQTMLTJQHGGFBF98CB,信華段二小段,12.96,都市：住,10000,605,持分移轉,00140000
RPQTMLTJQHGGFBF98CB,信華段二小段,14.66,都市：住,10000,605,持分移轉,00150000
RPQTMLTJQHGGFBF98CB,信華段二小段,12.74,都市：住,10000,605,持分移轉,00160000
RPQTMLTJQHGGFBF98CB,信華段二小段,9.79,都市：住,10000,605,持分移轉,00170000
RPQTMLTJQHGGFBF98CB,信華段二小段,12.72,都市：住,10000,605,持分移轉,00180000
RPQTMLTJQHGGFBF98CB,信華段二小段,13.33,都市：住,10000,605,持分移轉,00190000
RPQTMLTJQHGGFBF98CB,信華段一小段,5.38,都市：住,10000,605,持分移轉,00070000
RPQTMLTJQHGGFBF98CB,信華段一小段,11.11,都市：住,10000,605,持分移轉,00080000
RPXTMLTJQHGGFBF07CB,信華段二小段,36.89,都市：住,10000,605,持分移轉,00120000
RPXTMLTJQHGGFBF07CB,信華段二小段,12.96,都市：住,10000,605,持分移轉,00140000
RPXTMLTJQHGGFBF07CB,信華段二小段,14.66,都市：住,10000,605,持分移轉,00150000
RPXTMLTJQHGGFBF07CB,信華段二小段,12.74,都市：住,10000,605,持分移轉,00160000
RPXTMLTJQHGGFBF07CB,信華段二小段,9.79,都市：住,10000,605,持分移轉,00170000
RPXTMLTJQHGGFBF07CB,信華段二小段,12.72,都市：住,10000,605,持分移轉,00180000
RPXTMLTJQHGGFBF07CB,信華段二小段,13.33,都市：住,10000,605,持分移轉,00190000
RPXTMLTJQHGGFBF07CB,信華段一小段,5.38,都市：住,10000,605,持分移轉,00070000
RPRTMLTJQHGGFBF09CB,信華段二小段,36.89,都市：住,10000,605,持分移轉,00120000
RPXTMLTJQHGGFBF07CB,信華段一小段,11.11,都市：住,10000,605,持分移轉,00080000
RPRTMLTJQHGGFBF09CB,信華段二小段,12.96,都市：住,10000,605,持分移轉,00140000
RPRTMLTJQHGGFBF09CB,信華段二小段,14.66,都市：住,10000,605,持分移轉,00150000
RPRTMLTJQHGGFBF09CB,信華段二小段,12.74,都市：住,10000,605,持分移轉,00160000
RPRTMLTJQHGGFBF09CB,信華段二小段,9.79,都市：住,10000,605,持分移轉,00170000
RPRTMLTJQHGGFBF09CB,信華段二小段,12.72,都市：住,10000,605,持分移轉,00180000
RPRTMLTJQHGGFBF09CB,信華段二小段,13.33,都市：住,10000,605,持分移轉,00190000
RPRTMLTJQHGGFBF09CB,信華段一小段,5.38,都市：住,10000,605,持分移轉,00070000
RPRTMLTJQHGGFBF09CB,信華段一小段,11.11,都市：住,10000,605,持分移轉,00080000
RPUTMLTJQHGGFBF76CB,信華段二小段,36.89,都市：住,10000,605,持分移轉,00120000
RPUTMLTJQHGGFBF76CB,信華段二小段,12.96,都市：住,10000,605,持分移轉,00140000
RPUTMLTJQHGGFBF76CB,信華段二小段,14.66,都市：住,10000,605,持分移轉,00150000
RPUTMLTJQHGGFBF76CB,信華段二小段,12.74,都市：住,10000,605,持分移轉,00160000
RPUTMLTJQHGGFBF76CB,信華段二小段,9.79,都市：住,10000,605,持分移轉,00170000
RPUTMLTJQHGGFBF76CB,信華段二小段,12.72,都市：住,10000,605,持分移轉,00180000
RPUTMLTJQHGGFBF76CB,信華段二小段,13.33,都市：住,10000,605,持分移轉,00190000
RPUTMLTJQHGGFBF76CB,信華段一小段,5.38,都市：住,10000,605,持分移轉,00070000
RPUTMLTJQHGGFBF76CB,信華段一小段,11.11,都市：住,10000,605,持分移轉,00080000
RPTTMLTJQHGGFBF66CB,信華段二小段,36.89,都市：住,10000,605,持分移轉,00120000
RPTTMLTJQHGGFBF66CB,信華段二小段,12.96,都市：住,10000,605,持分移轉,00140000
RPTTMLTJQHGGFBF66CB,信華段二小段,14.66,都市：住,10000,605,持分移轉,00150000
RPTTMLTJQHGGFBF66CB,信華段二小段,12.74,都市：住,10000,605,持分移轉,00160000
RPTTMLTJQHGGFBF66CB,信華段二小段,9.79,都市：住,10000,605,持分移轉,00170000
RPTTMLTJQHGGFBF66CB,信華段二小段,12.72,都市：住,10000,605,持分移轉,00180000
RPTTMLTJQHGGFBF66CB,信華段二小段,13.33,都市：住,10000,605,持分移轉,00190000
RPTTMLTJQHGGFBF66CB,信華段一小段,5.38,都市：住,10000,605,持分移轉,00070000
RPVTMLTJQHGGFBF86CB,信華段二小段,36.89,都市：住,10000,605,持分移轉,00120000
RPTTMLTJQHGGFBF66CB,信華段一小段,11.11,都市：住,10000,605,持分移轉,00080000
RPVTMLTJQHGGFBF86CB,信華段二小段,12.96,都市：住,10000,605,持分移轉,00140000
RPVTMLTJQHGGFBF86CB,信華段二小段,14.66,都市：住,10000,605,持分移轉,00150000
RPVTMLTJQHGGFBF86CB,信華段二小段,12.74,都市：住,10000,605,持分移轉,00160000
RPVTMLTJQHGGFBF86CB,信華段二小段,9.79,都市：住,10000,605,持分移轉,00170000
RPVTMLTJQHGGFBF86CB,信華段二小段,12.72,都市：住,10000,605,持分移轉,00180000
RPVTMLTJQHGGFBF86CB,信華段二小段,13.33,都市：住,10000,605,持分移轉,00190000
RPVTMLTJQHGGFBF86CB,信華段一小段,5.38,都市：住,10000,605,持分移轉,00070000
RPVTMLTJQHGGFBF86CB,信華段一小段,11.11,都市：住,10000,605,持分移轉,00080000
RPWTMLTJQHGGFBF96CB,信華段二小段,36.89,都市：住,10000,605,持分移轉,00120000
RPWTMLTJQHGGFBF96CB,信華段二小段,12.96,都市：住,10000,605,持分移轉,00140000
RPWTMLTJQHGGFBF96CB,信華段二小段,14.66,都市：住,10000,605,持分移轉,00150000
RPWTMLTJQHGGFBF96CB,信華段二小段,12.74,都市：住,10000,605,持分移轉,00160000
RPWTMLTJQHGGFBF96CB,信華段二小段,9.79,都市：住,10000,605,持分移轉,00170000
RPWTMLTJQHGGFBF96CB,信華段二小段,12.72,都市：住,10000,605,持分移轉,00180000
RPWTMLTJQHGGFBF96CB,信華段二小段,13.33,都市：住,10000,605,持分移轉,00190000
RPWTMLTJQHGGFBF96CB,信華段一小段,5.38,都市：住,10000,605,持分移轉,00070000
RPWTMLTJQHGGFBF96CB,信華段一小段,11.11,都市：住,10000,605,持分移轉,00080000
RPOUMLTJQHGGFBF88CB,信華段二小段,36.89,都市：住,10000,605,持分移轉,00120000
RPOUMLTJQHGGFBF88CB,信華段二小段,12.96,都市：住,10000,605,持分移轉,00140000
RPOUMLTJQHGGFBF88CB,信華段二小段,14.66,都市：住,10000,605,持分移轉,00150000
RPOUMLTJQHGGFBF88CB,信華段二小段,12.74,都市：住,10000,605,持分移轉,00160000
RPOUMLTJQHGGFBF88CB,信華段二小段,9.79,都市：住,10000,605,持分移轉,00170000
RPOUMLTJQHGGFBF88CB,信華段二小段,12.72,都市：住,10000,605,持分移轉,00180000
RPOUMLTJQHGGFBF88CB,信華段二小段,13.33,都市：住,10000,605,持分移轉,00190000
RPOUMLTJQHGGFBF88CB,信華段一小段,5.38,都市：住,10000,605,持分移轉,00070000
RPOUMLTJQHGGFBF88CB,信華段一小段,11.11,都市：住,10000,605,持分移轉,00080000
RPPUMLTJQHGGFBF98CB,信華段二小段,36.89,都市：住,10000,605,持分移轉,00120000
RPPUMLTJQHGGFBF98CB,信華段二小段,12.96,都市：住,10000,605,持分移轉,00140000
RPPUMLTJQHGGFBF98CB,信華段二小段,14.66,都市：住,10000,605,持分移轉,00150000
RPPUMLTJQHGGFBF98CB,信華段二小段,12.74,都市：住,10000,605,持分移轉,00160000
RPPUMLTJQHGGFBF98CB,信華段二小段,9.79,都市：住,10000,605,持分移轉,00170000
RPPUMLTJQHGGFBF98CB,信華段二小段,12.72,都市：住,10000,605,持分移轉,00180000
RPPUMLTJQHGGFBF98CB,信華段二小段,13.33,都市：住,10000,605,持分移轉,00190000
RPPUMLTJQHGGFBF98CB,信華段一小段,5.38,都市：住,10000,605,持分移轉,00070000
RPPUMLTJQHGGFBF98CB,信華段一小段,11.11,都市：住,10000,605,持分移轉,00080000
RPRUMLTJQHGGFBF56CB,信華段二小段,36.89,都市：住,10000,605,持分移轉,00120000
RPRUMLTJQHGGFBF56CB,信華段二小段,12.96,都市：住,10000,605,持分移轉,00140000
RPRUMLTJQHGGFBF56CB,信華段二小段,14.66,都市：住,10000,605,持分移轉,00150000
RPTUMLTJQHGGFBF76CB,信華段二小段,36.89,都市：住,10000,605,持分移轉,00120000
RPTUMLTJQHGGFBF76CB,信華段二小段,12.96,都市：住,10000,605,持分移轉,00140000
RPTUMLTJQHGGFBF76CB,信華段二小段,14.66,都市：住,10000,605,持分移轉,00150000
RPSUMLTJQHGGFBF66CB,信華段二小段,36.89,都市：住,10000,605,持分移轉,00120000
RPRUMLTJQHGGFBF56CB,信華段二小段,12.74,都市：住,10000,605,持分移轉,00160000
RPTUMLTJQHGGFBF76CB,信華段二小段,12.74,都市：住,10000,605,持分移轉,00160000
RPSUMLTJQHGGFBF66CB,信華段二小段,12.96,都市：住,10000,605,持分移轉,00140000
RPRUMLTJQHGGFBF56CB,信華段二小段,9.79,都市：住,10000,605,持分移轉,00170000
RPTUMLTJQHGGFBF76CB,信華段二小段,9.79,都市：住,10000,605,持分移轉,00170000
RPSUMLTJQHGGFBF66CB,信華段二小段,14.66,都市：住,10000,605,持分移轉,00150000
RPRUMLTJQHGGFBF56CB,信華段二小段,12.72,都市：住,10000,605,持分移轉,00180000
RPSUMLTJQHGGFBF66CB,信華段二小段,12.74,都市：住,10000,605,持分移轉,00160000
RPUUMLTJQHGGFBF86CB,信華段二小段,36.89,都市：住,10000,605,持分移轉,00120000
RPTUMLTJQHGGFBF76CB,信華段二小段,12.72,都市：住,10000,605,持分移轉,00180000
RPRUMLTJQHGGFBF56CB,信華段二小段,13.33,都市：住,10000,605,持分移轉,00190000
RPSUMLTJQHGGFBF66CB,信華段二小段,9.79,都市：住,10000,605,持分移轉,00170000
RPUUMLTJQHGGFBF86CB,信華段二小段,12.96,都市：住,10000,605,持分移轉,00140000
RPTUMLTJQHGGFBF76CB,信華段二小段,13.33,都市：住,10000,605,持分移轉,00190000
RPRUMLTJQHGGFBF56CB,信華段一小段,5.38,都市：住,10000,605,持分移轉,00070000
RPSUMLTJQHGGFBF66CB,信華段二小段,12.72,都市：住,10000,605,持分移轉,00180000
RPUUMLTJQHGGFBF86CB,信華段二小段,14.66,都市：住,10000,605,持分移轉,00150000
RPTUMLTJQHGGFBF76CB,信華段一小段,5.38,都市：住,10000,605,持分移轉,00070000
RPRUMLTJQHGGFBF56CB,信華段一小段,11.11,都市：住,10000,605,持分移轉,00080000
RPSUMLTJQHGGFBF66CB,信華段二小段,13.33,都市：住,10000,605,持分移轉,00190000
RPUUMLTJQHGGFBF86CB,信華段二小段,12.74,都市：住,10000,605,持分移轉,00160000
RPTUMLTJQHGGFBF76CB,信華段一小段,11.11,都市：住,10000,605,持分移轉,00080000
RPSUMLTJQHGGFBF66CB,信華段一小段,5.38,都市：住,10000,605,持分移轉,00070000
RPUUMLTJQHGGFBF86CB,信華段二小段,9.79,都市：住,10000,605,持分移轉,00170000
RPSUMLTJQHGGFBF66CB,信華段一小段,11.11,都市：住,10000,605,持分移轉,00080000
RPUUMLTJQHGGFBF86CB,信華段二小段,12.72,都市：住,10000,605,持分移轉,00180000
RPUUMLTJQHGGFBF86CB,信華段二小段,13.33,都市：住,10000,605,持分移轉,00190000
RPUUMLTJQHGGFBF86CB,信華段一小段,5.38,都市：住,10000,605,持分移轉,00070000
RPUUMLTJQHGGFBF86CB,信華段一小段,11.11,都市：住,10000,605,持分移轉,00080000
RPQUMLTJQHGGFBF09CB,信華段二小段,36.89,都市：住,10000,605,持分移轉,00120000
RPQUMLTJQHGGFBF09CB,信華段二小段,12.96,都市：住,10000,605,持分移轉,00140000
RPQUMLTJQHGGFBF09CB,信華段二小段,14.66,都市：住,10000,605,持分移轉,00150000
RPWUMLTJQHGGFBF07CB,信華段二小段,36.89,都市：住,10000,605,持分移轉,00120000
RPQUMLTJQHGGFBF09CB,信華段二小段,12.74,都市：住,10000,605,持分移轉,00160000
RPWUMLTJQHGGFBF07CB,信華段二小段,12.96,都市：住,10000,605,持分移轉,00140000
RPQUMLTJQHGGFBF09CB,信華段二小段,9.79,都市：住,10000,605,持分移轉,00170000
RPWUMLTJQHGGFBF07CB,信華段二小段,14.66,都市：住,10000,605,持分移轉,00150000
RPVUMLTJQHGGFBF96CB,信華段二小段,36.89,都市：住,10000,605,持分移轉,00120000
RPQUMLTJQHGGFBF09CB,信華段二小段,12.72,都市：住,10000,605,持分移轉,00180000
RPWUMLTJQHGGFBF07CB,信華段二小段,12.74,都市：住,10000,605,持分移轉,00160000
RPVUMLTJQHGGFBF96CB,信華段二小段,12.96,都市：住,10000,605,持分移轉,00140000
RPQUMLTJQHGGFBF09CB,信華段二小段,13.33,都市：住,10000,605,持分移轉,00190000
RPWUMLTJQHGGFBF07CB,信華段二小段,9.79,都市：住,10000,605,持分移轉,00170000
RPVUMLTJQHGGFBF96CB,信華段二小段,14.66,都市：住,10000,605,持分移轉,00150000
RPQUMLTJQHGGFBF09CB,信華段一小段,5.38,都市：住,10000,605,持分移轉,00070000
RPWUMLTJQHGGFBF07CB,信華段二小段,12.72,都市：住,10000,605,持分移轉,00180000
RPVUMLTJQHGGFBF96CB,信華段二小段,12.74,都市：住,10000,605,持分移轉,00160000
RPQUMLTJQHGGFBF09CB,信華段一小段,11.11,都市：住,10000,605,持分移轉,00080000
RPWUMLTJQHGGFBF07CB,信華段二小段,13.33,都市：住,10000,605,持分移轉,00190000
RPVUMLTJQHGGFBF96CB,信華段二小段,9.79,都市：住,10000,605,持分移轉,00170000
RPWUMLTJQHGGFBF07CB,信華段一小段,5.38,都市：住,10000,605,持分移轉,00070000
RPVUMLTJQHGGFBF96CB,信華段二小段,12.72,都市：住,10000,605,持分移轉,00180000
RPWUMLTJQHGGFBF07CB,信華段一小段,11.11,都市：住,10000,605,持分移轉,00080000
RPVUMLTJQHGGFBF96CB,信華段二小段,13.33,都市：住,10000,605,持分移轉,00190000
RPXUMLTJQHGGFBF17CB,信華段二小段,36.89,都市：住,10000,605,持分移轉,00120000
RPVUMLTJQHGGFBF96CB,信華段一小段,5.38,都市：住,10000,605,持分移轉,00070000
RPXUMLTJQHGGFBF17CB,信華段二小段,12.96,都市：住,10000,605,持分移轉,00140000
RPVUMLTJQHGGFBF96CB,信華段一小段,11.11,都市：住,10000,605,持分移轉,00080000
RPXUMLTJQHGGFBF17CB,信華段二小段,14.66,都市：住,10000,605,持分移轉,00150000
RPXUMLTJQHGGFBF17CB,信華段二小段,12.74,都市：住,10000,605,持分移轉,00160000
RPXUMLTJQHGGFBF17CB,信華段二小段,9.79,都市：住,10000,605,持分移轉,00170000
RPXUMLTJQHGGFBF17CB,信華段二小段,12.72,都市：住,10000,605,持分移轉,00180000
RPXUMLTJQHGGFBF17CB,信華段二小段,13.33,都市：住,10000,605,持分移轉,00190000
RPXUMLTJQHGGFBF17CB,信華段一小段,5.38,都市：住,10000,605,持分移轉,00070000
RPXUMLTJQHGGFBF17CB,信華段一小段,11.11,都市：住,10000,605,持分移轉,00080000
RPOVMLTJQHGGFBF98CB,信華段二小段,36.89,都市：住,10000,605,持分移轉,00120000
RPOVMLTJQHGGFBF98CB,信華段二小段,12.96,都市：住,10000,605,持分移轉,00140000
RPOVMLTJQHGGFBF98CB,信華段二小段,14.66,都市：住,10000,605,持分移轉,00150000
RPOVMLTJQHGGFBF98CB,信華段二小段,12.74,都市：住,10000,605,持分移轉,00160000
RPOVMLTJQHGGFBF98CB,信華段二小段,9.79,都市：住,10000,605,持分移轉,00170000
RPOVMLTJQHGGFBF98CB,信華段二小段,12.72,都市：住,10000,605,持分移轉,00180000
RPOVMLTJQHGGFBF98CB,信華段二小段,13.33,都市：住,10000,605,持分移轉,00190000
RPOVMLTJQHGGFBF98CB,信華段一小段,5.38,都市：住,10000,605,持分移轉,00070000
RPOVMLTJQHGGFBF98CB,信華段一小段,11.11,都市：住,10000,605,持分移轉,00080000
RPPVMLTJQHGGFBF09CB,信華段二小段,36.89,都市：住,10000,605,持分移轉,00120000
RPPVMLTJQHGGFBF09CB,信華段二小段,12.96,都市：住,10000,605,持分移轉,00140000
RPPVMLTJQHGGFBF09CB,信華段二小段,14.66,都市：住,10000,605,持分移轉,00150000
RPPVMLTJQHGGFBF09CB,信華段二小段,12.74,都市：住,10000,605,持分移轉,00160000
RPPVMLTJQHGGFBF09CB,信華段二小段,9.79,都市：住,10000,605,持分移轉,00170000
RPPVMLTJQHGGFBF09CB,信華段二小段,12.72,都市：住,10000,605,持分移轉,00180000
RPPVMLTJQHGGFBF09CB,信華段二小段,13.33,都市：住,10000,605,持分移轉,00190000
RPPVMLTJQHGGFBF09CB,信華段一小段,5.38,都市：住,10000,605,持分移轉,00070000
RPPVMLTJQHGGFBF09CB,信華段一小段,11.11,都市：住,10000,605,持分移轉,00080000
RPUVMLTJQHGGFBF96CB,信華段二小段,50.97,都市：住,10000,836,持分移轉,00120000
RPUVMLTJQHGGFBF96CB,信華段二小段,17.91,都市：住,10000,836,持分移轉,00140000
RPUVMLTJQHGGFBF96CB,信華段二小段,20.25,都市：住,10000,836,持分移轉,00150000
RPQVMLTJQHGGFBF56CB,信華段二小段,36.89,都市：住,10000,605,持分移轉,00120000
RPUVMLTJQHGGFBF96CB,信華段二小段,17.60,都市：住,10000,836,持分移轉,00160000
RPQVMLTJQHGGFBF56CB,信華段二小段,12.96,都市：住,10000,605,持分移轉,00140000
RPUVMLTJQHGGFBF96CB,信華段二小段,13.52,都市：住,10000,836,持分移轉,00170000
RPVVMLTJQHGGFBF07CB,信華段二小段,50.97,都市：住,10000,836,持分移轉,00120000
RPQVMLTJQHGGFBF56CB,信華段二小段,14.66,都市：住,10000,605,持分移轉,00150000
RPUVMLTJQHGGFBF96CB,信華段二小段,17.57,都市：住,10000,836,持分移轉,00180000
RPUVMLTJQHGGFBF96CB,信華段二小段,18.43,都市：住,10000,836,持分移轉,00190000
RPTVMLTJQHGGFBF86CB,信華段二小段,50.97,都市：住,10000,836,持分移轉,00120000
RPVVMLTJQHGGFBF07CB,信華段二小段,17.91,都市：住,10000,836,持分移轉,00140000
RPTVMLTJQHGGFBF86CB,信華段二小段,17.91,都市：住,10000,836,持分移轉,00140000
RPVVMLTJQHGGFBF07CB,信華段二小段,20.25,都市：住,10000,836,持分移轉,00150000
RPUVMLTJQHGGFBF96CB,信華段一小段,7.43,都市：住,10000,836,持分移轉,00070000
RPTVMLTJQHGGFBF86CB,信華段二小段,20.25,都市：住,10000,836,持分移轉,00150000
RPVVMLTJQHGGFBF07CB,信華段二小段,17.60,都市：住,10000,836,持分移轉,00160000
RPRVMLTJQHGGFBF66CB,信華段二小段,50.97,都市：住,10000,836,持分移轉,00120000
RPTVMLTJQHGGFBF86CB,信華段二小段,17.60,都市：住,10000,836,持分移轉,00160000
RPQVMLTJQHGGFBF56CB,信華段二小段,12.74,都市：住,10000,605,持分移轉,00160000
RPVVMLTJQHGGFBF07CB,信華段二小段,13.52,都市：住,10000,836,持分移轉,00170000
RPRVMLTJQHGGFBF66CB,信華段二小段,17.91,都市：住,10000,836,持分移轉,00140000
RPTVMLTJQHGGFBF86CB,信華段二小段,13.52,都市：住,10000,836,持分移轉,00170000
RPVVMLTJQHGGFBF07CB,信華段二小段,17.57,都市：住,10000,836,持分移轉,00180000
RPQVMLTJQHGGFBF56CB,信華段二小段,9.79,都市：住,10000,605,持分移轉,00170000
RPRVMLTJQHGGFBF66CB,信華段二小段,20.25,都市：住,10000,836,持分移轉,00150000
RPTVMLTJQHGGFBF86CB,信華段二小段,17.57,都市：住,10000,836,持分移轉,00180000
RPRVMLTJQHGGFBF66CB,信華段二小段,17.60,都市：住,10000,836,持分移轉,00160000
RPQVMLTJQHGGFBF56CB,信華段二小段,12.72,都市：住,10000,605,持分移轉,00180000
RPTVMLTJQHGGFBF86CB,信華段二小段,18.43,都市：住,10000,836,持分移轉,00190000
RPRVMLTJQHGGFBF66CB,信華段二小段,13.52,都市：住,10000,836,持分移轉,00170000
RPQVMLTJQHGGFBF56CB,信華段二小段,13.33,都市：住,10000,605,持分移轉,00190000
RPTVMLTJQHGGFBF86CB,信華段一小段,7.43,都市：住,10000,836,持分移轉,00070000
RPRVMLTJQHGGFBF66CB,信華段二小段,17.57,都市：住,10000,836,持分移轉,00180000
RPQVMLTJQHGGFBF56CB,信華段一小段,5.38,都市：住,10000,605,持分移轉,00070000
RPTVMLTJQHGGFBF86CB,信華段一小段,15.35,都市：住,10000,836,持分移轉,00080000
RPRVMLTJQHGGFBF66CB,信華段二小段,18.43,都市：住,10000,836,持分移轉,00190000
RPQVMLTJQHGGFBF56CB,信華段一小段,11.11,都市：住,10000,605,持分移轉,00080000
RPVVMLTJQHGGFBF07CB,信華段二小段,18.43,都市：住,10000,836,持分移轉,00190000
RPRVMLTJQHGGFBF66CB,信華段一小段,7.43,都市：住,10000,836,持分移轉,00070000
RPVVMLTJQHGGFBF07CB,信華段一小段,7.43,都市：住,10000,836,持分移轉,00070000
RPVVMLTJQHGGFBF07CB,信華段一小段,15.35,都市：住,10000,836,持分移轉,00080000
RPRVMLTJQHGGFBF66CB,信華段一小段,15.35,都市：住,10000,836,持分移轉,00080000
RPUVMLTJQHGGFBF96CB,信華段一小段,15.35,都市：住,10000,836,持分移轉,00080000
RPWVMLTJQHGGFBF17CB,信華段二小段,50.97,都市：住,10000,836,持分移轉,00120000
RPWVMLTJQHGGFBF17CB,信華段二小段,17.91,都市：住,10000,836,持分移轉,00140000
RPWVMLTJQHGGFBF17CB,信華段二小段,20.25,都市：住,10000,836,持分移轉,00150000
RPWVMLTJQHGGFBF17CB,信華段二小段,17.60,都市：住,10000,836,持分移轉,00160000
RPWVMLTJQHGGFBF17CB,信華段二小段,13.52,都市：住,10000,836,持分移轉,00170000
RPWVMLTJQHGGFBF17CB,信華段二小段,17.57,都市：住,10000,836,持分移轉,00180000
RPWVMLTJQHGGFBF17CB,信華段二小段,18.43,都市：住,10000,836,持分移轉,00190000
RPWVMLTJQHGGFBF17CB,信華段一小段,7.43,都市：住,10000,836,持分移轉,00070000
RPWVMLTJQHGGFBF17CB,信華段一小段,15.35,都市：住,10000,836,持分移轉,00080000
RPSVMLTJQHGGFBF76CB,信華段二小段,50.97,都市：住,10000,836,持分移轉,00120000
RPSVMLTJQHGGFBF76CB,信華段二小段,17.91,都市：住,10000,836,持分移轉,00140000
RPSVMLTJQHGGFBF76CB,信華段二小段,20.25,都市：住,10000,836,持分移轉,00150000
RPSVMLTJQHGGFBF76CB,信華段二小段,17.60,都市：住,10000,836,持分移轉,00160000
RPSVMLTJQHGGFBF76CB,信華段二小段,13.52,都市：住,10000,836,持分移轉,00170000
RPSVMLTJQHGGFBF76CB,信華段二小段,17.57,都市：住,10000,836,持分移轉,00180000
RPSVMLTJQHGGFBF76CB,信華段二小段,18.43,都市：住,10000,836,持分移轉,00190000
RPSVMLTJQHGGFBF76CB,信華段一小段,7.43,都市：住,10000,836,持分移轉,00070000
RPSVMLTJQHGGFBF76CB,信華段一小段,15.35,都市：住,10000,836,持分移轉,00080000
RPXVMLTJQHGGFBF27CB,信華段二小段,50.97,都市：住,10000,836,持分移轉,00120000
RPXVMLTJQHGGFBF27CB,信華段二小段,17.91,都市：住,10000,836,持分移轉,00140000
RPXVMLTJQHGGFBF27CB,信華段二小段,20.25,都市：住,10000,836,持分移轉,00150000
RPXVMLTJQHGGFBF27CB,信華段二小段,17.60,都市：住,10000,836,持分移轉,00160000
RPXVMLTJQHGGFBF27CB,信華段二小段,13.52,都市：住,10000,836,持分移轉,00170000
RPXVMLTJQHGGFBF27CB,信華段二小段,17.57,都市：住,10000,836,持分移轉,00180000
RPXVMLTJQHGGFBF27CB,信華段二小段,18.43,都市：住,10000,836,持分移轉,00190000
RPXVMLTJQHGGFBF27CB,信華段一小段,7.43,都市：住,10000,836,持分移轉,00070000
RPXVMLTJQHGGFBF27CB,信華段一小段,15.35,都市：住,10000,836,持分移轉,00080000
RPPWMLTJQHGGFBF56CB,信華段二小段,50.97,都市：住,10000,836,持分移轉,00120000
RPPWMLTJQHGGFBF56CB,信華段二小段,17.91,都市：住,10000,836,持分移轉,00140000
RPPWMLTJQHGGFBF56CB,信華段二小段,20.25,都市：住,10000,836,持分移轉,00150000
RPPWMLTJQHGGFBF56CB,信華段二小段,17.60,都市：住,10000,836,持分移轉,00160000
RPPWMLTJQHGGFBF56CB,信華段二小段,13.52,都市：住,10000,836,持分移轉,00170000
RPPWMLTJQHGGFBF56CB,信華段二小段,17.57,都市：住,10000,836,持分移轉,00180000
RPPWMLTJQHGGFBF56CB,信華段二小段,18.43,都市：住,10000,836,持分移轉,00190000
RPPWMLTJQHGGFBF56CB,信華段一小段,7.43,都市：住,10000,836,持分移轉,00070000
RPPWMLTJQHGGFBF56CB,信華段一小段,15.35,都市：住,10000,836,持分移轉,00080000
RPOWMLTJQHGGFBF09CB,信華段二小段,50.97,都市：住,10000,836,持分移轉,00120000
RPOWMLTJQHGGFBF09CB,信華段二小段,17.91,都市：住,10000,836,持分移轉,00140000
RPOWMLTJQHGGFBF09CB,信華段二小段,20.25,都市：住,10000,836,持分移轉,00150000
RPOWMLTJQHGGFBF09CB,信華段二小段,17.60,都市：住,10000,836,持分移轉,00160000
RPOWMLTJQHGGFBF09CB,信華段二小段,13.52,都市：住,10000,836,持分移轉,00170000
RPOWMLTJQHGGFBF09CB,信華段二小段,17.57,都市：住,10000,836,持分移轉,00180000
RPOWMLTJQHGGFBF09CB,信華段二小段,18.43,都市：住,10000,836,持分移轉,00190000
RPOWMLTJQHGGFBF09CB,信華段一小段,7.43,都市：住,10000,836,持分移轉,00070000
RPOWMLTJQHGGFBF09CB,信華段一小段,15.35,都市：住,10000,836,持分移轉,00080000
RPVWMLTJQHGGFBF17CB,信華段二小段,36.03,都市：住,10000,591,持分移轉,00120000
RPVWMLTJQHGGFBF17CB,信華段二小段,12.66,都市：住,10000,591,持分移轉,00140000
RPVWMLTJQHGGFBF17CB,信華段二小段,14.32,都市：住,10000,591,持分移轉,00150000
RPVWMLTJQHGGFBF17CB,信華段二小段,12.44,都市：住,10000,591,持分移轉,00160000
RPQWMLTJQHGGFBF66CB,信華段二小段,50.97,都市：住,10000,836,持分移轉,00120000
RPVWMLTJQHGGFBF17CB,信華段二小段,9.56,都市：住,10000,591,持分移轉,00170000
RPQWMLTJQHGGFBF66CB,信華段二小段,17.91,都市：住,10000,836,持分移轉,00140000
RPVWMLTJQHGGFBF17CB,信華段二小段,12.42,都市：住,10000,591,持分移轉,00180000
RPUWMLTJQHGGFBF07CB,信華段二小段,36.03,都市：住,10000,591,持分移轉,00120000
RPQWMLTJQHGGFBF66CB,信華段二小段,20.25,都市：住,10000,836,持分移轉,00150000
RPVWMLTJQHGGFBF17CB,信華段二小段,13.03,都市：住,10000,591,持分移轉,00190000
RPUWMLTJQHGGFBF07CB,信華段二小段,12.66,都市：住,10000,591,持分移轉,00140000
RPQWMLTJQHGGFBF66CB,信華段二小段,17.60,都市：住,10000,836,持分移轉,00160000
RPVWMLTJQHGGFBF17CB,信華段一小段,5.25,都市：住,10000,591,持分移轉,00070000
RPUWMLTJQHGGFBF07CB,信華段二小段,14.32,都市：住,10000,591,持分移轉,00150000
RPQWMLTJQHGGFBF66CB,信華段二小段,13.52,都市：住,10000,836,持分移轉,00170000
RPVWMLTJQHGGFBF17CB,信華段一小段,10.85,都市：住,10000,591,持分移轉,00080000
RPUWMLTJQHGGFBF07CB,信華段二小段,12.44,都市：住,10000,591,持分移轉,00160000
RPUWMLTJQHGGFBF07CB,信華段二小段,9.56,都市：住,10000,591,持分移轉,00170000
RPWWMLTJQHGGFBF27CB,信華段二小段,36.03,都市：住,10000,591,持分移轉,00120000
RPQWMLTJQHGGFBF66CB,信華段二小段,17.57,都市：住,10000,836,持分移轉,00180000
RPUWMLTJQHGGFBF07CB,信華段二小段,12.42,都市：住,10000,591,持分移轉,00180000
RPWWMLTJQHGGFBF27CB,信華段二小段,12.66,都市：住,10000,591,持分移轉,00140000
RPUWMLTJQHGGFBF07CB,信華段二小段,13.03,都市：住,10000,591,持分移轉,00190000
RPQWMLTJQHGGFBF66CB,信華段二小段,18.43,都市：住,10000,836,持分移轉,00190000
RPWWMLTJQHGGFBF27CB,信華段二小段,14.32,都市：住,10000,591,持分移轉,00150000
RPUWMLTJQHGGFBF07CB,信華段一小段,5.25,都市：住,10000,591,持分移轉,00070000
RPQWMLTJQHGGFBF66CB,信華段一小段,7.43,都市：住,10000,836,持分移轉,00070000
RPWWMLTJQHGGFBF27CB,信華段二小段,12.44,都市：住,10000,591,持分移轉,00160000
RPUWMLTJQHGGFBF07CB,信華段一小段,10.85,都市：住,10000,591,持分移轉,00080000
RPQWMLTJQHGGFBF66CB,信華段一小段,15.35,都市：住,10000,836,持分移轉,00080000
RPWWMLTJQHGGFBF27CB,信華段二小段,9.56,都市：住,10000,591,持分移轉,00170000
RPWWMLTJQHGGFBF27CB,信華段二小段,12.42,都市：住,10000,591,持分移轉,00180000
RPWWMLTJQHGGFBF27CB,信華段二小段,13.03,都市：住,10000,591,持分移轉,00190000
RPWWMLTJQHGGFBF27CB,信華段一小段,5.25,都市：住,10000,591,持分移轉,00070000
RPWWMLTJQHGGFBF27CB,信華段一小段,10.85,都市：住,10000,591,持分移轉,00080000
RPONNLTJQHGGFBF28CB,信華段二小段,36.03,都市：住,10000,591,持分移轉,00120000
RPONNLTJQHGGFBF28CB,信華段二小段,12.66,都市：住,10000,591,持分移轉,00140000
RPONNLTJQHGGFBF28CB,信華段二小段,14.32,都市：住,10000,591,持分移轉,00150000
RPONNLTJQHGGFBF28CB,信華段二小段,12.44,都市：住,10000,591,持分移轉,00160000
RPONNLTJQHGGFBF28CB,信華段二小段,9.56,都市：住,10000,591,持分移轉,00170000
RPRWMLTJQHGGFBF76CB,信華段二小段,50.97,都市：住,10000,836,持分移轉,00120000
RPONNLTJQHGGFBF28CB,信華段二小段,12.42,都市：住,10000,591,持分移轉,00180000
RPRWMLTJQHGGFBF76CB,信華段二小段,17.91,都市：住,10000,836,持分移轉,00140000
RPONNLTJQHGGFBF28CB,信華段二小段,13.03,都市：住,10000,591,持分移轉,00190000
RPRWMLTJQHGGFBF76CB,信華段二小段,20.25,都市：住,10000,836,持分移轉,00150000
RPONNLTJQHGGFBF28CB,信華段一小段,5.25,都市：住,10000,591,持分移轉,00070000
RPRWMLTJQHGGFBF76CB,信華段二小段,17.60,都市：住,10000,836,持分移轉,00160000
RPONNLTJQHGGFBF28CB,信華段一小段,10.85,都市：住,10000,591,持分移轉,00080000
RPRWMLTJQHGGFBF76CB,信華段二小段,13.52,都市：住,10000,836,持分移轉,00170000
RPRWMLTJQHGGFBF76CB,信華段二小段,17.57,都市：住,10000,836,持分移轉,00180000
RPTWMLTJQHGGFBF96CB,信華段二小段,50.97,都市：住,10000,836,持分移轉,00120000
RPRWMLTJQHGGFBF76CB,信華段二小段,18.43,都市：住,10000,836,持分移轉,00190000
RPTWMLTJQHGGFBF96CB,信華段二小段,17.91,都市：住,10000,836,持分移轉,00140000
RPSWMLTJQHGGFBF86CB,信華段二小段,50.97,都市：住,10000,836,持分移轉,00120000
RPRWMLTJQHGGFBF76CB,信華段一小段,7.43,都市：住,10000,836,持分移轉,00070000
RPSWMLTJQHGGFBF86CB,信華段二小段,17.91,都市：住,10000,836,持分移轉,00140000
RPRWMLTJQHGGFBF76CB,信華段一小段,15.35,都市：住,10000,836,持分移轉,00080000
RPXWMLTJQHGGFBF37CB,信華段二小段,36.03,都市：住,10000,591,持分移轉,00120000
RPTWMLTJQHGGFBF96CB,信華段二小段,20.25,都市：住,10000,836,持分移轉,00150000
RPSWMLTJQHGGFBF86CB,信華段二小段,20.25,都市：住,10000,836,持分移轉,00150000
RPXWMLTJQHGGFBF37CB,信華段二小段,12.66,都市：住,10000,591,持分移轉,00140000
RPSWMLTJQHGGFBF86CB,信華段二小段,17.60,都市：住,10000,836,持分移轉,00160000
RPTWMLTJQHGGFBF96CB,信華段二小段,17.60,都市：住,10000,836,持分移轉,00160000
RPXWMLTJQHGGFBF37CB,信華段二小段,14.32,都市：住,10000,591,持分移轉,00150000
RPSWMLTJQHGGFBF86CB,信華段二小段,13.52,都市：住,10000,836,持分移轉,00170000
RPTWMLTJQHGGFBF96CB,信華段二小段,13.52,都市：住,10000,836,持分移轉,00170000
RPXWMLTJQHGGFBF37CB,信華段二小段,12.44,都市：住,10000,591,持分移轉,00160000
RPSWMLTJQHGGFBF86CB,信華段二小段,17.57,都市：住,10000,836,持分移轉,00180000
RPTWMLTJQHGGFBF96CB,信華段二小段,17.57,都市：住,10000,836,持分移轉,00180000
RPXWMLTJQHGGFBF37CB,信華段二小段,9.56,都市：住,10000,591,持分移轉,00170000
RPSWMLTJQHGGFBF86CB,信華段二小段,18.43,都市：住,10000,836,持分移轉,00190000
RPTWMLTJQHGGFBF96CB,信華段二小段,18.43,都市：住,10000,836,持分移轉,00190000
RPXWMLTJQHGGFBF37CB,信華段二小段,12.42,都市：住,10000,591,持分移轉,00180000
RPSWMLTJQHGGFBF86CB,信華段一小段,7.43,都市：住,10000,836,持分移轉,00070000
RPTWMLTJQHGGFBF96CB,信華段一小段,7.43,都市：住,10000,836,持分移轉,00070000
RPXWMLTJQHGGFBF37CB,信華段二小段,13.03,都市：住,10000,591,持分移轉,00190000
RPSWMLTJQHGGFBF86CB,信華段一小段,15.35,都市：住,10000,836,持分移轉,00080000
RPTWMLTJQHGGFBF96CB,信華段一小段,15.35,都市：住,10000,836,持分移轉,00080000
RPXWMLTJQHGGFBF37CB,信華段一小段,5.25,都市：住,10000,591,持分移轉,00070000
RPXWMLTJQHGGFBF37CB,信華段一小段,10.85,都市：住,10000,591,持分移轉,00080000
RPPNNLTJQHGGFBF38CB,信華段二小段,36.03,都市：住,10000,591,持分移轉,00120000
RPPNNLTJQHGGFBF38CB,信華段二小段,12.66,都市：住,10000,591,持分移轉,00140000
RPPNNLTJQHGGFBF38CB,信華段二小段,14.32,都市：住,10000,591,持分移轉,00150000
RPPNNLTJQHGGFBF38CB,信華段二小段,12.44,都市：住,10000,591,持分移轉,00160000
RPPNNLTJQHGGFBF38CB,信華段二小段,9.56,都市：住,10000,591,持分移轉,00170000
RPPNNLTJQHGGFBF38CB,信華段二小段,12.42,都市：住,10000,591,持分移轉,00180000
RPPNNLTJQHGGFBF38CB,信華段二小段,13.03,都市：住,10000,591,持分移轉,00190000
RPPNNLTJQHGGFBF38CB,信華段一小段,5.25,都市：住,10000,591,持分移轉,00070000
RPPNNLTJQHGGFBF38CB,信華段一小段,10.85,都市：住,10000,591,持分移轉,00080000
RPQNNLTJQHGGFBF48CB,信華段二小段,36.03,都市：住,10000,591,持分移轉,00120000
RPQNNLTJQHGGFBF48CB,信華段二小段,12.66,都市：住,10000,591,持分移轉,00140000
RPQNNLTJQHGGFBF48CB,信華段二小段,14.32,都市：住,10000,591,持分移轉,00150000
RPQNNLTJQHGGFBF48CB,信華段二小段,12.44,都市：住,10000,591,持分移轉,00160000
RPQNNLTJQHGGFBF48CB,信華段二小段,9.56,都市：住,10000,591,持分移轉,00170000
RPRNNLTJQHGGFBF58CB,信華段二小段,36.03,都市：住,10000,591,持分移轉,00120000
RPRNNLTJQHGGFBF58CB,信華段二小段,12.66,都市：住,10000,591,持分移轉,00140000
RPRNNLTJQHGGFBF58CB,信華段二小段,14.32,都市：住,10000,591,持分移轉,00150000
RPQNNLTJQHGGFBF48CB,信華段二小段,12.42,都市：住,10000,591,持分移轉,00180000
RPRNNLTJQHGGFBF58CB,信華段二小段,12.44,都市：住,10000,591,持分移轉,00160000
RPRNNLTJQHGGFBF58CB,信華段二小段,9.56,都市：住,10000,591,持分移轉,00170000
RPQNNLTJQHGGFBF48CB,信華段二小段,13.03,都市：住,10000,591,持分移轉,00190000
RPRNNLTJQHGGFBF58CB,信華段二小段,12.42,都市：住,10000,591,持分移轉,00180000
RPQNNLTJQHGGFBF48CB,信華段一小段,5.25,都市：住,10000,591,持分移轉,00070000
RPRNNLTJQHGGFBF58CB,信華段二小段,13.03,都市：住,10000,591,持分移轉,00190000
RPQNNLTJQHGGFBF48CB,信華段一小段,10.85,都市：住,10000,591,持分移轉,00080000
RPRNNLTJQHGGFBF58CB,信華段一小段,5.25,都市：住,10000,591,持分移轉,00070000
RPRNNLTJQHGGFBF58CB,信華段一小段,10.85,都市：住,10000,591,持分移轉,00080000
RPSNNLTJQHGGFBF68CB,信華段二小段,36.03,都市：住,10000,591,持分移轉,00120000
RPSNNLTJQHGGFBF68CB,信華段二小段,12.66,都市：住,10000,591,持分移轉,00140000
RPSNNLTJQHGGFBF68CB,信華段二小段,14.32,都市：住,10000,591,持分移轉,00150000
RPSNNLTJQHGGFBF68CB,信華段二小段,12.44,都市：住,10000,591,持分移轉,00160000
RPSNNLTJQHGGFBF68CB,信華段二小段,9.56,都市：住,10000,591,持分移轉,00170000
RPWNNLTJQHGGFBF09CB,信華段二小段,36.03,都市：住,10000,591,持分移轉,00120000
RPSNNLTJQHGGFBF68CB,信華段二小段,12.42,都市：住,10000,591,持分移轉,00180000
RPSNNLTJQHGGFBF68CB,信華段二小段,13.03,都市：住,10000,591,持分移轉,00190000
RPVNNLTJQHGGFBF98CB,信華段二小段,36.03,都市：住,10000,591,持分移轉,00120000
RPWNNLTJQHGGFBF09CB,信華段二小段,12.66,都市：住,10000,591,持分移轉,00140000
RPSNNLTJQHGGFBF68CB,信華段一小段,5.25,都市：住,10000,591,持分移轉,00070000
RPVNNLTJQHGGFBF98CB,信華段二小段,12.66,都市：住,10000,591,持分移轉,00140000
RPWNNLTJQHGGFBF09CB,信華段二小段,14.32,都市：住,10000,591,持分移轉,00150000
RPSNNLTJQHGGFBF68CB,信華段一小段,10.85,都市：住,10000,591,持分移轉,00080000
RPVNNLTJQHGGFBF98CB,信華段二小段,14.32,都市：住,10000,591,持分移轉,00150000
RPWNNLTJQHGGFBF09CB,信華段二小段,12.44,都市：住,10000,591,持分移轉,00160000
RPVNNLTJQHGGFBF98CB,信華段二小段,12.44,都市：住,10000,591,持分移轉,00160000
RPOONLTJQHGGFBF38CB,信華段二小段,29.33,都市：住,10000,481,持分移轉,00120000
RPWNNLTJQHGGFBF09CB,信華段二小段,9.56,都市：住,10000,591,持分移轉,00170000
RPVNNLTJQHGGFBF98CB,信華段二小段,9.56,都市：住,10000,591,持分移轉,00170000
RPOONLTJQHGGFBF38CB,信華段二小段,10.30,都市：住,10000,481,持分移轉,00140000
RPWNNLTJQHGGFBF09CB,信華段二小段,12.42,都市：住,10000,591,持分移轉,00180000
RPVNNLTJQHGGFBF98CB,信華段二小段,12.42,都市：住,10000,591,持分移轉,00180000
RPWNNLTJQHGGFBF09CB,信華段二小段,13.03,都市：住,10000,591,持分移轉,00190000
RPTNNLTJQHGGFBF78CB,信華段二小段,36.03,都市：住,10000,591,持分移轉,00120000
RPOONLTJQHGGFBF38CB,信華段二小段,11.65,都市：住,10000,481,持分移轉,00150000
RPVNNLTJQHGGFBF98CB,信華段二小段,13.03,都市：住,10000,591,持分移轉,00190000
RPWNNLTJQHGGFBF09CB,信華段一小段,5.25,都市：住,10000,591,持分移轉,00070000
RPTNNLTJQHGGFBF78CB,信華段二小段,12.66,都市：住,10000,591,持分移轉,00140000
RPOONLTJQHGGFBF38CB,信華段二小段,10.13,都市：住,10000,481,持分移轉,00160000
RPWNNLTJQHGGFBF09CB,信華段一小段,10.85,都市：住,10000,591,持分移轉,00080000
RPVNNLTJQHGGFBF98CB,信華段一小段,5.25,都市：住,10000,591,持分移轉,00070000
RPOONLTJQHGGFBF38CB,信華段二小段,7.78,都市：住,10000,481,持分移轉,00170000
RPVNNLTJQHGGFBF98CB,信華段一小段,10.85,都市：住,10000,591,持分移轉,00080000
RPXNNLTJQHGGFBF56CB,信華段二小段,29.33,都市：住,10000,481,持分移轉,00120000
RPXNNLTJQHGGFBF56CB,信華段二小段,10.30,都市：住,10000,481,持分移轉,00140000
RPXNNLTJQHGGFBF56CB,信華段二小段,11.65,都市：住,10000,481,持分移轉,00150000
RPOONLTJQHGGFBF38CB,信華段二小段,10.11,都市：住,10000,481,持分移轉,00180000
RPXNNLTJQHGGFBF56CB,信華段二小段,10.13,都市：住,10000,481,持分移轉,00160000
RPUNNLTJQHGGFBF88CB,信華段二小段,36.03,都市：住,10000,591,持分移轉,00120000
RPOONLTJQHGGFBF38CB,信華段二小段,10.60,都市：住,10000,481,持分移轉,00190000
RPUNNLTJQHGGFBF88CB,信華段二小段,12.66,都市：住,10000,591,持分移轉,00140000
RPOONLTJQHGGFBF38CB,信華段一小段,4.28,都市：住,10000,481,持分移轉,00070000
RPXNNLTJQHGGFBF56CB,信華段二小段,7.78,都市：住,10000,481,持分移轉,00170000
RPUNNLTJQHGGFBF88CB,信華段二小段,14.32,都市：住,10000,591,持分移轉,00150000
RPXNNLTJQHGGFBF56CB,信華段二小段,10.11,都市：住,10000,481,持分移轉,00180000
RPUNNLTJQHGGFBF88CB,信華段二小段,12.44,都市：住,10000,591,持分移轉,00160000
RPXNNLTJQHGGFBF56CB,信華段二小段,10.60,都市：住,10000,481,持分移轉,00190000
RPUNNLTJQHGGFBF88CB,信華段二小段,9.56,都市：住,10000,591,持分移轉,00170000
RPXNNLTJQHGGFBF56CB,信華段一小段,4.28,都市：住,10000,481,持分移轉,00070000
RPOONLTJQHGGFBF38CB,信華段一小段,8.83,都市：住,10000,481,持分移轉,00080000
RPUNNLTJQHGGFBF88CB,信華段二小段,12.42,都市：住,10000,591,持分移轉,00180000
RPXNNLTJQHGGFBF56CB,信華段一小段,8.83,都市：住,10000,481,持分移轉,00080000
RPUNNLTJQHGGFBF88CB,信華段二小段,13.03,都市：住,10000,591,持分移轉,00190000
RPUNNLTJQHGGFBF88CB,信華段一小段,5.25,都市：住,10000,591,持分移轉,00070000
RPUNNLTJQHGGFBF88CB,信華段一小段,10.85,都市：住,10000,591,持分移轉,00080000
RPTNNLTJQHGGFBF78CB,信華段二小段,14.32,都市：住,10000,591,持分移轉,00150000
RPTNNLTJQHGGFBF78CB,信華段二小段,12.44,都市：住,10000,591,持分移轉,00160000
RPTNNLTJQHGGFBF78CB,信華段二小段,9.56,都市：住,10000,591,持分移轉,00170000
RPTNNLTJQHGGFBF78CB,信華段二小段,12.42,都市：住,10000,591,持分移轉,00180000
RPTNNLTJQHGGFBF78CB,信華段二小段,13.03,都市：住,10000,591,持分移轉,00190000
RPTNNLTJQHGGFBF78CB,信華段一小段,5.25,都市：住,10000,591,持分移轉,00070000
RPTNNLTJQHGGFBF78CB,信華段一小段,10.85,都市：住,10000,591,持分移轉,00080000
RPPONLTJQHGGFBF48CB,信華段二小段,29.33,都市：住,10000,481,持分移轉,00120000
RPPONLTJQHGGFBF48CB,信華段二小段,10.30,都市：住,10000,481,持分移轉,00140000
RPPONLTJQHGGFBF48CB,信華段二小段,11.65,都市：住,10000,481,持分移轉,00150000
RPPONLTJQHGGFBF48CB,信華段二小段,10.13,都市：住,10000,481,持分移轉,00160000
RPPONLTJQHGGFBF48CB,信華段二小段,7.78,都市：住,10000,481,持分移轉,00170000
RPPONLTJQHGGFBF48CB,信華段二小段,10.11,都市：住,10000,481,持分移轉,00180000
RPPONLTJQHGGFBF48CB,信華段二小段,10.60,都市：住,10000,481,持分移轉,00190000
RPPONLTJQHGGFBF48CB,信華段一小段,4.28,都市：住,10000,481,持分移轉,00070000
RPPONLTJQHGGFBF48CB,信華段一小段,8.83,都市：住,10000,481,持分移轉,00080000
RPQONLTJQHGGFBF58CB,信華段二小段,29.33,都市：住,10000,481,持分移轉,00120000
RPQONLTJQHGGFBF58CB,信華段二小段,10.30,都市：住,10000,481,持分移轉,00140000
RPQONLTJQHGGFBF58CB,信華段二小段,11.65,都市：住,10000,481,持分移轉,00150000
RPQONLTJQHGGFBF58CB,信華段二小段,10.13,都市：住,10000,481,持分移轉,00160000
RPQONLTJQHGGFBF58CB,信華段二小段,7.78,都市：住,10000,481,持分移轉,00170000
RPQONLTJQHGGFBF58CB,信華段二小段,10.11,都市：住,10000,481,持分移轉,00180000
RPRONLTJQHGGFBF68CB,信華段二小段,29.33,都市：住,10000,481,持分移轉,00120000
RPQONLTJQHGGFBF58CB,信華段二小段,10.60,都市：住,10000,481,持分移轉,00190000
RPRONLTJQHGGFBF68CB,信華段二小段,10.30,都市：住,10000,481,持分移轉,00140000
RPQONLTJQHGGFBF58CB,信華段一小段,4.28,都市：住,10000,481,持分移轉,00070000
RPRONLTJQHGGFBF68CB,信華段二小段,11.65,都市：住,10000,481,持分移轉,00150000
RPQONLTJQHGGFBF58CB,信華段一小段,8.83,都市：住,10000,481,持分移轉,00080000
RPRONLTJQHGGFBF68CB,信華段二小段,10.13,都市：住,10000,481,持分移轉,00160000
RPRONLTJQHGGFBF68CB,信華段二小段,7.78,都市：住,10000,481,持分移轉,00170000
RPRONLTJQHGGFBF68CB,信華段二小段,10.11,都市：住,10000,481,持分移轉,00180000
RPRONLTJQHGGFBF68CB,信華段二小段,10.60,都市：住,10000,481,持分移轉,00190000
RPRONLTJQHGGFBF68CB,信華段一小段,4.28,都市：住,10000,481,持分移轉,00070000
RPRONLTJQHGGFBF68CB,信華段一小段,8.83,都市：住,10000,481,持分移轉,00080000
RPSONLTJQHGGFBF78CB,信華段二小段,29.33,都市：住,10000,481,持分移轉,00120000
RPSONLTJQHGGFBF78CB,信華段二小段,10.30,都市：住,10000,481,持分移轉,00140000
RPSONLTJQHGGFBF78CB,信華段二小段,11.65,都市：住,10000,481,持分移轉,00150000
RPTONLTJQHGGFBF88CB,信華段二小段,29.33,都市：住,10000,481,持分移轉,00120000
RPSONLTJQHGGFBF78CB,信華段二小段,10.13,都市：住,10000,481,持分移轉,00160000
RPTONLTJQHGGFBF88CB,信華段二小段,10.30,都市：住,10000,481,持分移轉,00140000
RPSONLTJQHGGFBF78CB,信華段二小段,7.78,都市：住,10000,481,持分移轉,00170000
RPTONLTJQHGGFBF88CB,信華段二小段,11.65,都市：住,10000,481,持分移轉,00150000
RPSONLTJQHGGFBF78CB,信華段二小段,10.11,都市：住,10000,481,持分移轉,00180000
RPTONLTJQHGGFBF88CB,信華段二小段,10.13,都市：住,10000,481,持分移轉,00160000
RPSONLTJQHGGFBF78CB,信華段二小段,10.60,都市：住,10000,481,持分移轉,00190000
RPTONLTJQHGGFBF88CB,信華段二小段,7.78,都市：住,10000,481,持分移轉,00170000
RPSONLTJQHGGFBF78CB,信華段一小段,4.28,都市：住,10000,481,持分移轉,00070000
RPTONLTJQHGGFBF88CB,信華段二小段,10.11,都市：住,10000,481,持分移轉,00180000
RPSONLTJQHGGFBF78CB,信華段一小段,8.83,都市：住,10000,481,持分移轉,00080000
RPTONLTJQHGGFBF88CB,信華段二小段,10.60,都市：住,10000,481,持分移轉,00190000
RPTONLTJQHGGFBF88CB,信華段一小段,4.28,都市：住,10000,481,持分移轉,00070000
RPTONLTJQHGGFBF88CB,信華段一小段,8.83,都市：住,10000,481,持分移轉,00080000
RPOPNLTJQHGGFBF48CB,信華段二小段,29.33,都市：住,10000,481,持分移轉,00120000
RPOPNLTJQHGGFBF48CB,信華段二小段,10.30,都市：住,10000,481,持分移轉,00140000
RPOPNLTJQHGGFBF48CB,信華段二小段,11.65,都市：住,10000,481,持分移轉,00150000
RPOPNLTJQHGGFBF48CB,信華段二小段,10.13,都市：住,10000,481,持分移轉,00160000
RPOPNLTJQHGGFBF48CB,信華段二小段,7.78,都市：住,10000,481,持分移轉,00170000
RPOPNLTJQHGGFBF48CB,信華段二小段,10.11,都市：住,10000,481,持分移轉,00180000
RPOPNLTJQHGGFBF48CB,信華段二小段,10.60,都市：住,10000,481,持分移轉,00190000
RPOPNLTJQHGGFBF48CB,信華段一小段,4.28,都市：住,10000,481,持分移轉,00070000
RPOPNLTJQHGGFBF48CB,信華段一小段,8.83,都市：住,10000,481,持分移轉,00080000
RPUONLTJQHGGFBF98CB,信華段二小段,29.33,都市：住,10000,481,持分移轉,00120000
RPUONLTJQHGGFBF98CB,信華段二小段,10.30,都市：住,10000,481,持分移轉,00140000
RPUONLTJQHGGFBF98CB,信華段二小段,11.65,都市：住,10000,481,持分移轉,00150000
RPUONLTJQHGGFBF98CB,信華段二小段,10.13,都市：住,10000,481,持分移轉,00160000
RPUONLTJQHGGFBF98CB,信華段二小段,7.78,都市：住,10000,481,持分移轉,00170000
RPUONLTJQHGGFBF98CB,信華段二小段,10.11,都市：住,10000,481,持分移轉,00180000
RPUONLTJQHGGFBF98CB,信華段二小段,10.60,都市：住,10000,481,持分移轉,00190000
RPVONLTJQHGGFBF09CB,信華段二小段,29.33,都市：住,10000,481,持分移轉,00120000
RPUONLTJQHGGFBF98CB,信華段一小段,4.28,都市：住,10000,481,持分移轉,00070000
RPVONLTJQHGGFBF09CB,信華段二小段,10.30,都市：住,10000,481,持分移轉,00140000
RPVONLTJQHGGFBF09CB,信華段二小段,11.65,都市：住,10000,481,持分移轉,00150000
RPUONLTJQHGGFBF98CB,信華段一小段,8.83,都市：住,10000,481,持分移轉,00080000
RPVONLTJQHGGFBF09CB,信華段二小段,10.13,都市：住,10000,481,持分移轉,00160000
RPVONLTJQHGGFBF09CB,信華段二小段,7.78,都市：住,10000,481,持分移轉,00170000
RPVONLTJQHGGFBF09CB,信華段二小段,10.11,都市：住,10000,481,持分移轉,00180000
RPVONLTJQHGGFBF09CB,信華段二小段,10.60,都市：住,10000,481,持分移轉,00190000
RPVONLTJQHGGFBF09CB,信華段一小段,4.28,都市：住,10000,481,持分移轉,00070000
RPVONLTJQHGGFBF09CB,信華段一小段,8.83,都市：住,10000,481,持分移轉,00080000
RPXONLTJQHGGFBF66CB,信華段二小段,29.33,都市：住,10000,481,持分移轉,00120000
RPXONLTJQHGGFBF66CB,信華段二小段,10.30,都市：住,10000,481,持分移轉,00140000
RPXONLTJQHGGFBF66CB,信華段二小段,11.65,都市：住,10000,481,持分移轉,00150000
RPXONLTJQHGGFBF66CB,信華段二小段,10.13,都市：住,10000,481,持分移轉,00160000
RPXONLTJQHGGFBF66CB,信華段二小段,7.78,都市：住,10000,481,持分移轉,00170000
RPXONLTJQHGGFBF66CB,信華段二小段,10.11,都市：住,10000,481,持分移轉,00180000
RPWONLTJQHGGFBF56CB,信華段二小段,29.33,都市：住,10000,481,持分移轉,00120000
RPXONLTJQHGGFBF66CB,信華段二小段,10.60,都市：住,10000,481,持分移轉,00190000
RPWONLTJQHGGFBF56CB,信華段二小段,10.30,都市：住,10000,481,持分移轉,00140000
RPXONLTJQHGGFBF66CB,信華段一小段,4.28,都市：住,10000,481,持分移轉,00070000
RPXONLTJQHGGFBF66CB,信華段一小段,8.83,都市：住,10000,481,持分移轉,00080000
RPPPNLTJQHGGFBF58CB,信華段二小段,29.33,都市：住,10000,481,持分移轉,00120000
RPWONLTJQHGGFBF56CB,信華段二小段,11.65,都市：住,10000,481,持分移轉,00150000
RPWONLTJQHGGFBF56CB,信華段二小段,10.13,都市：住,10000,481,持分移轉,00160000
RPPPNLTJQHGGFBF58CB,信華段二小段,10.30,都市：住,10000,481,持分移轉,00140000
RPWONLTJQHGGFBF56CB,信華段二小段,7.78,都市：住,10000,481,持分移轉,00170000
RPPPNLTJQHGGFBF58CB,信華段二小段,11.65,都市：住,10000,481,持分移轉,00150000
RPWONLTJQHGGFBF56CB,信華段二小段,10.11,都市：住,10000,481,持分移轉,00180000
RPPPNLTJQHGGFBF58CB,信華段二小段,10.13,都市：住,10000,481,持分移轉,00160000
RPWONLTJQHGGFBF56CB,信華段二小段,10.60,都市：住,10000,481,持分移轉,00190000
RPPPNLTJQHGGFBF58CB,信華段二小段,7.78,都市：住,10000,481,持分移轉,00170000
RPWONLTJQHGGFBF56CB,信華段一小段,4.28,都市：住,10000,481,持分移轉,00070000
RPPPNLTJQHGGFBF58CB,信華段二小段,10.11,都市：住,10000,481,持分移轉,00180000
RPWONLTJQHGGFBF56CB,信華段一小段,8.83,都市：住,10000,481,持分移轉,00080000
RPPPNLTJQHGGFBF58CB,信華段二小段,10.60,都市：住,10000,481,持分移轉,00190000
RPPPNLTJQHGGFBF58CB,信華段一小段,4.28,都市：住,10000,481,持分移轉,00070000
RPPPNLTJQHGGFBF58CB,信華段一小段,8.83,都市：住,10000,481,持分移轉,00080000
RPRPNLTJQHGGFBF78CB,信華段二小段,42.19,都市：住,10000,692,持分移轉,00120000
RPRPNLTJQHGGFBF78CB,信華段二小段,14.82,都市：住,10000,692,持分移轉,00140000
RPRPNLTJQHGGFBF78CB,信華段二小段,16.76,都市：住,10000,692,持分移轉,00150000
RPRPNLTJQHGGFBF78CB,信華段二小段,14.57,都市：住,10000,692,持分移轉,00160000
RPRPNLTJQHGGFBF78CB,信華段二小段,11.19,都市：住,10000,692,持分移轉,00170000
RPQPNLTJQHGGFBF68CB,信華段二小段,42.19,都市：住,10000,692,持分移轉,00120000
RPRPNLTJQHGGFBF78CB,信華段二小段,14.54,都市：住,10000,692,持分移轉,00180000
RPQPNLTJQHGGFBF68CB,信華段二小段,14.82,都市：住,10000,692,持分移轉,00140000
RPRPNLTJQHGGFBF78CB,信華段二小段,15.25,都市：住,10000,692,持分移轉,00190000
RPQPNLTJQHGGFBF68CB,信華段二小段,16.76,都市：住,10000,692,持分移轉,00150000
RPRPNLTJQHGGFBF78CB,信華段一小段,6.15,都市：住,10000,692,持分移轉,00070000
RPRPNLTJQHGGFBF78CB,信華段一小段,12.71,都市：住,10000,692,持分移轉,00080000
RPQPNLTJQHGGFBF68CB,信華段二小段,14.57,都市：住,10000,692,持分移轉,00160000
RPQPNLTJQHGGFBF68CB,信華段二小段,11.19,都市：住,10000,692,持分移轉,00170000
RPQPNLTJQHGGFBF68CB,信華段二小段,14.54,都市：住,10000,692,持分移轉,00180000
RPQPNLTJQHGGFBF68CB,信華段二小段,15.25,都市：住,10000,692,持分移轉,00190000
RPQPNLTJQHGGFBF68CB,信華段一小段,6.15,都市：住,10000,692,持分移轉,00070000
RPQPNLTJQHGGFBF68CB,信華段一小段,12.71,都市：住,10000,692,持分移轉,00080000
RPTPNLTJQHGGFBF98CB,信華段二小段,42.19,都市：住,10000,692,持分移轉,00120000
RPTPNLTJQHGGFBF98CB,信華段二小段,14.82,都市：住,10000,692,持分移轉,00140000
RPTPNLTJQHGGFBF98CB,信華段二小段,16.76,都市：住,10000,692,持分移轉,00150000
RPTPNLTJQHGGFBF98CB,信華段二小段,14.57,都市：住,10000,692,持分移轉,00160000
RPTPNLTJQHGGFBF98CB,信華段二小段,11.19,都市：住,10000,692,持分移轉,00170000
RPTPNLTJQHGGFBF98CB,信華段二小段,14.54,都市：住,10000,692,持分移轉,00180000
RPTPNLTJQHGGFBF98CB,信華段二小段,15.25,都市：住,10000,692,持分移轉,00190000
RPTPNLTJQHGGFBF98CB,信華段一小段,6.15,都市：住,10000,692,持分移轉,00070000
RPTPNLTJQHGGFBF98CB,信華段一小段,12.71,都市：住,10000,692,持分移轉,00080000
RPSPNLTJQHGGFBF88CB,信華段二小段,42.19,都市：住,10000,692,持分移轉,00120000
RPSPNLTJQHGGFBF88CB,信華段二小段,14.82,都市：住,10000,692,持分移轉,00140000
RPSPNLTJQHGGFBF88CB,信華段二小段,16.76,都市：住,10000,692,持分移轉,00150000
RPSPNLTJQHGGFBF88CB,信華段二小段,14.57,都市：住,10000,692,持分移轉,00160000
RPSPNLTJQHGGFBF88CB,信華段二小段,11.19,都市：住,10000,692,持分移轉,00170000
RPSPNLTJQHGGFBF88CB,信華段二小段,14.54,都市：住,10000,692,持分移轉,00180000
RPSPNLTJQHGGFBF88CB,信華段二小段,15.25,都市：住,10000,692,持分移轉,00190000
RPSPNLTJQHGGFBF88CB,信華段一小段,6.15,都市：住,10000,692,持分移轉,00070000
RPSPNLTJQHGGFBF88CB,信華段一小段,12.71,都市：住,10000,692,持分移轉,00080000
RPWPNLTJQHGGFBF66CB,信華段二小段,42.19,都市：住,10000,692,持分移轉,00120000
RPWPNLTJQHGGFBF66CB,信華段二小段,14.82,都市：住,10000,692,持分移轉,00140000
RPWPNLTJQHGGFBF66CB,信華段二小段,16.76,都市：住,10000,692,持分移轉,00150000
RPWPNLTJQHGGFBF66CB,信華段二小段,14.57,都市：住,10000,692,持分移轉,00160000
RPWPNLTJQHGGFBF66CB,信華段二小段,11.19,都市：住,10000,692,持分移轉,00170000
RPWPNLTJQHGGFBF66CB,信華段二小段,14.54,都市：住,10000,692,持分移轉,00180000
RPWPNLTJQHGGFBF66CB,信華段二小段,15.25,都市：住,10000,692,持分移轉,00190000
RPWPNLTJQHGGFBF66CB,信華段一小段,6.15,都市：住,10000,692,持分移轉,00070000
RPWPNLTJQHGGFBF66CB,信華段一小段,12.71,都市：住,10000,692,持分移轉,00080000
RPUPNLTJQHGGFBF09CB,信華段二小段,42.19,都市：住,10000,692,持分移轉,00120000
RPUPNLTJQHGGFBF09CB,信華段二小段,14.82,都市：住,10000,692,持分移轉,00140000
RPUPNLTJQHGGFBF09CB,信華段二小段,16.76,都市：住,10000,692,持分移轉,00150000
RPUPNLTJQHGGFBF09CB,信華段二小段,14.57,都市：住,10000,692,持分移轉,00160000
RPUPNLTJQHGGFBF09CB,信華段二小段,11.19,都市：住,10000,692,持分移轉,00170000
RPUPNLTJQHGGFBF09CB,信華段二小段,14.54,都市：住,10000,692,持分移轉,00180000
RPOQNLTJQHGGFBF58CB,信華段二小段,42.19,都市：住,10000,692,持分移轉,00120000
RPUPNLTJQHGGFBF09CB,信華段二小段,15.25,都市：住,10000,692,持分移轉,00190000
RPOQNLTJQHGGFBF58CB,信華段二小段,14.82,都市：住,10000,692,持分移轉,00140000
RPUPNLTJQHGGFBF09CB,信華段一小段,6.15,都市：住,10000,692,持分移轉,00070000
RPOQNLTJQHGGFBF58CB,信華段二小段,16.76,都市：住,10000,692,持分移轉,00150000
RPUPNLTJQHGGFBF09CB,信華段一小段,12.71,都市：住,10000,692,持分移轉,00080000
RPPQNLTJQHGGFBF68CB,信華段二小段,42.19,都市：住,10000,692,持分移轉,00120000
RPOQNLTJQHGGFBF58CB,信華段二小段,14.57,都市：住,10000,692,持分移轉,00160000
RPPQNLTJQHGGFBF68CB,信華段二小段,14.82,都市：住,10000,692,持分移轉,00140000
RPOQNLTJQHGGFBF58CB,信華段二小段,11.19,都市：住,10000,692,持分移轉,00170000
RPPQNLTJQHGGFBF68CB,信華段二小段,16.76,都市：住,10000,692,持分移轉,00150000
RPOQNLTJQHGGFBF58CB,信華段二小段,14.54,都市：住,10000,692,持分移轉,00180000
RPPQNLTJQHGGFBF68CB,信華段二小段,14.57,都市：住,10000,692,持分移轉,00160000
RPOQNLTJQHGGFBF58CB,信華段二小段,15.25,都市：住,10000,692,持分移轉,00190000
RPPQNLTJQHGGFBF68CB,信華段二小段,11.19,都市：住,10000,692,持分移轉,00170000
RPOQNLTJQHGGFBF58CB,信華段一小段,6.15,都市：住,10000,692,持分移轉,00070000
RPPQNLTJQHGGFBF68CB,信華段二小段,14.54,都市：住,10000,692,持分移轉,00180000
RPOQNLTJQHGGFBF58CB,信華段一小段,12.71,都市：住,10000,692,持分移轉,00080000
RPPQNLTJQHGGFBF68CB,信華段二小段,15.25,都市：住,10000,692,持分移轉,00190000
RPPQNLTJQHGGFBF68CB,信華段一小段,6.15,都市：住,10000,692,持分移轉,00070000
RPPQNLTJQHGGFBF68CB,信華段一小段,12.71,都市：住,10000,692,持分移轉,00080000
RPVPNLTJQHGGFBF56CB,信華段二小段,42.19,都市：住,10000,692,持分移轉,00120000
RPVPNLTJQHGGFBF56CB,信華段二小段,14.82,都市：住,10000,692,持分移轉,00140000
RPVPNLTJQHGGFBF56CB,信華段二小段,16.76,都市：住,10000,692,持分移轉,00150000
RPVPNLTJQHGGFBF56CB,信華段二小段,14.57,都市：住,10000,692,持分移轉,00160000
RPVPNLTJQHGGFBF56CB,信華段二小段,11.19,都市：住,10000,692,持分移轉,00170000
RPVPNLTJQHGGFBF56CB,信華段二小段,14.54,都市：住,10000,692,持分移轉,00180000
RPXPNLTJQHGGFBF76CB,信華段二小段,42.19,都市：住,10000,692,持分移轉,00120000
RPVPNLTJQHGGFBF56CB,信華段二小段,15.25,都市：住,10000,692,持分移轉,00190000
RPXPNLTJQHGGFBF76CB,信華段二小段,14.82,都市：住,10000,692,持分移轉,00140000
RPVPNLTJQHGGFBF56CB,信華段一小段,6.15,都市：住,10000,692,持分移轉,00070000
RPXPNLTJQHGGFBF76CB,信華段二小段,16.76,都市：住,10000,692,持分移轉,00150000
RPVPNLTJQHGGFBF56CB,信華段一小段,12.71,都市：住,10000,692,持分移轉,00080000
RPXPNLTJQHGGFBF76CB,信華段二小段,14.57,都市：住,10000,692,持分移轉,00160000
RPXPNLTJQHGGFBF76CB,信華段二小段,11.19,都市：住,10000,692,持分移轉,00170000
RPXPNLTJQHGGFBF76CB,信華段二小段,14.54,都市：住,10000,692,持分移轉,00180000
RPXPNLTJQHGGFBF76CB,信華段二小段,15.25,都市：住,10000,692,持分移轉,00190000
RPXPNLTJQHGGFBF76CB,信華段一小段,6.15,都市：住,10000,692,持分移轉,00070000
RPXPNLTJQHGGFBF76CB,信華段一小段,12.71,都市：住,10000,692,持分移轉,00080000
RPQQNLTJQHGGFBF78CB,信華段二小段,42.19,都市：住,10000,692,持分移轉,00120000
RPQQNLTJQHGGFBF78CB,信華段二小段,14.82,都市：住,10000,692,持分移轉,00140000
RPQQNLTJQHGGFBF78CB,信華段二小段,16.76,都市：住,10000,692,持分移轉,00150000
RPQQNLTJQHGGFBF78CB,信華段二小段,14.57,都市：住,10000,692,持分移轉,00160000
RPQQNLTJQHGGFBF78CB,信華段二小段,11.19,都市：住,10000,692,持分移轉,00170000
RPQQNLTJQHGGFBF78CB,信華段二小段,14.54,都市：住,10000,692,持分移轉,00180000
RPQQNLTJQHGGFBF78CB,信華段二小段,15.25,都市：住,10000,692,持分移轉,00190000
RPQQNLTJQHGGFBF78CB,信華段一小段,6.15,都市：住,10000,692,持分移轉,00070000
RPQQNLTJQHGGFBF78CB,信華段一小段,12.71,都市：住,10000,692,持分移轉,00080000
RPSQNLTJQHGGFBF98CB,信華段二小段,42.19,都市：住,10000,692,持分移轉,00120000
RPSQNLTJQHGGFBF98CB,信華段二小段,14.82,都市：住,10000,692,持分移轉,00140000
RPSQNLTJQHGGFBF98CB,信華段二小段,16.76,都市：住,10000,692,持分移轉,00150000
RPSQNLTJQHGGFBF98CB,信華段二小段,14.57,都市：住,10000,692,持分移轉,00160000
RPSQNLTJQHGGFBF98CB,信華段二小段,11.19,都市：住,10000,692,持分移轉,00170000
RPSQNLTJQHGGFBF98CB,信華段二小段,14.54,都市：住,10000,692,持分移轉,00180000
RPSQNLTJQHGGFBF98CB,信華段二小段,15.25,都市：住,10000,692,持分移轉,00190000
RPSQNLTJQHGGFBF98CB,信華段一小段,6.15,都市：住,10000,692,持分移轉,00070000
RPSQNLTJQHGGFBF98CB,信華段一小段,12.71,都市：住,10000,692,持分移轉,00080000
RPTQNLTJQHGGFBF09CB,信華段二小段,28.35,都市：住,10000,465,持分移轉,00120000
RPTQNLTJQHGGFBF09CB,信華段二小段,9.96,都市：住,10000,465,持分移轉,00140000
RPTQNLTJQHGGFBF09CB,信華段二小段,11.27,都市：住,10000,465,持分移轉,00150000
RPTQNLTJQHGGFBF09CB,信華段二小段,9.79,都市：住,10000,465,持分移轉,00160000
RPTQNLTJQHGGFBF09CB,信華段二小段,7.52,都市：住,10000,465,持分移轉,00170000
RPTQNLTJQHGGFBF09CB,信華段二小段,9.77,都市：住,10000,465,持分移轉,00180000
RPRQNLTJQHGGFBF88CB,信華段二小段,42.19,都市：住,10000,692,持分移轉,00120000
RPTQNLTJQHGGFBF09CB,信華段二小段,10.25,都市：住,10000,465,持分移轉,00190000
RPRQNLTJQHGGFBF88CB,信華段二小段,14.82,都市：住,10000,692,持分移轉,00140000
RPTQNLTJQHGGFBF09CB,信華段一小段,4.13,都市：住,10000,465,持分移轉,00070000
RPRQNLTJQHGGFBF88CB,信華段二小段,16.76,都市：住,10000,692,持分移轉,00150000
RPTQNLTJQHGGFBF09CB,信華段一小段,8.54,都市：住,10000,465,持分移轉,00080000
RPRQNLTJQHGGFBF88CB,信華段二小段,14.57,都市：住,10000,692,持分移轉,00160000
RPRQNLTJQHGGFBF88CB,信華段二小段,11.19,都市：住,10000,692,持分移轉,00170000
RPRQNLTJQHGGFBF88CB,信華段二小段,14.54,都市：住,10000,692,持分移轉,00180000
RPRQNLTJQHGGFBF88CB,信華段二小段,15.25,都市：住,10000,692,持分移轉,00190000
RPRQNLTJQHGGFBF88CB,信華段一小段,6.15,都市：住,10000,692,持分移轉,00070000
RPRQNLTJQHGGFBF88CB,信華段一小段,12.71,都市：住,10000,692,持分移轉,00080000
RPUQNLTJQHGGFBF56CB,信華段二小段,28.35,都市：住,10000,465,持分移轉,00120000
RPUQNLTJQHGGFBF56CB,信華段二小段,9.96,都市：住,10000,465,持分移轉,00140000
RPUQNLTJQHGGFBF56CB,信華段二小段,11.27,都市：住,10000,465,持分移轉,00150000
RPUQNLTJQHGGFBF56CB,信華段二小段,9.79,都市：住,10000,465,持分移轉,00160000
RPUQNLTJQHGGFBF56CB,信華段二小段,7.52,都市：住,10000,465,持分移轉,00170000
RPUQNLTJQHGGFBF56CB,信華段二小段,9.77,都市：住,10000,465,持分移轉,00180000
RPWQNLTJQHGGFBF76CB,信華段二小段,28.35,都市：住,10000,465,持分移轉,00120000
RPUQNLTJQHGGFBF56CB,信華段二小段,10.25,都市：住,10000,465,持分移轉,00190000
RPWQNLTJQHGGFBF76CB,信華段二小段,9.96,都市：住,10000,465,持分移轉,00140000
RPUQNLTJQHGGFBF56CB,信華段一小段,4.13,都市：住,10000,465,持分移轉,00070000
RPUQNLTJQHGGFBF56CB,信華段一小段,8.54,都市：住,10000,465,持分移轉,00080000
RPWQNLTJQHGGFBF76CB,信華段二小段,11.27,都市：住,10000,465,持分移轉,00150000
RPXQNLTJQHGGFBF86CB,信華段二小段,28.35,都市：住,10000,465,持分移轉,00120000
RPWQNLTJQHGGFBF76CB,信華段二小段,9.79,都市：住,10000,465,持分移轉,00160000
RPXQNLTJQHGGFBF86CB,信華段二小段,9.96,都市：住,10000,465,持分移轉,00140000
RPWQNLTJQHGGFBF76CB,信華段二小段,7.52,都市：住,10000,465,持分移轉,00170000
RPVQNLTJQHGGFBF66CB,信華段二小段,28.35,都市：住,10000,465,持分移轉,00120000
RPXQNLTJQHGGFBF86CB,信華段二小段,11.27,都市：住,10000,465,持分移轉,00150000
RPWQNLTJQHGGFBF76CB,信華段二小段,9.77,都市：住,10000,465,持分移轉,00180000
RPVQNLTJQHGGFBF66CB,信華段二小段,9.96,都市：住,10000,465,持分移轉,00140000
RPXQNLTJQHGGFBF86CB,信華段二小段,9.79,都市：住,10000,465,持分移轉,00160000
RPWQNLTJQHGGFBF76CB,信華段二小段,10.25,都市：住,10000,465,持分移轉,00190000
RPVQNLTJQHGGFBF66CB,信華段二小段,11.27,都市：住,10000,465,持分移轉,00150000
RPXQNLTJQHGGFBF86CB,信華段二小段,7.52,都市：住,10000,465,持分移轉,00170000
RPWQNLTJQHGGFBF76CB,信華段一小段,4.13,都市：住,10000,465,持分移轉,00070000
RPVQNLTJQHGGFBF66CB,信華段二小段,9.79,都市：住,10000,465,持分移轉,00160000
RPXQNLTJQHGGFBF86CB,信華段二小段,9.77,都市：住,10000,465,持分移轉,00180000
RPWQNLTJQHGGFBF76CB,信華段一小段,8.54,都市：住,10000,465,持分移轉,00080000
RPVQNLTJQHGGFBF66CB,信華段二小段,7.52,都市：住,10000,465,持分移轉,00170000
RPXQNLTJQHGGFBF86CB,信華段二小段,10.25,都市：住,10000,465,持分移轉,00190000
RPVQNLTJQHGGFBF66CB,信華段二小段,9.77,都市：住,10000,465,持分移轉,00180000
RPXQNLTJQHGGFBF86CB,信華段一小段,4.13,都市：住,10000,465,持分移轉,00070000
RPVQNLTJQHGGFBF66CB,信華段二小段,10.25,都市：住,10000,465,持分移轉,00190000
RPVQNLTJQHGGFBF66CB,信華段一小段,4.13,都市：住,10000,465,持分移轉,00070000
RPXQNLTJQHGGFBF86CB,信華段一小段,8.54,都市：住,10000,465,持分移轉,00080000
RPVQNLTJQHGGFBF66CB,信華段一小段,8.54,都市：住,10000,465,持分移轉,00080000
RPPRNLTJQHGGFBF78CB,信華段二小段,28.35,都市：住,10000,465,持分移轉,00120000
RPORNLTJQHGGFBF68CB,信華段二小段,28.35,都市：住,10000,465,持分移轉,00120000
RPPRNLTJQHGGFBF78CB,信華段二小段,9.96,都市：住,10000,465,持分移轉,00140000
RPPRNLTJQHGGFBF78CB,信華段二小段,11.27,都市：住,10000,465,持分移轉,00150000
RPORNLTJQHGGFBF68CB,信華段二小段,9.96,都市：住,10000,465,持分移轉,00140000
RPPRNLTJQHGGFBF78CB,信華段二小段,9.79,都市：住,10000,465,持分移轉,00160000
RPORNLTJQHGGFBF68CB,信華段二小段,11.27,都市：住,10000,465,持分移轉,00150000
RPPRNLTJQHGGFBF78CB,信華段二小段,7.52,都市：住,10000,465,持分移轉,00170000
RPORNLTJQHGGFBF68CB,信華段二小段,9.79,都市：住,10000,465,持分移轉,00160000
RPPRNLTJQHGGFBF78CB,信華段二小段,9.77,都市：住,10000,465,持分移轉,00180000
RPORNLTJQHGGFBF68CB,信華段二小段,7.52,都市：住,10000,465,持分移轉,00170000
RPPRNLTJQHGGFBF78CB,信華段二小段,10.25,都市：住,10000,465,持分移轉,00190000
RPORNLTJQHGGFBF68CB,信華段二小段,9.77,都市：住,10000,465,持分移轉,00180000
RPPRNLTJQHGGFBF78CB,信華段一小段,4.13,都市：住,10000,465,持分移轉,00070000
RPORNLTJQHGGFBF68CB,信華段二小段,10.25,都市：住,10000,465,持分移轉,00190000
RPPRNLTJQHGGFBF78CB,信華段一小段,8.54,都市：住,10000,465,持分移轉,00080000
RPORNLTJQHGGFBF68CB,信華段一小段,4.13,都市：住,10000,465,持分移轉,00070000
RPORNLTJQHGGFBF68CB,信華段一小段,8.54,都市：住,10000,465,持分移轉,00080000
RPQRNLTJQHGGFBF88CB,信華段二小段,28.35,都市：住,10000,465,持分移轉,00120000
RPQRNLTJQHGGFBF88CB,信華段二小段,9.96,都市：住,10000,465,持分移轉,00140000
RPQRNLTJQHGGFBF88CB,信華段二小段,11.27,都市：住,10000,465,持分移轉,00150000
RPQRNLTJQHGGFBF88CB,信華段二小段,9.79,都市：住,10000,465,持分移轉,00160000
RPQRNLTJQHGGFBF88CB,信華段二小段,7.52,都市：住,10000,465,持分移轉,00170000
RPQRNLTJQHGGFBF88CB,信華段二小段,9.77,都市：住,10000,465,持分移轉,00180000
RPQRNLTJQHGGFBF88CB,信華段二小段,10.25,都市：住,10000,465,持分移轉,00190000
RPQRNLTJQHGGFBF88CB,信華段一小段,4.13,都市：住,10000,465,持分移轉,00070000
RPQRNLTJQHGGFBF88CB,信華段一小段,8.54,都市：住,10000,465,持分移轉,00080000
RPRRNLTJQHGGFBF98CB,信華段二小段,28.35,都市：住,10000,465,持分移轉,00120000
RPRRNLTJQHGGFBF98CB,信華段二小段,9.96,都市：住,10000,465,持分移轉,00140000
RPRRNLTJQHGGFBF98CB,信華段二小段,11.27,都市：住,10000,465,持分移轉,00150000
RPRRNLTJQHGGFBF98CB,信華段二小段,9.79,都市：住,10000,465,持分移轉,00160000
RPRRNLTJQHGGFBF98CB,信華段二小段,7.52,都市：住,10000,465,持分移轉,00170000
RPRRNLTJQHGGFBF98CB,信華段二小段,9.77,都市：住,10000,465,持分移轉,00180000
RPRRNLTJQHGGFBF98CB,信華段二小段,10.25,都市：住,10000,465,持分移轉,00190000
RPRRNLTJQHGGFBF98CB,信華段一小段,4.13,都市：住,10000,465,持分移轉,00070000
RPRRNLTJQHGGFBF98CB,信華段一小段,8.54,都市：住,10000,465,持分移轉,00080000
RPSRNLTJQHGGFBF09CB,信華段二小段,28.35,都市：住,10000,465,持分移轉,00120000
RPSRNLTJQHGGFBF09CB,信華段二小段,9.96,都市：住,10000,465,持分移轉,00140000
RPSRNLTJQHGGFBF09CB,信華段二小段,11.27,都市：住,10000,465,持分移轉,00150000
RPSRNLTJQHGGFBF09CB,信華段二小段,9.79,都市：住,10000,465,持分移轉,00160000
RPSRNLTJQHGGFBF09CB,信華段二小段,7.52,都市：住,10000,465,持分移轉,00170000
RPSRNLTJQHGGFBF09CB,信華段二小段,9.77,都市：住,10000,465,持分移轉,00180000
RPSRNLTJQHGGFBF09CB,信華段二小段,10.25,都市：住,10000,465,持分移轉,00190000
RPSRNLTJQHGGFBF09CB,信華段一小段,4.13,都市：住,10000,465,持分移轉,00070000
RPSRNLTJQHGGFBF09CB,信華段一小段,8.54,都市：住,10000,465,持分移轉,00080000
RPTNMLKKQHGGFBF87CB,中原段,25.70,都市：住,100000,981,持分移轉,01240000
RPVRNLTJQHGGFBF76CB,信華段二小段,28.35,都市：住,10000,465,持分移轉,00120000
RPVRNLTJQHGGFBF76CB,信華段二小段,9.96,都市：住,10000,465,持分移轉,00140000
RPVRNLTJQHGGFBF76CB,信華段二小段,11.27,都市：住,10000,465,持分移轉,00150000
RPVRNLTJQHGGFBF76CB,信華段二小段,9.79,都市：住,10000,465,持分移轉,00160000
RPVRNLTJQHGGFBF76CB,信華段二小段,7.52,都市：住,10000,465,持分移轉,00170000
RPVRNLTJQHGGFBF76CB,信華段二小段,9.77,都市：住,10000,465,持分移轉,00180000
RPTRNLTJQHGGFBF56CB,信華段二小段,28.35,都市：住,10000,465,持分移轉,00120000
RPVRNLTJQHGGFBF76CB,信華段二小段,10.25,都市：住,10000,465,持分移轉,00190000
RPTRNLTJQHGGFBF56CB,信華段二小段,9.96,都市：住,10000,465,持分移轉,00140000
RPVRNLTJQHGGFBF76CB,信華段一小段,4.13,都市：住,10000,465,持分移轉,00070000
RPTRNLTJQHGGFBF56CB,信華段二小段,11.27,都市：住,10000,465,持分移轉,00150000
RPVRNLTJQHGGFBF76CB,信華段一小段,8.54,都市：住,10000,465,持分移轉,00080000
RPTRNLTJQHGGFBF56CB,信華段二小段,9.79,都市：住,10000,465,持分移轉,00160000
RPTRNLTJQHGGFBF56CB,信華段二小段,7.52,都市：住,10000,465,持分移轉,00170000
RPSOMLKKQHGGFBF87CB,力行段,33.32,都市：住,100000,1771,持分移轉,05840000
RPTRNLTJQHGGFBF56CB,信華段二小段,9.77,都市：住,10000,465,持分移轉,00180000
RPURNLTJQHGGFBF66CB,信華段二小段,28.35,都市：住,10000,465,持分移轉,00120000
RPTRNLTJQHGGFBF56CB,信華段二小段,10.25,都市：住,10000,465,持分移轉,00190000
RPTRNLTJQHGGFBF56CB,信華段一小段,4.13,都市：住,10000,465,持分移轉,00070000
RPURNLTJQHGGFBF66CB,信華段二小段,9.96,都市：住,10000,465,持分移轉,00140000
RPTRNLTJQHGGFBF56CB,信華段一小段,8.54,都市：住,10000,465,持分移轉,00080000
RPURNLTJQHGGFBF66CB,信華段二小段,11.27,都市：住,10000,465,持分移轉,00150000
RPURNLTJQHGGFBF66CB,信華段二小段,9.79,都市：住,10000,465,持分移轉,00160000
RPURNLTJQHGGFBF66CB,信華段二小段,7.52,都市：住,10000,465,持分移轉,00170000
RPURNLTJQHGGFBF66CB,信華段二小段,9.77,都市：住,10000,465,持分移轉,00180000
RPURNLTJQHGGFBF66CB,信華段二小段,10.25,都市：住,10000,465,持分移轉,00190000
RPURNLTJQHGGFBF66CB,信華段一小段,4.13,都市：住,10000,465,持分移轉,00070000
RPURNLTJQHGGFBF66CB,信華段一小段,8.54,都市：住,10000,465,持分移轉,00080000
RPVNMLKKQHGGFBF08CB,中原段,30.42,都市：住,100000,1161,持分移轉,01240000
RPUNMLKKQHGGFBF97CB,中原段,25.70,都市：住,100000,981,持分移轉,01240000
RPTOMLKKQHGGFBF97CB,中原段,9.70,都市：住,100000,1040,持分移轉,01390000
RPTOMLKKQHGGFBF97CB,中原段,9.25,都市：住,100000,1040,持分移轉,01400000
RPWOMLKKQHGGFBF28CB,中原段,12.06,都市：住,100000,1293,持分移轉,01390000
RPUOMLKKQHGGFBF08CB,中原段,9.70,都市：住,100000,1040,持分移轉,01390000
RPWOMLKKQHGGFBF28CB,中原段,11.50,都市：住,100000,1293,持分移轉,01400000
RPUOMLKKQHGGFBF08CB,中原段,9.25,都市：住,100000,1040,持分移轉,01400000
RPVOMLKKQHGGFBF18CB,中原段,9.70,都市：住,100000,1040,持分移轉,01390000
RPVOMLKKQHGGFBF18CB,中原段,9.25,都市：住,100000,1040,持分移轉,01400000
RPSOMLKKQHGGFAF77CB,光仁段,2.13,都市：住,10000,203,持分移轉,21960000
RPSOMLKKQHGGFAF77CB,光仁段,2.15,都市：住,10000,203,持分移轉,21970000
RPSOMLKKQHGGFAF77CB,光仁段,2.25,都市：住,10000,203,持分移轉,21980000
RPSOMLKKQHGGFAF77CB,光仁段,2.33,都市：住,10000,203,持分移轉,21990000
RPSOMLKKQHGGFAF77CB,光仁段,2.11,都市：住,10000,203,持分移轉,22000000
RPVNMLKKQHGGFAF97CB,新都段,14.59,都市：住,100000,335,持分移轉,01060000
RPUNMLKKQHGGFAF87CB,新都段,14.85,都市：住,100000,341,持分移轉,01060000
RPSNMLKKQHGGFAF67CB,新興段,.01,都市：住,100000,619,持分移轉,13970003
RPSNMLKKQHGGFAF67CB,新興段,.07,都市：住,100000,619,持分移轉,14740000
RPSNMLKKQHGGFAF67CB,新興段,.54,都市：住,100000,619,持分移轉,14750000
RPSNMLKKQHGGFAF67CB,新興段,.53,都市：住,100000,619,持分移轉,14760000
RPSNMLKKQHGGFAF67CB,新興段,.31,都市：住,100000,619,持分移轉,14770000
RPSNMLKKQHGGFAF67CB,新興段,.30,都市：住,100000,619,持分移轉,14780000
RPSNMLKKQHGGFAF67CB,新興段,.30,都市：住,100000,619,持分移轉,14790000
RPSNMLKKQHGGFAF67CB,新興段,.30,都市：住,100000,619,持分移轉,14800000
RPSNMLKKQHGGFAF67CB,新興段,.30,都市：住,100000,619,持分移轉,14810000
RPSNMLKKQHGGFAF67CB,新興段,.29,都市：住,100000,619,持分移轉,14820000
RPSNMLKKQHGGFAF67CB,新興段,.30,都市：住,100000,619,持分移轉,14830000
RPSNMLKKQHGGFAF67CB,新興段,.30,都市：住,100000,619,持分移轉,14840000
RPSNMLKKQHGGFAF67CB,新興段,.30,都市：住,100000,619,持分移轉,14850000
RPSNMLKKQHGGFAF67CB,新興段,.29,都市：住,100000,619,持分移轉,14860000
RPSNMLKKQHGGFAF67CB,新興段,.30,都市：住,100000,619,持分移轉,14870000
RPSNMLKKQHGGFAF67CB,新興段,.76,都市：住,100000,619,持分移轉,14880000
RPSNMLKKQHGGFAF67CB,新興段,.02,都市：住,100000,619,持分移轉,14880001
RPSNMLKKQHGGFAF67CB,新興段,.83,都市：住,100000,619,持分移轉,14890000
RPSNMLKKQHGGFAF67CB,新興段,.76,都市：住,100000,619,持分移轉,14900000
RPSNMLKKQHGGFAF67CB,新興段,.40,都市：住,100000,619,持分移轉,14910000
RPSNMLKKQHGGFAF67CB,新興段,.71,都市：住,100000,619,持分移轉,14920000
RPSNMLKKQHGGFAF67CB,新興段,1.19,都市：住,100000,619,持分移轉,14930000
RPSNMLKKQHGGFAF67CB,新興段,.14,都市：住,100000,619,持分移轉,14940000
RPSNMLKKQHGGFAF67CB,新興段,.84,都市：住,100000,619,持分移轉,14950000
RPSNMLKKQHGGFAF67CB,新興段,.54,都市：住,100000,619,持分移轉,14960000
RPSNMLKKQHGGFAF67CB,新興段,1.91,都市：住,100000,619,持分移轉,14970000
RPSNMLKKQHGGFAF67CB,新興段,1.03,都市：住,100000,619,持分移轉,14980000
RPSNMLKKQHGGFAF67CB,新興段,.42,都市：住,100000,619,持分移轉,14980005
RPSNMLKKQHGGFAF67CB,新興段,2.19,都市：住,100000,619,持分移轉,14990000
RPSNMLKKQHGGFAF67CB,新興段,1.66,都市：住,100000,619,持分移轉,14990001
RPSNMLKKQHGGFAF67CB,新興段,.07,都市：住,100000,619,持分移轉,14990003
RPSNMLKKQHGGFAF67CB,新興段,.01,都市：住,100000,619,持分移轉,14990007
RPSNMLKKQHGGFAF67CB,新興段,.01,都市：住,100000,619,持分移轉,14960001
RPSNMLKKQHGGFAF67CB,新興段,.04,都市：住,100000,619,持分移轉,14970001
RPSNMLKKQHGGFAF67CB,新興段,.01,都市：住,100000,619,持分移轉,14980006
RPTOMLKKQHGGFAF87CB,光仁段,2.13,都市：住,10000,203,持分移轉,21960000
RPTOMLKKQHGGFAF87CB,光仁段,2.15,都市：住,10000,203,持分移轉,21970000
RPTOMLKKQHGGFAF87CB,光仁段,2.25,都市：住,10000,203,持分移轉,21980000
RPTOMLKKQHGGFAF87CB,光仁段,2.33,都市：住,10000,203,持分移轉,21990000
RPTOMLKKQHGGFAF87CB,光仁段,2.11,都市：住,10000,203,持分移轉,22000000
RPVOMLKKQHGGFAF08CB,光仁段,2.13,都市：住,10000,203,持分移轉,21960000
RPVOMLKKQHGGFAF08CB,光仁段,2.15,都市：住,10000,203,持分移轉,21970000
RPVOMLKKQHGGFAF08CB,光仁段,2.25,都市：住,10000,203,持分移轉,21980000
RPVOMLKKQHGGFAF08CB,光仁段,2.33,都市：住,10000,203,持分移轉,21990000
RPVOMLKKQHGGFAF08CB,光仁段,2.11,都市：住,10000,203,持分移轉,22000000
RPWOMLKKQHGGFAF18CB,光仁段,1.45,都市：住,10000,138,持分移轉,21960000
RPWOMLKKQHGGFAF18CB,光仁段,1.46,都市：住,10000,138,持分移轉,21970000
RPWOMLKKQHGGFAF18CB,光仁段,1.53,都市：住,10000,138,持分移轉,21980000
RPWOMLKKQHGGFAF18CB,光仁段,1.59,都市：住,10000,138,持分移轉,21990000
RPWOMLKKQHGGFAF18CB,光仁段,1.44,都市：住,10000,138,持分移轉,22000000
RPXOMLKKQHGGFAF28CB,光仁段,2.33,都市：住,10000,222,持分移轉,21960000
RPXOMLKKQHGGFAF28CB,光仁段,2.35,都市：住,10000,222,持分移轉,21970000
RPOPMLKKQHGGFAF47CB,光仁段,2.13,都市：住,10000,203,持分移轉,21960000
RPXOMLKKQHGGFAF28CB,光仁段,2.46,都市：住,10000,222,持分移轉,21980000
RPOPMLKKQHGGFAF47CB,光仁段,2.15,都市：住,10000,203,持分移轉,21970000
RPXOMLKKQHGGFAF28CB,光仁段,2.55,都市：住,10000,222,持分移轉,21990000
RPOPMLKKQHGGFAF47CB,光仁段,2.25,都市：住,10000,203,持分移轉,21980000
RPXOMLKKQHGGFAF28CB,光仁段,2.31,都市：住,10000,222,持分移轉,22000000
RPOPMLKKQHGGFAF47CB,光仁段,2.33,都市：住,10000,203,持分移轉,21990000
RPOPMLKKQHGGFAF47CB,光仁段,2.11,都市：住,10000,203,持分移轉,22000000
RPPPMLKKQHGGFAF57CB,光仁段,2.68,都市：住,10000,255,持分移轉,21960000
RPPPMLKKQHGGFAF57CB,光仁段,2.70,都市：住,10000,255,持分移轉,21970000
RPPPMLKKQHGGFAF57CB,光仁段,2.83,都市：住,10000,255,持分移轉,21980000
RPPPMLKKQHGGFAF57CB,光仁段,2.93,都市：住,10000,255,持分移轉,21990000
RPPPMLKKQHGGFAF57CB,光仁段,2.65,都市：住,10000,255,持分移轉,22000000
RPRPMLKKQHGGFAF77CB,光仁段,2.33,都市：住,10000,222,持分移轉,21960000
RPRPMLKKQHGGFAF77CB,光仁段,2.35,都市：住,10000,222,持分移轉,21970000
RPRPMLKKQHGGFAF77CB,光仁段,2.46,都市：住,10000,222,持分移轉,21980000
RPRPMLKKQHGGFAF77CB,光仁段,2.55,都市：住,10000,222,持分移轉,21990000
RPRPMLKKQHGGFAF77CB,光仁段,2.31,都市：住,10000,222,持分移轉,22000000
RPQPMLKKQHGGFAF67CB,光仁段,1.45,都市：住,10000,138,持分移轉,21960000
RPQPMLKKQHGGFAF67CB,光仁段,1.46,都市：住,10000,138,持分移轉,21970000
RPQPMLKKQHGGFAF67CB,光仁段,1.53,都市：住,10000,138,持分移轉,21980000
RPQPMLKKQHGGFAF67CB,光仁段,1.59,都市：住,10000,138,持分移轉,21990000
RPQPMLKKQHGGFAF67CB,光仁段,1.44,都市：住,10000,138,持分移轉,22000000
RPTPMLKKQHGGFAF97CB,光仁段,2.13,都市：住,10000,203,持分移轉,21960000
RPTPMLKKQHGGFAF97CB,光仁段,2.15,都市：住,10000,203,持分移轉,21970000
RPTPMLKKQHGGFAF97CB,光仁段,2.25,都市：住,10000,203,持分移轉,21980000
RPTPMLKKQHGGFAF97CB,光仁段,2.33,都市：住,10000,203,持分移轉,21990000
RPTPMLKKQHGGFAF97CB,光仁段,2.11,都市：住,10000,203,持分移轉,22000000
RPSPMLKKQHGGFAF87CB,光仁段,2.33,都市：住,10000,222,持分移轉,21960000
RPSPMLKKQHGGFAF87CB,光仁段,2.35,都市：住,10000,222,持分移轉,21970000
RPSPMLKKQHGGFAF87CB,光仁段,2.46,都市：住,10000,222,持分移轉,21980000
RPSPMLKKQHGGFAF87CB,光仁段,2.55,都市：住,10000,222,持分移轉,21990000
RPSPMLKKQHGGFAF87CB,光仁段,2.31,都市：住,10000,222,持分移轉,22000000
RPVPMLKKQHGGFAF18CB,光仁段,2.68,都市：住,10000,255,持分移轉,21960000
RPVPMLKKQHGGFAF18CB,光仁段,2.70,都市：住,10000,255,持分移轉,21970000
RPVPMLKKQHGGFAF18CB,光仁段,2.83,都市：住,10000,255,持分移轉,21980000
RPVPMLKKQHGGFAF18CB,光仁段,2.93,都市：住,10000,255,持分移轉,21990000
RPVPMLKKQHGGFAF18CB,光仁段,2.65,都市：住,10000,255,持分移轉,22000000
RPUPMLKKQHGGFAF08CB,光仁段,2.78,都市：住,10000,265,持分移轉,21960000
RPUPMLKKQHGGFAF08CB,光仁段,2.81,都市：住,10000,265,持分移轉,21970000
RPUPMLKKQHGGFAF08CB,光仁段,2.94,都市：住,10000,265,持分移轉,21980000
RPUPMLKKQHGGFAF08CB,光仁段,3.05,都市：住,10000,265,持分移轉,21990000
RPUPMLKKQHGGFAF08CB,光仁段,2.76,都市：住,10000,265,持分移轉,22000000
RPWPMLKKQHGGFAF28CB,光仁段,2.68,都市：住,10000,255,持分移轉,21960000
RPWPMLKKQHGGFAF28CB,光仁段,2.70,都市：住,10000,255,持分移轉,21970000
RPWPMLKKQHGGFAF28CB,光仁段,2.83,都市：住,10000,255,持分移轉,21980000
RPWPMLKKQHGGFAF28CB,光仁段,2.93,都市：住,10000,255,持分移轉,21990000
RPWPMLKKQHGGFAF28CB,光仁段,2.65,都市：住,10000,255,持分移轉,22000000
RPXPMLKKQHGGFAF38CB,光仁段,1.45,都市：住,10000,138,持分移轉,21960000
RPXPMLKKQHGGFAF38CB,光仁段,1.46,都市：住,10000,138,持分移轉,21970000
RPXPMLKKQHGGFAF38CB,光仁段,1.53,都市：住,10000,138,持分移轉,21980000
RPXPMLKKQHGGFAF38CB,光仁段,1.59,都市：住,10000,138,持分移轉,21990000
RPXPMLKKQHGGFAF38CB,光仁段,1.44,都市：住,10000,138,持分移轉,22000000
RPOQMLKKQHGGFAF57CB,光仁段,2.68,都市：住,10000,255,持分移轉,21960000
RPOQMLKKQHGGFAF57CB,光仁段,2.70,都市：住,10000,255,持分移轉,21970000
RPOQMLKKQHGGFAF57CB,光仁段,2.83,都市：住,10000,255,持分移轉,21980000
RPOQMLKKQHGGFAF57CB,光仁段,2.93,都市：住,10000,255,持分移轉,21990000
RPOQMLKKQHGGFAF57CB,光仁段,2.65,都市：住,10000,255,持分移轉,22000000
RPPQMLKKQHGGFAF67CB,光仁段,2.68,都市：住,10000,255,持分移轉,21960000
RPPQMLKKQHGGFAF67CB,光仁段,2.70,都市：住,10000,255,持分移轉,21970000
RPPQMLKKQHGGFAF67CB,光仁段,2.83,都市：住,10000,255,持分移轉,21980000
RPPQMLKKQHGGFAF67CB,光仁段,2.93,都市：住,10000,255,持分移轉,21990000
RPPQMLKKQHGGFAF67CB,光仁段,2.65,都市：住,10000,255,持分移轉,22000000
RPOQMLKKQHGGFGF18CB,仁信段,18.85,都市：住,100000,1573,持分移轉,00080000
RPRQMLKKQHGGFGF48CB,仁信段,14.55,都市：住,100000,1214,持分移轉,00080000
RPSQMLKKQHGGFGF58CB,仁信段,18.85,都市：住,100000,1573,持分移轉,00080000
RPTQMLKKQHGGFGF68CB,仁信段,19.04,都市：住,100000,1589,持分移轉,00080000
RPUQMLKKQHGGFGF78CB,仁信段,13.54,都市：住,100000,1130,持分移轉,00080000
RPVQMLKKQHGGFGF88CB,仁信段,18.85,都市：住,100000,1573,持分移轉,00080000
RPPRMLKKQHGGFGF38CB,仁信段,13.54,都市：住,100000,1130,持分移轉,00080000
RPRRMLKKQHGGFGF58CB,仁信段,18.85,都市：住,100000,1573,持分移轉,00080000
RPSRMLKKQHGGFGF68CB,仁信段,14.55,都市：住,100000,1214,持分移轉,00080000
RPWRMLKKQHGGFGF09CB,仁信段,20.79,都市：住,10000,96,持分移轉,00150000
RPXRMLKKQHGGFGF56CB,仁信段,21.01,都市：住,10000,97,持分移轉,00150000
RPPSMLKKQHGGFGF48CB,仁信段,20.79,都市：住,10000,96,持分移轉,00150000
RPSSMLKKQHGGFGF78CB,三重段,14.77,都市：住,100000,397,持分移轉,03280000
RPOSMLKKQHGGFGF38CB,仁信段,20.58,都市：住,10000,95,持分移轉,00150000
RPRSMLKKQHGGFGF68CB,三重段,23.51,都市：住,100000,632,持分移轉,03280000
RPTSMLKKQHGGFGF88CB,三重段,24.33,都市：住,100000,654,持分移轉,03280000
RPUSMLKKQHGGFGF98CB,三重段,17.67,都市：住,100000,475,持分移轉,03280000
RPVSMLKKQHGGFGF09CB,仁信段,13.54,都市：住,100000,1130,持分移轉,00080000
RPPTMLKKQHGGFGF58CB,仁信段,18.85,都市：住,100000,1573,持分移轉,00080000
RPWSMLKKQHGGFGF56CB,仁信段,19.04,都市：住,100000,1589,持分移轉,00080000
RPQTMLKKQHGGFGF68CB,仁信段,19.04,都市：住,100000,1589,持分移轉,00080000
RPTNMLKKQHGGFCF97CB,斯馨段,7.50,都市：住,10000,75,持分移轉,00120000
RPTNMLKKQHGGFCF97CB,斯馨段,7.50,都市：住,10000,75,持分移轉,00120001
RPTNMLKKQHGGFCF97CB,斯馨段,11.76,都市：住,10000,75,持分移轉,00120002
RPQNMLKKQHGGFCF67CB,斯馨段,6.41,都市：住,1000000,978,持分移轉,00130000
RPQNMLKKQHGGFCF67CB,斯馨段,1.80,都市：住,1000000,978,持分移轉,00150000
RPUNMLKKQHGGFCF08CB,斯馨段,6.00,都市：住,10000,60,持分移轉,00120000
RPUNMLKKQHGGFCF08CB,斯馨段,6.00,都市：住,10000,60,持分移轉,00120001
RPUNMLKKQHGGFCF08CB,斯馨段,9.41,都市：住,10000,60,持分移轉,00120002
RPQNMLKKQHGGFGF18DB,龍門段,.69,都市：住,100000,857,持分移轉,07070000
RPQNMLKKQHGGFGF18DB,龍門段,.14,都市：住,100000,857,持分移轉,07070001
RPQNMLKKQHGGFGF18DB,龍門段,.46,都市：住,100000,857,持分移轉,08570000
RPQNMLKKQHGGFGF18DB,龍門段,.06,都市：住,100000,857,持分移轉,08570001
RPPNMLKKQHGGFGF08DB,龍門段,.69,都市：住,100000,857,持分移轉,07070000
RPQNMLKKQHGGFGF18DB,龍門段,.46,都市：住,100000,857,持分移轉,08580000
RPPNMLKKQHGGFGF08DB,龍門段,.14,都市：住,100000,857,持分移轉,07070001
RPQNMLKKQHGGFGF18DB,龍門段,.06,都市：住,100000,857,持分移轉,08580001
RPPNMLKKQHGGFGF08DB,龍門段,.46,都市：住,100000,857,持分移轉,08570000
RPQNMLKKQHGGFGF18DB,龍門段,.46,都市：住,100000,857,持分移轉,08590000
RPPNMLKKQHGGFGF08DB,龍門段,.06,都市：住,100000,857,持分移轉,08570001
RPQNMLKKQHGGFGF18DB,龍門段,.06,都市：住,100000,857,持分移轉,08590001
RPSNMLKKQHGGFGF38DB,龍門段,.47,都市：住,100000,584,持分移轉,07070000
RPPNMLKKQHGGFGF08DB,龍門段,.46,都市：住,100000,857,持分移轉,08580000
RPQNMLKKQHGGFGF18DB,龍門段,.46,都市：住,100000,857,持分移轉,08600000
RPSNMLKKQHGGFGF38DB,龍門段,.09,都市：住,100000,584,持分移轉,07070001
RPPNMLKKQHGGFGF08DB,龍門段,.06,都市：住,100000,857,持分移轉,08580001
RPQNMLKKQHGGFGF18DB,龍門段,.06,都市：住,100000,857,持分移轉,08600001
RPSNMLKKQHGGFGF38DB,龍門段,.31,都市：住,100000,584,持分移轉,08570000
RPPNMLKKQHGGFGF08DB,龍門段,.46,都市：住,100000,857,持分移轉,08590000
RPQNMLKKQHGGFGF18DB,龍門段,.45,都市：住,100000,857,持分移轉,08610000
RPSNMLKKQHGGFGF38DB,龍門段,.04,都市：住,100000,584,持分移轉,08570001
RPPNMLKKQHGGFGF08DB,龍門段,.06,都市：住,100000,857,持分移轉,08590001
RPQNMLKKQHGGFGF18DB,龍門段,.06,都市：住,100000,857,持分移轉,08610001
RPSNMLKKQHGGFGF38DB,龍門段,.31,都市：住,100000,584,持分移轉,08580000
RPPNMLKKQHGGFGF08DB,龍門段,.46,都市：住,100000,857,持分移轉,08600000
RPQNMLKKQHGGFGF18DB,龍門段,.45,都市：住,100000,857,持分移轉,08620000
RPSNMLKKQHGGFGF38DB,龍門段,.04,都市：住,100000,584,持分移轉,08580001
RPPNMLKKQHGGFGF08DB,龍門段,.06,都市：住,100000,857,持分移轉,08600001
RPQNMLKKQHGGFGF18DB,龍門段,.06,都市：住,100000,857,持分移轉,08620001
RPSNMLKKQHGGFGF38DB,龍門段,.31,都市：住,100000,584,持分移轉,08590000
RPPNMLKKQHGGFGF08DB,龍門段,.45,都市：住,100000,857,持分移轉,08610000
RPQNMLKKQHGGFGF18DB,龍門段,.45,都市：住,100000,857,持分移轉,08630000
RPSNMLKKQHGGFGF38DB,龍門段,.04,都市：住,100000,584,持分移轉,08590001
RPPNMLKKQHGGFGF08DB,龍門段,.06,都市：住,100000,857,持分移轉,08610001
RPQNMLKKQHGGFGF18DB,龍門段,.06,都市：住,100000,857,持分移轉,08630001
RPSNMLKKQHGGFGF38DB,龍門段,.31,都市：住,100000,584,持分移轉,08600000
RPPNMLKKQHGGFGF08DB,龍門段,.45,都市：住,100000,857,持分移轉,08620000
RPQNMLKKQHGGFGF18DB,龍門段,.45,都市：住,100000,857,持分移轉,08640000
RPSNMLKKQHGGFGF38DB,龍門段,.04,都市：住,100000,584,持分移轉,08600001
RPPNMLKKQHGGFGF08DB,龍門段,.06,都市：住,100000,857,持分移轉,08620001
RPQNMLKKQHGGFGF18DB,龍門段,.05,都市：住,100000,857,持分移轉,08640001
RPSNMLKKQHGGFGF38DB,龍門段,.31,都市：住,100000,584,持分移轉,08610000
RPPNMLKKQHGGFGF08DB,龍門段,.45,都市：住,100000,857,持分移轉,08630000
RPQNMLKKQHGGFGF18DB,龍門段,.61,都市：住,100000,857,持分移轉,08650000
RPSNMLKKQHGGFGF38DB,龍門段,.04,都市：住,100000,584,持分移轉,08610001
RPPNMLKKQHGGFGF08DB,龍門段,.06,都市：住,100000,857,持分移轉,08630001
RPPNMLKKQHGGFGF08DB,龍門段,.45,都市：住,100000,857,持分移轉,08640000
RPQNMLKKQHGGFGF18DB,龍門段,.07,都市：住,100000,857,持分移轉,08650001
RPSNMLKKQHGGFGF38DB,龍門段,.31,都市：住,100000,584,持分移轉,08620000
RPPNMLKKQHGGFGF08DB,龍門段,.05,都市：住,100000,857,持分移轉,08640001
RPQNMLKKQHGGFGF18DB,龍門段,.51,都市：住,100000,857,持分移轉,08660000
RPPNMLKKQHGGFGF08DB,龍門段,.61,都市：住,100000,857,持分移轉,08650000
RPSNMLKKQHGGFGF38DB,龍門段,.04,都市：住,100000,584,持分移轉,08620001
RPQNMLKKQHGGFGF18DB,龍門段,.06,都市：住,100000,857,持分移轉,08660001
RPPNMLKKQHGGFGF08DB,龍門段,.07,都市：住,100000,857,持分移轉,08650001
RPQNMLKKQHGGFGF18DB,龍門段,.44,都市：住,100000,857,持分移轉,08670000
RPPNMLKKQHGGFGF08DB,龍門段,.51,都市：住,100000,857,持分移轉,08660000
RPSNMLKKQHGGFGF38DB,龍門段,.31,都市：住,100000,584,持分移轉,08630000
RPQNMLKKQHGGFGF18DB,龍門段,.05,都市：住,100000,857,持分移轉,08670001
RPPNMLKKQHGGFGF08DB,龍門段,.06,都市：住,100000,857,持分移轉,08660001
RPQNMLKKQHGGFGF18DB,龍門段,.44,都市：住,100000,857,持分移轉,08680000
RPPNMLKKQHGGFGF08DB,龍門段,.44,都市：住,100000,857,持分移轉,08670000
RPSNMLKKQHGGFGF38DB,龍門段,.04,都市：住,100000,584,持分移轉,08630001
RPQNMLKKQHGGFGF18DB,龍門段,.05,都市：住,100000,857,持分移轉,08680001
RPPNMLKKQHGGFGF08DB,龍門段,.05,都市：住,100000,857,持分移轉,08670001
RPQNMLKKQHGGFGF18DB,龍門段,.44,都市：住,100000,857,持分移轉,08690000
RPPNMLKKQHGGFGF08DB,龍門段,.44,都市：住,100000,857,持分移轉,08680000
RPSNMLKKQHGGFGF38DB,龍門段,.31,都市：住,100000,584,持分移轉,08640000
RPQNMLKKQHGGFGF18DB,龍門段,.05,都市：住,100000,857,持分移轉,08690001
RPPNMLKKQHGGFGF08DB,龍門段,.05,都市：住,100000,857,持分移轉,08680001
RPSNMLKKQHGGFGF38DB,龍門段,.04,都市：住,100000,584,持分移轉,08640001
RPQNMLKKQHGGFGF18DB,龍門段,.44,都市：住,100000,857,持分移轉,08700000
RPPNMLKKQHGGFGF08DB,龍門段,.44,都市：住,100000,857,持分移轉,08690000
RPSNMLKKQHGGFGF38DB,龍門段,.42,都市：住,100000,584,持分移轉,08650000
RPQNMLKKQHGGFGF18DB,龍門段,.05,都市：住,100000,857,持分移轉,08700001
RPPNMLKKQHGGFGF08DB,龍門段,.05,都市：住,100000,857,持分移轉,08690001
RPSNMLKKQHGGFGF38DB,龍門段,.05,都市：住,100000,584,持分移轉,08650001
RPQNMLKKQHGGFGF18DB,龍門段,.44,都市：住,100000,857,持分移轉,08710000
RPPNMLKKQHGGFGF08DB,龍門段,.44,都市：住,100000,857,持分移轉,08700000
RPSNMLKKQHGGFGF38DB,龍門段,.35,都市：住,100000,584,持分移轉,08660000
RPQNMLKKQHGGFGF18DB,龍門段,.05,都市：住,100000,857,持分移轉,08710001
RPPNMLKKQHGGFGF08DB,龍門段,.05,都市：住,100000,857,持分移轉,08700001
RPSNMLKKQHGGFGF38DB,龍門段,.04,都市：住,100000,584,持分移轉,08660001
RPQNMLKKQHGGFGF18DB,龍門段,.44,都市：住,100000,857,持分移轉,08720000
RPPNMLKKQHGGFGF08DB,龍門段,.44,都市：住,100000,857,持分移轉,08710000
RPSNMLKKQHGGFGF38DB,龍門段,.30,都市：住,100000,584,持分移轉,08670000
RPQNMLKKQHGGFGF18DB,龍門段,.05,都市：住,100000,857,持分移轉,08720001
RPPNMLKKQHGGFGF08DB,龍門段,.05,都市：住,100000,857,持分移轉,08710001
RPSNMLKKQHGGFGF38DB,龍門段,.04,都市：住,100000,584,持分移轉,08670001
RPQNMLKKQHGGFGF18DB,龍門段,.44,都市：住,100000,857,持分移轉,08730000
RPPNMLKKQHGGFGF08DB,龍門段,.44,都市：住,100000,857,持分移轉,08720000
RPSNMLKKQHGGFGF38DB,龍門段,.30,都市：住,100000,584,持分移轉,08680000
RPQNMLKKQHGGFGF18DB,龍門段,.05,都市：住,100000,857,持分移轉,08730001
RPPNMLKKQHGGFGF08DB,龍門段,.05,都市：住,100000,857,持分移轉,08720001
RPSNMLKKQHGGFGF38DB,龍門段,.04,都市：住,100000,584,持分移轉,08680001
RPQNMLKKQHGGFGF18DB,龍門段,.62,都市：住,100000,857,持分移轉,08740000
RPPNMLKKQHGGFGF08DB,龍門段,.44,都市：住,100000,857,持分移轉,08730000
RPSNMLKKQHGGFGF38DB,龍門段,.30,都市：住,100000,584,持分移轉,08690000
RPQNMLKKQHGGFGF18DB,龍門段,.07,都市：住,100000,857,持分移轉,08740001
RPPNMLKKQHGGFGF08DB,龍門段,.05,都市：住,100000,857,持分移轉,08730001
RPSNMLKKQHGGFGF38DB,龍門段,.04,都市：住,100000,584,持分移轉,08690001
RPQNMLKKQHGGFGF18DB,龍門段,.62,都市：住,100000,857,持分移轉,08750000
RPPNMLKKQHGGFGF08DB,龍門段,.62,都市：住,100000,857,持分移轉,08740000
RPSNMLKKQHGGFGF38DB,龍門段,.30,都市：住,100000,584,持分移轉,08700000
RPQNMLKKQHGGFGF18DB,龍門段,.54,都市：住,100000,857,持分移轉,08760000
RPPNMLKKQHGGFGF08DB,龍門段,.07,都市：住,100000,857,持分移轉,08740001
RPSNMLKKQHGGFGF38DB,龍門段,.04,都市：住,100000,584,持分移轉,08700001
RPQNMLKKQHGGFGF18DB,龍門段,.57,都市：住,100000,857,持分移轉,08770000
RPPNMLKKQHGGFGF08DB,龍門段,.62,都市：住,100000,857,持分移轉,08750000
RPSNMLKKQHGGFGF38DB,龍門段,.30,都市：住,100000,584,持分移轉,08710000
RPQNMLKKQHGGFGF18DB,龍門段,.20,都市：住,100000,857,持分移轉,08770001
RPPNMLKKQHGGFGF08DB,龍門段,.54,都市：住,100000,857,持分移轉,08760000
RPSNMLKKQHGGFGF38DB,龍門段,.04,都市：住,100000,584,持分移轉,08710001
RPPNMLKKQHGGFGF08DB,龍門段,.57,都市：住,100000,857,持分移轉,08770000
RPSNMLKKQHGGFGF38DB,龍門段,.30,都市：住,100000,584,持分移轉,08720000
RPPNMLKKQHGGFGF08DB,龍門段,.20,都市：住,100000,857,持分移轉,08770001
RPSNMLKKQHGGFGF38DB,龍門段,.04,都市：住,100000,584,持分移轉,08720001
RPSNMLKKQHGGFGF38DB,龍門段,.30,都市：住,100000,584,持分移轉,08730000
RPSNMLKKQHGGFGF38DB,龍門段,.04,都市：住,100000,584,持分移轉,08730001
RPSNMLKKQHGGFGF38DB,龍門段,.42,都市：住,100000,584,持分移轉,08740000
RPSNMLKKQHGGFGF38DB,龍門段,.05,都市：住,100000,584,持分移轉,08740001
RPSNMLKKQHGGFGF38DB,龍門段,.42,都市：住,100000,584,持分移轉,08750000
RPSNMLKKQHGGFGF38DB,龍門段,.37,都市：住,100000,584,持分移轉,08760000
RPSNMLKKQHGGFGF38DB,龍門段,.39,都市：住,100000,584,持分移轉,08770000
RPTNMLKKQHGGFGF48DB,龍門段,.71,都市：住,100000,879,持分移轉,07070000
RPSNMLKKQHGGFGF38DB,龍門段,.14,都市：住,100000,584,持分移轉,08770001
RPTNMLKKQHGGFGF48DB,龍門段,.14,都市：住,100000,879,持分移轉,07070001
RPTNMLKKQHGGFGF48DB,龍門段,.47,都市：住,100000,879,持分移轉,08570000
RPTNMLKKQHGGFGF48DB,龍門段,.06,都市：住,100000,879,持分移轉,08570001
RPTNMLKKQHGGFGF48DB,龍門段,.47,都市：住,100000,879,持分移轉,08580000
RPTNMLKKQHGGFGF48DB,龍門段,.06,都市：住,100000,879,持分移轉,08580001
RPTNMLKKQHGGFGF48DB,龍門段,.47,都市：住,100000,879,持分移轉,08590000
RPTNMLKKQHGGFGF48DB,龍門段,.06,都市：住,100000,879,持分移轉,08590001
RPTNMLKKQHGGFGF48DB,龍門段,.47,都市：住,100000,879,持分移轉,08600000
RPTNMLKKQHGGFGF48DB,龍門段,.06,都市：住,100000,879,持分移轉,08600001
RPTNMLKKQHGGFGF48DB,龍門段,.46,都市：住,100000,879,持分移轉,08610000
RPTNMLKKQHGGFGF48DB,龍門段,.06,都市：住,100000,879,持分移轉,08610001
RPTNMLKKQHGGFGF48DB,龍門段,.46,都市：住,100000,879,持分移轉,08620000
RPTNMLKKQHGGFGF48DB,龍門段,.06,都市：住,100000,879,持分移轉,08620001
RPTNMLKKQHGGFGF48DB,龍門段,.46,都市：住,100000,879,持分移轉,08630000
RPTNMLKKQHGGFGF48DB,龍門段,.06,都市：住,100000,879,持分移轉,08630001
RPTNMLKKQHGGFGF48DB,龍門段,.46,都市：住,100000,879,持分移轉,08640000
RPTNMLKKQHGGFGF48DB,龍門段,.06,都市：住,100000,879,持分移轉,08640001
RPTNMLKKQHGGFGF48DB,龍門段,.63,都市：住,100000,879,持分移轉,08650000
RPTNMLKKQHGGFGF48DB,龍門段,.08,都市：住,100000,879,持分移轉,08650001
RPTNMLKKQHGGFGF48DB,龍門段,.53,都市：住,100000,879,持分移轉,08660000
RPTNMLKKQHGGFGF48DB,龍門段,.06,都市：住,100000,879,持分移轉,08660001
RPTNMLKKQHGGFGF48DB,龍門段,.45,都市：住,100000,879,持分移轉,08670000
RPTNMLKKQHGGFGF48DB,龍門段,.06,都市：住,100000,879,持分移轉,08670001
RPTNMLKKQHGGFGF48DB,龍門段,.45,都市：住,100000,879,持分移轉,08680000
RPTNMLKKQHGGFGF48DB,龍門段,.05,都市：住,100000,879,持分移轉,08680001
RPTNMLKKQHGGFGF48DB,龍門段,.46,都市：住,100000,879,持分移轉,08690000
RPTNMLKKQHGGFGF48DB,龍門段,.05,都市：住,100000,879,持分移轉,08690001
RPTNMLKKQHGGFGF48DB,龍門段,.46,都市：住,100000,879,持分移轉,08700000
RPTNMLKKQHGGFGF48DB,龍門段,.05,都市：住,100000,879,持分移轉,08700001
RPTNMLKKQHGGFGF48DB,龍門段,.45,都市：住,100000,879,持分移轉,08710000
RPTNMLKKQHGGFGF48DB,龍門段,.05,都市：住,100000,879,持分移轉,08710001
RPTNMLKKQHGGFGF48DB,龍門段,.45,都市：住,100000,879,持分移轉,08720000
RPTNMLKKQHGGFGF48DB,龍門段,.05,都市：住,100000,879,持分移轉,08720001
RPTNMLKKQHGGFGF48DB,龍門段,.45,都市：住,100000,879,持分移轉,08730000
RPTNMLKKQHGGFGF48DB,龍門段,.05,都市：住,100000,879,持分移轉,08730001
RPTNMLKKQHGGFGF48DB,龍門段,.64,都市：住,100000,879,持分移轉,08740000
RPTNMLKKQHGGFGF48DB,龍門段,.07,都市：住,100000,879,持分移轉,08740001
RPTNMLKKQHGGFGF48DB,龍門段,.63,都市：住,100000,879,持分移轉,08750000
RPTNMLKKQHGGFGF48DB,龍門段,.56,都市：住,100000,879,持分移轉,08760000
RPTNMLKKQHGGFGF48DB,龍門段,.58,都市：住,100000,879,持分移轉,08770000
RPTNMLKKQHGGFGF48DB,龍門段,.21,都市：住,100000,879,持分移轉,08770001
RPWNMLKKQHGGFGF78DB,龍門段,.58,都市：住,100000,717,持分移轉,07070000
RPWNMLKKQHGGFGF78DB,龍門段,.12,都市：住,100000,717,持分移轉,07070001
RPWNMLKKQHGGFGF78DB,龍門段,.38,都市：住,100000,717,持分移轉,08570000
RPWNMLKKQHGGFGF78DB,龍門段,.05,都市：住,100000,717,持分移轉,08570001
RPWNMLKKQHGGFGF78DB,龍門段,.38,都市：住,100000,717,持分移轉,08580000
RPWNMLKKQHGGFGF78DB,龍門段,.05,都市：住,100000,717,持分移轉,08580001
RPWNMLKKQHGGFGF78DB,龍門段,.38,都市：住,100000,717,持分移轉,08590000
RPWNMLKKQHGGFGF78DB,龍門段,.05,都市：住,100000,717,持分移轉,08590001
RPWNMLKKQHGGFGF78DB,龍門段,.38,都市：住,100000,717,持分移轉,08600000
RPWNMLKKQHGGFGF78DB,龍門段,.05,都市：住,100000,717,持分移轉,08600001
RPWNMLKKQHGGFGF78DB,龍門段,.38,都市：住,100000,717,持分移轉,08610000
RPWNMLKKQHGGFGF78DB,龍門段,.05,都市：住,100000,717,持分移轉,08610001
RPWNMLKKQHGGFGF78DB,龍門段,.38,都市：住,100000,717,持分移轉,08620000
RPWNMLKKQHGGFGF78DB,龍門段,.05,都市：住,100000,717,持分移轉,08620001
RPWNMLKKQHGGFGF78DB,龍門段,.38,都市：住,100000,717,持分移轉,08630000
RPWNMLKKQHGGFGF78DB,龍門段,.05,都市：住,100000,717,持分移轉,08630001
RPWNMLKKQHGGFGF78DB,龍門段,.37,都市：住,100000,717,持分移轉,08640000
RPWNMLKKQHGGFGF78DB,龍門段,.05,都市：住,100000,717,持分移轉,08640001
RPWNMLKKQHGGFGF78DB,龍門段,.51,都市：住,100000,717,持分移轉,08650000
RPWNMLKKQHGGFGF78DB,龍門段,.06,都市：住,100000,717,持分移轉,08650001
RPWNMLKKQHGGFGF78DB,龍門段,.43,都市：住,100000,717,持分移轉,08660000
RPWNMLKKQHGGFGF78DB,龍門段,.05,都市：住,100000,717,持分移轉,08660001
RPWNMLKKQHGGFGF78DB,龍門段,.37,都市：住,100000,717,持分移轉,08670000
RPWNMLKKQHGGFGF78DB,龍門段,.05,都市：住,100000,717,持分移轉,08670001
RPWNMLKKQHGGFGF78DB,龍門段,.37,都市：住,100000,717,持分移轉,08680000
RPWNMLKKQHGGFGF78DB,龍門段,.04,都市：住,100000,717,持分移轉,08680001
RPWNMLKKQHGGFGF78DB,龍門段,.37,都市：住,100000,717,持分移轉,08690000
RPWNMLKKQHGGFGF78DB,龍門段,.04,都市：住,100000,717,持分移轉,08690001
RPWNMLKKQHGGFGF78DB,龍門段,.37,都市：住,100000,717,持分移轉,08700000
RPWNMLKKQHGGFGF78DB,龍門段,.04,都市：住,100000,717,持分移轉,08700001
RPWNMLKKQHGGFGF78DB,龍門段,.37,都市：住,100000,717,持分移轉,08710000
RPWNMLKKQHGGFGF78DB,龍門段,.04,都市：住,100000,717,持分移轉,08710001
RPWNMLKKQHGGFGF78DB,龍門段,.37,都市：住,100000,717,持分移轉,08720000
RPWNMLKKQHGGFGF78DB,龍門段,.04,都市：住,100000,717,持分移轉,08720001
RPWNMLKKQHGGFGF78DB,龍門段,.37,都市：住,100000,717,持分移轉,08730000
RPWNMLKKQHGGFGF78DB,龍門段,.04,都市：住,100000,717,持分移轉,08730001
RPWNMLKKQHGGFGF78DB,龍門段,.52,都市：住,100000,717,持分移轉,08740000
RPWNMLKKQHGGFGF78DB,龍門段,.06,都市：住,100000,717,持分移轉,08740001
RPWNMLKKQHGGFGF78DB,龍門段,.52,都市：住,100000,717,持分移轉,08750000
RPWNMLKKQHGGFGF78DB,龍門段,.46,都市：住,100000,717,持分移轉,08760000
RPWNMLKKQHGGFGF78DB,龍門段,.47,都市：住,100000,717,持分移轉,08770000
RPWNMLKKQHGGFGF78DB,龍門段,.17,都市：住,100000,717,持分移轉,08770001
RPVNMLKKQHGGFGF68DB,龍門段,.70,都市：住,100000,861,持分移轉,07070000
RPVNMLKKQHGGFGF68DB,龍門段,.14,都市：住,100000,861,持分移轉,07070001
RPVNMLKKQHGGFGF68DB,龍門段,.46,都市：住,100000,861,持分移轉,08570000
RPVNMLKKQHGGFGF68DB,龍門段,.06,都市：住,100000,861,持分移轉,08570001
RPVNMLKKQHGGFGF68DB,龍門段,.46,都市：住,100000,861,持分移轉,08580000
RPVNMLKKQHGGFGF68DB,龍門段,.06,都市：住,100000,861,持分移轉,08580001
RPVNMLKKQHGGFGF68DB,龍門段,.46,都市：住,100000,861,持分移轉,08590000
RPVNMLKKQHGGFGF68DB,龍門段,.06,都市：住,100000,861,持分移轉,08590001
RPVNMLKKQHGGFGF68DB,龍門段,.46,都市：住,100000,861,持分移轉,08600000
RPVNMLKKQHGGFGF68DB,龍門段,.06,都市：住,100000,861,持分移轉,08600001
RPVNMLKKQHGGFGF68DB,龍門段,.45,都市：住,100000,861,持分移轉,08610000
RPVNMLKKQHGGFGF68DB,龍門段,.06,都市：住,100000,861,持分移轉,08610001
RPVNMLKKQHGGFGF68DB,龍門段,.45,都市：住,100000,861,持分移轉,08620000
RPVNMLKKQHGGFGF68DB,龍門段,.06,都市：住,100000,861,持分移轉,08620001
RPVNMLKKQHGGFGF68DB,龍門段,.45,都市：住,100000,861,持分移轉,08630000
RPVNMLKKQHGGFGF68DB,龍門段,.06,都市：住,100000,861,持分移轉,08630001
RPVNMLKKQHGGFGF68DB,龍門段,.45,都市：住,100000,861,持分移轉,08640000
RPVNMLKKQHGGFGF68DB,龍門段,.05,都市：住,100000,861,持分移轉,08640001
RPVNMLKKQHGGFGF68DB,龍門段,.61,都市：住,100000,861,持分移轉,08650000
RPVNMLKKQHGGFGF68DB,龍門段,.07,都市：住,100000,861,持分移轉,08650001
RPVNMLKKQHGGFGF68DB,龍門段,.52,都市：住,100000,861,持分移轉,08660000
RPVNMLKKQHGGFGF68DB,龍門段,.06,都市：住,100000,861,持分移轉,08660001
RPVNMLKKQHGGFGF68DB,龍門段,.44,都市：住,100000,861,持分移轉,08670000
RPVNMLKKQHGGFGF68DB,龍門段,.05,都市：住,100000,861,持分移轉,08670001
RPVNMLKKQHGGFGF68DB,龍門段,.44,都市：住,100000,861,持分移轉,08680000
RPVNMLKKQHGGFGF68DB,龍門段,.05,都市：住,100000,861,持分移轉,08680001
RPVNMLKKQHGGFGF68DB,龍門段,.45,都市：住,100000,861,持分移轉,08690000
RPVNMLKKQHGGFGF68DB,龍門段,.05,都市：住,100000,861,持分移轉,08690001
RPXNMLKKQHGGFGF88DB,龍門段,.45,都市：住,100000,556,持分移轉,07070000
RPVNMLKKQHGGFGF68DB,龍門段,.45,都市：住,100000,861,持分移轉,08700000
RPXNMLKKQHGGFGF88DB,龍門段,.09,都市：住,100000,556,持分移轉,07070001
RPVNMLKKQHGGFGF68DB,龍門段,.05,都市：住,100000,861,持分移轉,08700001
RPXNMLKKQHGGFGF88DB,龍門段,.30,都市：住,100000,556,持分移轉,08570000
RPVNMLKKQHGGFGF68DB,龍門段,.44,都市：住,100000,861,持分移轉,08710000
RPXNMLKKQHGGFGF88DB,龍門段,.04,都市：住,100000,556,持分移轉,08570001
RPVNMLKKQHGGFGF68DB,龍門段,.05,都市：住,100000,861,持分移轉,08710001
RPXNMLKKQHGGFGF88DB,龍門段,.30,都市：住,100000,556,持分移轉,08580000
RPVNMLKKQHGGFGF68DB,龍門段,.44,都市：住,100000,861,持分移轉,08720000
RPXNMLKKQHGGFGF88DB,龍門段,.04,都市：住,100000,556,持分移轉,08580001
RPVNMLKKQHGGFGF68DB,龍門段,.05,都市：住,100000,861,持分移轉,08720001
RPXNMLKKQHGGFGF88DB,龍門段,.30,都市：住,100000,556,持分移轉,08590000
RPVNMLKKQHGGFGF68DB,龍門段,.44,都市：住,100000,861,持分移轉,08730000
RPXNMLKKQHGGFGF88DB,龍門段,.04,都市：住,100000,556,持分移轉,08590001
RPVNMLKKQHGGFGF68DB,龍門段,.05,都市：住,100000,861,持分移轉,08730001
RPXNMLKKQHGGFGF88DB,龍門段,.30,都市：住,100000,556,持分移轉,08600000
RPVNMLKKQHGGFGF68DB,龍門段,.62,都市：住,100000,861,持分移轉,08740000
RPXNMLKKQHGGFGF88DB,龍門段,.04,都市：住,100000,556,持分移轉,08600001
RPVNMLKKQHGGFGF68DB,龍門段,.07,都市：住,100000,861,持分移轉,08740001
RPXNMLKKQHGGFGF88DB,龍門段,.29,都市：住,100000,556,持分移轉,08610000
RPVNMLKKQHGGFGF68DB,龍門段,.62,都市：住,100000,861,持分移轉,08750000
RPVNMLKKQHGGFGF68DB,龍門段,.55,都市：住,100000,861,持分移轉,08760000
RPXNMLKKQHGGFGF88DB,龍門段,.04,都市：住,100000,556,持分移轉,08610001
RPVNMLKKQHGGFGF68DB,龍門段,.57,都市：住,100000,861,持分移轉,08770000
RPXNMLKKQHGGFGF88DB,龍門段,.29,都市：住,100000,556,持分移轉,08620000
RPVNMLKKQHGGFGF68DB,龍門段,.20,都市：住,100000,861,持分移轉,08770001
RPXNMLKKQHGGFGF88DB,龍門段,.04,都市：住,100000,556,持分移轉,08620001
RPXNMLKKQHGGFGF88DB,龍門段,.29,都市：住,100000,556,持分移轉,08630000
RPXNMLKKQHGGFGF88DB,龍門段,.04,都市：住,100000,556,持分移轉,08630001
RPXNMLKKQHGGFGF88DB,龍門段,.29,都市：住,100000,556,持分移轉,08640000
RPXNMLKKQHGGFGF88DB,龍門段,.04,都市：住,100000,556,持分移轉,08640001
RPXNMLKKQHGGFGF88DB,龍門段,.40,都市：住,100000,556,持分移轉,08650000
RPXNMLKKQHGGFGF88DB,龍門段,.05,都市：住,100000,556,持分移轉,08650001
RPXNMLKKQHGGFGF88DB,龍門段,.33,都市：住,100000,556,持分移轉,08660000
RPXNMLKKQHGGFGF88DB,龍門段,.04,都市：住,100000,556,持分移轉,08660001
RPXNMLKKQHGGFGF88DB,龍門段,.29,都市：住,100000,556,持分移轉,08670000
RPXNMLKKQHGGFGF88DB,龍門段,.03,都市：住,100000,556,持分移轉,08670001
RPXNMLKKQHGGFGF88DB,龍門段,.29,都市：住,100000,556,持分移轉,08680000
RPXNMLKKQHGGFGF88DB,龍門段,.03,都市：住,100000,556,持分移轉,08680001
RPXNMLKKQHGGFGF88DB,龍門段,.29,都市：住,100000,556,持分移轉,08690000
RPXNMLKKQHGGFGF88DB,龍門段,.03,都市：住,100000,556,持分移轉,08690001
RPXNMLKKQHGGFGF88DB,龍門段,.29,都市：住,100000,556,持分移轉,08700000
RPXNMLKKQHGGFGF88DB,龍門段,.03,都市：住,100000,556,持分移轉,08700001
RPXNMLKKQHGGFGF88DB,龍門段,.29,都市：住,100000,556,持分移轉,08710000
RPXNMLKKQHGGFGF88DB,龍門段,.03,都市：住,100000,556,持分移轉,08710001
RPXNMLKKQHGGFGF88DB,龍門段,.29,都市：住,100000,556,持分移轉,08720000
RPXNMLKKQHGGFGF88DB,龍門段,.03,都市：住,100000,556,持分移轉,08720001
RPXNMLKKQHGGFGF88DB,龍門段,.28,都市：住,100000,556,持分移轉,08730000
RPXNMLKKQHGGFGF88DB,龍門段,.03,都市：住,100000,556,持分移轉,08730001
RPXNMLKKQHGGFGF88DB,龍門段,.40,都市：住,100000,556,持分移轉,08740000
RPXNMLKKQHGGFGF88DB,龍門段,.05,都市：住,100000,556,持分移轉,08740001
RPXNMLKKQHGGFGF88DB,龍門段,.40,都市：住,100000,556,持分移轉,08750000
RPXNMLKKQHGGFGF88DB,龍門段,.35,都市：住,100000,556,持分移轉,08760000
RPXNMLKKQHGGFGF88DB,龍門段,.37,都市：住,100000,556,持分移轉,08770000
RPXNMLKKQHGGFGF88DB,龍門段,.13,都市：住,100000,556,持分移轉,08770001
RPPOMLKKQHGGFGF18DB,龍門段,.45,都市：住,100000,556,持分移轉,07070000
RPPOMLKKQHGGFGF18DB,龍門段,.09,都市：住,100000,556,持分移轉,07070001
RPPOMLKKQHGGFGF18DB,龍門段,.30,都市：住,100000,556,持分移轉,08570000
RPPOMLKKQHGGFGF18DB,龍門段,.04,都市：住,100000,556,持分移轉,08570001
RPPOMLKKQHGGFGF18DB,龍門段,.30,都市：住,100000,556,持分移轉,08580000
RPPOMLKKQHGGFGF18DB,龍門段,.04,都市：住,100000,556,持分移轉,08580001
RPPOMLKKQHGGFGF18DB,龍門段,.30,都市：住,100000,556,持分移轉,08590000
RPPOMLKKQHGGFGF18DB,龍門段,.04,都市：住,100000,556,持分移轉,08590001
RPPOMLKKQHGGFGF18DB,龍門段,.30,都市：住,100000,556,持分移轉,08600000
RPPOMLKKQHGGFGF18DB,龍門段,.04,都市：住,100000,556,持分移轉,08600001
RPPOMLKKQHGGFGF18DB,龍門段,.29,都市：住,100000,556,持分移轉,08610000
RPPOMLKKQHGGFGF18DB,龍門段,.04,都市：住,100000,556,持分移轉,08610001
RPOOMLKKQHGGFGF08DB,龍門段,.45,都市：住,100000,556,持分移轉,07070000
RPPOMLKKQHGGFGF18DB,龍門段,.29,都市：住,100000,556,持分移轉,08620000
RPOOMLKKQHGGFGF08DB,龍門段,.09,都市：住,100000,556,持分移轉,07070001
RPPOMLKKQHGGFGF18DB,龍門段,.04,都市：住,100000,556,持分移轉,08620001
RPOOMLKKQHGGFGF08DB,龍門段,.30,都市：住,100000,556,持分移轉,08570000
RPPOMLKKQHGGFGF18DB,龍門段,.29,都市：住,100000,556,持分移轉,08630000
RPOOMLKKQHGGFGF08DB,龍門段,.04,都市：住,100000,556,持分移轉,08570001
RPPOMLKKQHGGFGF18DB,龍門段,.04,都市：住,100000,556,持分移轉,08630001
RPOOMLKKQHGGFGF08DB,龍門段,.30,都市：住,100000,556,持分移轉,08580000
RPPOMLKKQHGGFGF18DB,龍門段,.29,都市：住,100000,556,持分移轉,08640000
RPOOMLKKQHGGFGF08DB,龍門段,.04,都市：住,100000,556,持分移轉,08580001
RPPOMLKKQHGGFGF18DB,龍門段,.04,都市：住,100000,556,持分移轉,08640001
RPOOMLKKQHGGFGF08DB,龍門段,.30,都市：住,100000,556,持分移轉,08590000
RPPOMLKKQHGGFGF18DB,龍門段,.40,都市：住,100000,556,持分移轉,08650000
RPOOMLKKQHGGFGF08DB,龍門段,.04,都市：住,100000,556,持分移轉,08590001
RPPOMLKKQHGGFGF18DB,龍門段,.05,都市：住,100000,556,持分移轉,08650001
RPOOMLKKQHGGFGF08DB,龍門段,.30,都市：住,100000,556,持分移轉,08600000
RPPOMLKKQHGGFGF18DB,龍門段,.33,都市：住,100000,556,持分移轉,08660000
RPOOMLKKQHGGFGF08DB,龍門段,.04,都市：住,100000,556,持分移轉,08600001
RPPOMLKKQHGGFGF18DB,龍門段,.04,都市：住,100000,556,持分移轉,08660001
RPOOMLKKQHGGFGF08DB,龍門段,.29,都市：住,100000,556,持分移轉,08610000
RPPOMLKKQHGGFGF18DB,龍門段,.29,都市：住,100000,556,持分移轉,08670000
RPOOMLKKQHGGFGF08DB,龍門段,.04,都市：住,100000,556,持分移轉,08610001
RPPOMLKKQHGGFGF18DB,龍門段,.03,都市：住,100000,556,持分移轉,08670001
RPOOMLKKQHGGFGF08DB,龍門段,.29,都市：住,100000,556,持分移轉,08620000
RPPOMLKKQHGGFGF18DB,龍門段,.29,都市：住,100000,556,持分移轉,08680000
RPOOMLKKQHGGFGF08DB,龍門段,.04,都市：住,100000,556,持分移轉,08620001
RPPOMLKKQHGGFGF18DB,龍門段,.03,都市：住,100000,556,持分移轉,08680001
RPOOMLKKQHGGFGF08DB,龍門段,.29,都市：住,100000,556,持分移轉,08630000
RPPOMLKKQHGGFGF18DB,龍門段,.29,都市：住,100000,556,持分移轉,08690000
RPOOMLKKQHGGFGF08DB,龍門段,.04,都市：住,100000,556,持分移轉,08630001
RPPOMLKKQHGGFGF18DB,龍門段,.03,都市：住,100000,556,持分移轉,08690001
RPOOMLKKQHGGFGF08DB,龍門段,.29,都市：住,100000,556,持分移轉,08640000
RPPOMLKKQHGGFGF18DB,龍門段,.29,都市：住,100000,556,持分移轉,08700000
RPOOMLKKQHGGFGF08DB,龍門段,.04,都市：住,100000,556,持分移轉,08640001
RPPOMLKKQHGGFGF18DB,龍門段,.03,都市：住,100000,556,持分移轉,08700001
RPOOMLKKQHGGFGF08DB,龍門段,.40,都市：住,100000,556,持分移轉,08650000
RPPOMLKKQHGGFGF18DB,龍門段,.29,都市：住,100000,556,持分移轉,08710000
RPOOMLKKQHGGFGF08DB,龍門段,.05,都市：住,100000,556,持分移轉,08650001
RPPOMLKKQHGGFGF18DB,龍門段,.03,都市：住,100000,556,持分移轉,08710001
RPOOMLKKQHGGFGF08DB,龍門段,.33,都市：住,100000,556,持分移轉,08660000
RPPOMLKKQHGGFGF18DB,龍門段,.29,都市：住,100000,556,持分移轉,08720000
RPOOMLKKQHGGFGF08DB,龍門段,.04,都市：住,100000,556,持分移轉,08660001
RPPOMLKKQHGGFGF18DB,龍門段,.03,都市：住,100000,556,持分移轉,08720001
RPOOMLKKQHGGFGF08DB,龍門段,.29,都市：住,100000,556,持分移轉,08670000
RPPOMLKKQHGGFGF18DB,龍門段,.28,都市：住,100000,556,持分移轉,08730000
RPOOMLKKQHGGFGF08DB,龍門段,.03,都市：住,100000,556,持分移轉,08670001
RPPOMLKKQHGGFGF18DB,龍門段,.03,都市：住,100000,556,持分移轉,08730001
RPOOMLKKQHGGFGF08DB,龍門段,.29,都市：住,100000,556,持分移轉,08680000
RPPOMLKKQHGGFGF18DB,龍門段,.40,都市：住,100000,556,持分移轉,08740000
RPOOMLKKQHGGFGF08DB,龍門段,.03,都市：住,100000,556,持分移轉,08680001
RPPOMLKKQHGGFGF18DB,龍門段,.05,都市：住,100000,556,持分移轉,08740001
RPOOMLKKQHGGFGF08DB,龍門段,.29,都市：住,100000,556,持分移轉,08690000
RPPOMLKKQHGGFGF18DB,龍門段,.40,都市：住,100000,556,持分移轉,08750000
RPOOMLKKQHGGFGF08DB,龍門段,.03,都市：住,100000,556,持分移轉,08690001
RPPOMLKKQHGGFGF18DB,龍門段,.35,都市：住,100000,556,持分移轉,08760000
RPOOMLKKQHGGFGF08DB,龍門段,.29,都市：住,100000,556,持分移轉,08700000
RPPOMLKKQHGGFGF18DB,龍門段,.37,都市：住,100000,556,持分移轉,08770000
RPOOMLKKQHGGFGF08DB,龍門段,.03,都市：住,100000,556,持分移轉,08700001
RPPOMLKKQHGGFGF18DB,龍門段,.13,都市：住,100000,556,持分移轉,08770001
RPOOMLKKQHGGFGF08DB,龍門段,.29,都市：住,100000,556,持分移轉,08710000
RPOOMLKKQHGGFGF08DB,龍門段,.03,都市：住,100000,556,持分移轉,08710001
RPOOMLKKQHGGFGF08DB,龍門段,.29,都市：住,100000,556,持分移轉,08720000
RPOOMLKKQHGGFGF08DB,龍門段,.03,都市：住,100000,556,持分移轉,08720001
RPOOMLKKQHGGFGF08DB,龍門段,.28,都市：住,100000,556,持分移轉,08730000
RPOOMLKKQHGGFGF08DB,龍門段,.03,都市：住,100000,556,持分移轉,08730001
RPOOMLKKQHGGFGF08DB,龍門段,.40,都市：住,100000,556,持分移轉,08740000
RPOOMLKKQHGGFGF08DB,龍門段,.05,都市：住,100000,556,持分移轉,08740001
RPOOMLKKQHGGFGF08DB,龍門段,.40,都市：住,100000,556,持分移轉,08750000
RPOOMLKKQHGGFGF08DB,龍門段,.35,都市：住,100000,556,持分移轉,08760000
RPOOMLKKQHGGFGF08DB,龍門段,.37,都市：住,100000,556,持分移轉,08770000
RPOOMLKKQHGGFGF08DB,龍門段,.13,都市：住,100000,556,持分移轉,08770001
RPQOMLKKQHGGFGF28DB,龍門段,.45,都市：住,100000,556,持分移轉,07070000
RPQOMLKKQHGGFGF28DB,龍門段,.09,都市：住,100000,556,持分移轉,07070001
RPQOMLKKQHGGFGF28DB,龍門段,.30,都市：住,100000,556,持分移轉,08570000
RPQOMLKKQHGGFGF28DB,龍門段,.04,都市：住,100000,556,持分移轉,08570001
RPQOMLKKQHGGFGF28DB,龍門段,.30,都市：住,100000,556,持分移轉,08580000
RPQOMLKKQHGGFGF28DB,龍門段,.04,都市：住,100000,556,持分移轉,08580001
RPQOMLKKQHGGFGF28DB,龍門段,.30,都市：住,100000,556,持分移轉,08590000
RPQOMLKKQHGGFGF28DB,龍門段,.04,都市：住,100000,556,持分移轉,08590001
RPQOMLKKQHGGFGF28DB,龍門段,.30,都市：住,100000,556,持分移轉,08600000
RPQOMLKKQHGGFGF28DB,龍門段,.04,都市：住,100000,556,持分移轉,08600001
RPQOMLKKQHGGFGF28DB,龍門段,.29,都市：住,100000,556,持分移轉,08610000
RPQOMLKKQHGGFGF28DB,龍門段,.04,都市：住,100000,556,持分移轉,08610001
RPQOMLKKQHGGFGF28DB,龍門段,.29,都市：住,100000,556,持分移轉,08620000
RPQOMLKKQHGGFGF28DB,龍門段,.04,都市：住,100000,556,持分移轉,08620001
RPQOMLKKQHGGFGF28DB,龍門段,.29,都市：住,100000,556,持分移轉,08630000
RPQOMLKKQHGGFGF28DB,龍門段,.04,都市：住,100000,556,持分移轉,08630001
RPQOMLKKQHGGFGF28DB,龍門段,.29,都市：住,100000,556,持分移轉,08640000
RPQOMLKKQHGGFGF28DB,龍門段,.04,都市：住,100000,556,持分移轉,08640001
RPQOMLKKQHGGFGF28DB,龍門段,.40,都市：住,100000,556,持分移轉,08650000
RPQOMLKKQHGGFGF28DB,龍門段,.05,都市：住,100000,556,持分移轉,08650001
RPQOMLKKQHGGFGF28DB,龍門段,.33,都市：住,100000,556,持分移轉,08660000
RPQOMLKKQHGGFGF28DB,龍門段,.04,都市：住,100000,556,持分移轉,08660001
RPQOMLKKQHGGFGF28DB,龍門段,.29,都市：住,100000,556,持分移轉,08670000
RPQOMLKKQHGGFGF28DB,龍門段,.03,都市：住,100000,556,持分移轉,08670001
RPQOMLKKQHGGFGF28DB,龍門段,.29,都市：住,100000,556,持分移轉,08680000
RPQOMLKKQHGGFGF28DB,龍門段,.03,都市：住,100000,556,持分移轉,08680001
RPQOMLKKQHGGFGF28DB,龍門段,.29,都市：住,100000,556,持分移轉,08690000
RPQOMLKKQHGGFGF28DB,龍門段,.03,都市：住,100000,556,持分移轉,08690001
RPQOMLKKQHGGFGF28DB,龍門段,.29,都市：住,100000,556,持分移轉,08700000
RPQOMLKKQHGGFGF28DB,龍門段,.03,都市：住,100000,556,持分移轉,08700001
RPQOMLKKQHGGFGF28DB,龍門段,.29,都市：住,100000,556,持分移轉,08710000
RPQOMLKKQHGGFGF28DB,龍門段,.03,都市：住,100000,556,持分移轉,08710001
RPQOMLKKQHGGFGF28DB,龍門段,.29,都市：住,100000,556,持分移轉,08720000
RPQOMLKKQHGGFGF28DB,龍門段,.03,都市：住,100000,556,持分移轉,08720001
RPQOMLKKQHGGFGF28DB,龍門段,.28,都市：住,100000,556,持分移轉,08730000
RPQOMLKKQHGGFGF28DB,龍門段,.03,都市：住,100000,556,持分移轉,08730001
RPQOMLKKQHGGFGF28DB,龍門段,.40,都市：住,100000,556,持分移轉,08740000
RPQOMLKKQHGGFGF28DB,龍門段,.05,都市：住,100000,556,持分移轉,08740001
RPQOMLKKQHGGFGF28DB,龍門段,.40,都市：住,100000,556,持分移轉,08750000
RPQOMLKKQHGGFGF28DB,龍門段,.35,都市：住,100000,556,持分移轉,08760000
RPQOMLKKQHGGFGF28DB,龍門段,.37,都市：住,100000,556,持分移轉,08770000
RPQOMLKKQHGGFGF28DB,龍門段,.13,都市：住,100000,556,持分移轉,08770001
RPWOMLKKQHGGFGF88DB,龍門段,.55,都市：住,100000,676,持分移轉,07070000
RPWOMLKKQHGGFGF88DB,龍門段,.11,都市：住,100000,676,持分移轉,07070001
RPWOMLKKQHGGFGF88DB,龍門段,.36,都市：住,100000,676,持分移轉,08570000
RPWOMLKKQHGGFGF88DB,龍門段,.04,都市：住,100000,676,持分移轉,08570001
RPWOMLKKQHGGFGF88DB,龍門段,.36,都市：住,100000,676,持分移轉,08580000
RPWOMLKKQHGGFGF88DB,龍門段,.04,都市：住,100000,676,持分移轉,08580001
RPWOMLKKQHGGFGF88DB,龍門段,.36,都市：住,100000,676,持分移轉,08590000
RPWOMLKKQHGGFGF88DB,龍門段,.04,都市：住,100000,676,持分移轉,08590001
RPWOMLKKQHGGFGF88DB,龍門段,.36,都市：住,100000,676,持分移轉,08600000
RPWOMLKKQHGGFGF88DB,龍門段,.04,都市：住,100000,676,持分移轉,08600001
RPROMLKKQHGGFGF38DB,龍門段,.60,都市：住,100000,740,持分移轉,07070000
RPWOMLKKQHGGFGF88DB,龍門段,.35,都市：住,100000,676,持分移轉,08610000
RPROMLKKQHGGFGF38DB,龍門段,.12,都市：住,100000,740,持分移轉,07070001
RPWOMLKKQHGGFGF88DB,龍門段,.04,都市：住,100000,676,持分移轉,08610001
RPROMLKKQHGGFGF38DB,龍門段,.39,都市：住,100000,740,持分移轉,08570000
RPWOMLKKQHGGFGF88DB,龍門段,.36,都市：住,100000,676,持分移轉,08620000
RPXOMLKKQHGGFGF98DB,龍門段,.55,都市：住,100000,676,持分移轉,07070000
RPWOMLKKQHGGFGF88DB,龍門段,.04,都市：住,100000,676,持分移轉,08620001
RPROMLKKQHGGFGF38DB,龍門段,.05,都市：住,100000,740,持分移轉,08570001
RPSOMLKKQHGGFGF48DB,龍門段,.71,都市：住,100000,879,持分移轉,07070000
RPXOMLKKQHGGFGF98DB,龍門段,.11,都市：住,100000,676,持分移轉,07070001
RPWOMLKKQHGGFGF88DB,龍門段,.36,都市：住,100000,676,持分移轉,08630000
RPROMLKKQHGGFGF38DB,龍門段,.40,都市：住,100000,740,持分移轉,08580000
RPSOMLKKQHGGFGF48DB,龍門段,.14,都市：住,100000,879,持分移轉,07070001
RPWOMLKKQHGGFGF88DB,龍門段,.04,都市：住,100000,676,持分移轉,08630001
RPSOMLKKQHGGFGF48DB,龍門段,.47,都市：住,100000,879,持分移轉,08570000
RPROMLKKQHGGFGF38DB,龍門段,.05,都市：住,100000,740,持分移轉,08580001
RPWOMLKKQHGGFGF88DB,龍門段,.35,都市：住,100000,676,持分移轉,08640000
RPXOMLKKQHGGFGF98DB,龍門段,.36,都市：住,100000,676,持分移轉,08570000
RPWOMLKKQHGGFGF88DB,龍門段,.04,都市：住,100000,676,持分移轉,08640001
RPXOMLKKQHGGFGF98DB,龍門段,.04,都市：住,100000,676,持分移轉,08570001
RPWOMLKKQHGGFGF88DB,龍門段,.48,都市：住,100000,676,持分移轉,08650000
RPXOMLKKQHGGFGF98DB,龍門段,.36,都市：住,100000,676,持分移轉,08580000
RPWOMLKKQHGGFGF88DB,龍門段,.06,都市：住,100000,676,持分移轉,08650001
RPXOMLKKQHGGFGF98DB,龍門段,.04,都市：住,100000,676,持分移轉,08580001
RPROMLKKQHGGFGF38DB,龍門段,.39,都市：住,100000,740,持分移轉,08590000
RPWOMLKKQHGGFGF88DB,龍門段,.41,都市：住,100000,676,持分移轉,08660000
RPROMLKKQHGGFGF38DB,龍門段,.05,都市：住,100000,740,持分移轉,08590001
RPWOMLKKQHGGFGF88DB,龍門段,.05,都市：住,100000,676,持分移轉,08660001
RPSOMLKKQHGGFGF48DB,龍門段,.06,都市：住,100000,879,持分移轉,08570001
RPWOMLKKQHGGFGF88DB,龍門段,.35,都市：住,100000,676,持分移轉,08670000
RPSOMLKKQHGGFGF48DB,龍門段,.47,都市：住,100000,879,持分移轉,08580000
RPSOMLKKQHGGFGF48DB,龍門段,.06,都市：住,100000,879,持分移轉,08580001
RPWOMLKKQHGGFGF88DB,龍門段,.04,都市：住,100000,676,持分移轉,08670001
RPROMLKKQHGGFGF38DB,龍門段,.39,都市：住,100000,740,持分移轉,08600000
RPSOMLKKQHGGFGF48DB,龍門段,.47,都市：住,100000,879,持分移轉,08590000
RPWOMLKKQHGGFGF88DB,龍門段,.35,都市：住,100000,676,持分移轉,08680000
RPSOMLKKQHGGFGF48DB,龍門段,.06,都市：住,100000,879,持分移轉,08590001
RPROMLKKQHGGFGF38DB,龍門段,.05,都市：住,100000,740,持分移轉,08600001
RPWOMLKKQHGGFGF88DB,龍門段,.04,都市：住,100000,676,持分移轉,08680001
RPSOMLKKQHGGFGF48DB,龍門段,.47,都市：住,100000,879,持分移轉,08600000
RPROMLKKQHGGFGF38DB,龍門段,.39,都市：住,100000,740,持分移轉,08610000
RPWOMLKKQHGGFGF88DB,龍門段,.35,都市：住,100000,676,持分移轉,08690000
RPXOMLKKQHGGFGF98DB,龍門段,.36,都市：住,100000,676,持分移轉,08590000
RPWOMLKKQHGGFGF88DB,龍門段,.04,都市：住,100000,676,持分移轉,08690001
RPROMLKKQHGGFGF38DB,龍門段,.05,都市：住,100000,740,持分移轉,08610001
RPXOMLKKQHGGFGF98DB,龍門段,.04,都市：住,100000,676,持分移轉,08590001
RPWOMLKKQHGGFGF88DB,龍門段,.35,都市：住,100000,676,持分移轉,08700000
RPROMLKKQHGGFGF38DB,龍門段,.39,都市：住,100000,740,持分移轉,08620000
RPWOMLKKQHGGFGF88DB,龍門段,.04,都市：住,100000,676,持分移轉,08700001
RPXOMLKKQHGGFGF98DB,龍門段,.36,都市：住,100000,676,持分移轉,08600000
RPWOMLKKQHGGFGF88DB,龍門段,.35,都市：住,100000,676,持分移轉,08710000
RPXOMLKKQHGGFGF98DB,龍門段,.04,都市：住,100000,676,持分移轉,08600001
RPWOMLKKQHGGFGF88DB,龍門段,.04,都市：住,100000,676,持分移轉,08710001
RPXOMLKKQHGGFGF98DB,龍門段,.35,都市：住,100000,676,持分移轉,08610000
RPWOMLKKQHGGFGF88DB,龍門段,.35,都市：住,100000,676,持分移轉,08720000
RPROMLKKQHGGFGF38DB,龍門段,.05,都市：住,100000,740,持分移轉,08620001
RPXOMLKKQHGGFGF98DB,龍門段,.04,都市：住,100000,676,持分移轉,08610001
RPWOMLKKQHGGFGF88DB,龍門段,.04,都市：住,100000,676,持分移轉,08720001
RPWOMLKKQHGGFGF88DB,龍門段,.35,都市：住,100000,676,持分移轉,08730000
RPSOMLKKQHGGFGF48DB,龍門段,.06,都市：住,100000,879,持分移轉,08600001
RPXOMLKKQHGGFGF98DB,龍門段,.36,都市：住,100000,676,持分移轉,08620000
RPROMLKKQHGGFGF38DB,龍門段,.39,都市：住,100000,740,持分移轉,08630000
RPSOMLKKQHGGFGF48DB,龍門段,.46,都市：住,100000,879,持分移轉,08610000
RPWOMLKKQHGGFGF88DB,龍門段,.04,都市：住,100000,676,持分移轉,08730001
RPXOMLKKQHGGFGF98DB,龍門段,.04,都市：住,100000,676,持分移轉,08620001
RPROMLKKQHGGFGF38DB,龍門段,.05,都市：住,100000,740,持分移轉,08630001
RPWOMLKKQHGGFGF88DB,龍門段,.49,都市：住,100000,676,持分移轉,08740000
RPSOMLKKQHGGFGF48DB,龍門段,.06,都市：住,100000,879,持分移轉,08610001
RPWOMLKKQHGGFGF88DB,龍門段,.06,都市：住,100000,676,持分移轉,08740001
RPXOMLKKQHGGFGF98DB,龍門段,.36,都市：住,100000,676,持分移轉,08630000
RPSOMLKKQHGGFGF48DB,龍門段,.46,都市：住,100000,879,持分移轉,08620000
RPROMLKKQHGGFGF38DB,龍門段,.39,都市：住,100000,740,持分移轉,08640000
RPWOMLKKQHGGFGF88DB,龍門段,.49,都市：住,100000,676,持分移轉,08750000
RPSOMLKKQHGGFGF48DB,龍門段,.06,都市：住,100000,879,持分移轉,08620001
RPWOMLKKQHGGFGF88DB,龍門段,.43,都市：住,100000,676,持分移轉,08760000
RPXOMLKKQHGGFGF98DB,龍門段,.04,都市：住,100000,676,持分移轉,08630001
RPSOMLKKQHGGFGF48DB,龍門段,.46,都市：住,100000,879,持分移轉,08630000
RPWOMLKKQHGGFGF88DB,龍門段,.45,都市：住,100000,676,持分移轉,08770000
RPROMLKKQHGGFGF38DB,龍門段,.05,都市：住,100000,740,持分移轉,08640001
RPXOMLKKQHGGFGF98DB,龍門段,.35,都市：住,100000,676,持分移轉,08640000
RPSOMLKKQHGGFGF48DB,龍門段,.06,都市：住,100000,879,持分移轉,08630001
RPWOMLKKQHGGFGF88DB,龍門段,.16,都市：住,100000,676,持分移轉,08770001
RPXOMLKKQHGGFGF98DB,龍門段,.04,都市：住,100000,676,持分移轉,08640001
RPROMLKKQHGGFGF38DB,龍門段,.53,都市：住,100000,740,持分移轉,08650000
RPSOMLKKQHGGFGF48DB,龍門段,.46,都市：住,100000,879,持分移轉,08640000
RPXOMLKKQHGGFGF98DB,龍門段,.48,都市：住,100000,676,持分移轉,08650000
RPSOMLKKQHGGFGF48DB,龍門段,.06,都市：住,100000,879,持分移轉,08640001
RPROMLKKQHGGFGF38DB,龍門段,.06,都市：住,100000,740,持分移轉,08650001
RPXOMLKKQHGGFGF98DB,龍門段,.06,都市：住,100000,676,持分移轉,08650001
RPSOMLKKQHGGFGF48DB,龍門段,.63,都市：住,100000,879,持分移轉,08650000
RPXOMLKKQHGGFGF98DB,龍門段,.41,都市：住,100000,676,持分移轉,08660000
RPSOMLKKQHGGFGF48DB,龍門段,.08,都市：住,100000,879,持分移轉,08650001
RPROMLKKQHGGFGF38DB,龍門段,.44,都市：住,100000,740,持分移轉,08660000
RPXOMLKKQHGGFGF98DB,龍門段,.05,都市：住,100000,676,持分移轉,08660001
RPSOMLKKQHGGFGF48DB,龍門段,.53,都市：住,100000,879,持分移轉,08660000
RPXOMLKKQHGGFGF98DB,龍門段,.35,都市：住,100000,676,持分移轉,08670000
RPSOMLKKQHGGFGF48DB,龍門段,.06,都市：住,100000,879,持分移轉,08660001
RPROMLKKQHGGFGF38DB,龍門段,.05,都市：住,100000,740,持分移轉,08660001
RPXOMLKKQHGGFGF98DB,龍門段,.04,都市：住,100000,676,持分移轉,08670001
RPSOMLKKQHGGFGF48DB,龍門段,.45,都市：住,100000,879,持分移轉,08670000
RPXOMLKKQHGGFGF98DB,龍門段,.35,都市：住,100000,676,持分移轉,08680000
RPSOMLKKQHGGFGF48DB,龍門段,.06,都市：住,100000,879,持分移轉,08670001
RPROMLKKQHGGFGF38DB,龍門段,.38,都市：住,100000,740,持分移轉,08670000
RPXOMLKKQHGGFGF98DB,龍門段,.04,都市：住,100000,676,持分移轉,08680001
RPSOMLKKQHGGFGF48DB,龍門段,.45,都市：住,100000,879,持分移轉,08680000
RPXOMLKKQHGGFGF98DB,龍門段,.35,都市：住,100000,676,持分移轉,08690000
RPSOMLKKQHGGFGF48DB,龍門段,.05,都市：住,100000,879,持分移轉,08680001
RPROMLKKQHGGFGF38DB,龍門段,.05,都市：住,100000,740,持分移轉,08670001
RPXOMLKKQHGGFGF98DB,龍門段,.04,都市：住,100000,676,持分移轉,08690001
RPSOMLKKQHGGFGF48DB,龍門段,.46,都市：住,100000,879,持分移轉,08690000
RPXOMLKKQHGGFGF98DB,龍門段,.35,都市：住,100000,676,持分移轉,08700000
RPROMLKKQHGGFGF38DB,龍門段,.38,都市：住,100000,740,持分移轉,08680000
RPSOMLKKQHGGFGF48DB,龍門段,.05,都市：住,100000,879,持分移轉,08690001
RPXOMLKKQHGGFGF98DB,龍門段,.04,都市：住,100000,676,持分移轉,08700001
RPSOMLKKQHGGFGF48DB,龍門段,.46,都市：住,100000,879,持分移轉,08700000
RPROMLKKQHGGFGF38DB,龍門段,.05,都市：住,100000,740,持分移轉,08680001
RPXOMLKKQHGGFGF98DB,龍門段,.35,都市：住,100000,676,持分移轉,08710000
RPSOMLKKQHGGFGF48DB,龍門段,.05,都市：住,100000,879,持分移轉,08700001
RPROMLKKQHGGFGF38DB,龍門段,.38,都市：住,100000,740,持分移轉,08690000
RPXOMLKKQHGGFGF98DB,龍門段,.04,都市：住,100000,676,持分移轉,08710001
RPSOMLKKQHGGFGF48DB,龍門段,.45,都市：住,100000,879,持分移轉,08710000
RPROMLKKQHGGFGF38DB,龍門段,.05,都市：住,100000,740,持分移轉,08690001
RPXOMLKKQHGGFGF98DB,龍門段,.35,都市：住,100000,676,持分移轉,08720000
RPSOMLKKQHGGFGF48DB,龍門段,.05,都市：住,100000,879,持分移轉,08710001
RPROMLKKQHGGFGF38DB,龍門段,.38,都市：住,100000,740,持分移轉,08700000
RPXOMLKKQHGGFGF98DB,龍門段,.04,都市：住,100000,676,持分移轉,08720001
RPSOMLKKQHGGFGF48DB,龍門段,.45,都市：住,100000,879,持分移轉,08720000
RPROMLKKQHGGFGF38DB,龍門段,.05,都市：住,100000,740,持分移轉,08700001
RPXOMLKKQHGGFGF98DB,龍門段,.35,都市：住,100000,676,持分移轉,08730000
RPSOMLKKQHGGFGF48DB,龍門段,.05,都市：住,100000,879,持分移轉,08720001
RPROMLKKQHGGFGF38DB,龍門段,.38,都市：住,100000,740,持分移轉,08710000
RPXOMLKKQHGGFGF98DB,龍門段,.04,都市：住,100000,676,持分移轉,08730001
RPSOMLKKQHGGFGF48DB,龍門段,.45,都市：住,100000,879,持分移轉,08730000
RPROMLKKQHGGFGF38DB,龍門段,.05,都市：住,100000,740,持分移轉,08710001
RPXOMLKKQHGGFGF98DB,龍門段,.49,都市：住,100000,676,持分移轉,08740000
RPSOMLKKQHGGFGF48DB,龍門段,.05,都市：住,100000,879,持分移轉,08730001
RPROMLKKQHGGFGF38DB,龍門段,.38,都市：住,100000,740,持分移轉,08720000
RPXOMLKKQHGGFGF98DB,龍門段,.06,都市：住,100000,676,持分移轉,08740001
RPSOMLKKQHGGFGF48DB,龍門段,.64,都市：住,100000,879,持分移轉,08740000
RPROMLKKQHGGFGF38DB,龍門段,.05,都市：住,100000,740,持分移轉,08720001
RPXOMLKKQHGGFGF98DB,龍門段,.49,都市：住,100000,676,持分移轉,08750000
RPSOMLKKQHGGFGF48DB,龍門段,.07,都市：住,100000,879,持分移轉,08740001
RPROMLKKQHGGFGF38DB,龍門段,.38,都市：住,100000,740,持分移轉,08730000
RPXOMLKKQHGGFGF98DB,龍門段,.43,都市：住,100000,676,持分移轉,08760000
RPSOMLKKQHGGFGF48DB,龍門段,.63,都市：住,100000,879,持分移轉,08750000
RPROMLKKQHGGFGF38DB,龍門段,.04,都市：住,100000,740,持分移轉,08730001
RPXOMLKKQHGGFGF98DB,龍門段,.45,都市：住,100000,676,持分移轉,08770000
RPSOMLKKQHGGFGF48DB,龍門段,.56,都市：住,100000,879,持分移轉,08760000
RPROMLKKQHGGFGF38DB,龍門段,.54,都市：住,100000,740,持分移轉,08740000
RPXOMLKKQHGGFGF98DB,龍門段,.16,都市：住,100000,676,持分移轉,08770001
RPSOMLKKQHGGFGF48DB,龍門段,.58,都市：住,100000,879,持分移轉,08770000
RPROMLKKQHGGFGF38DB,龍門段,.06,都市：住,100000,740,持分移轉,08740001
RPSOMLKKQHGGFGF48DB,龍門段,.21,都市：住,100000,879,持分移轉,08770001
RPROMLKKQHGGFGF38DB,龍門段,.53,都市：住,100000,740,持分移轉,08750000
RPROMLKKQHGGFGF38DB,龍門段,.47,都市：住,100000,740,持分移轉,08760000
RPROMLKKQHGGFGF38DB,龍門段,.49,都市：住,100000,740,持分移轉,08770000
RPROMLKKQHGGFGF38DB,龍門段,.18,都市：住,100000,740,持分移轉,08770001
RPPPMLKKQHGGFGF28DB,龍門段,.50,都市：住,100000,613,持分移轉,07070000
RPPPMLKKQHGGFGF28DB,龍門段,.10,都市：住,100000,613,持分移轉,07070001
RPPPMLKKQHGGFGF28DB,龍門段,.33,都市：住,100000,613,持分移轉,08570000
RPPPMLKKQHGGFGF28DB,龍門段,.04,都市：住,100000,613,持分移轉,08570001
RPPPMLKKQHGGFGF28DB,龍門段,.33,都市：住,100000,613,持分移轉,08580000
RPOPMLKKQHGGFGF18DB,龍門段,.50,都市：住,100000,613,持分移轉,07070000
RPPPMLKKQHGGFGF28DB,龍門段,.04,都市：住,100000,613,持分移轉,08580001
RPOPMLKKQHGGFGF18DB,龍門段,.10,都市：住,100000,613,持分移轉,07070001
RPPPMLKKQHGGFGF28DB,龍門段,.33,都市：住,100000,613,持分移轉,08590000
RPOPMLKKQHGGFGF18DB,龍門段,.33,都市：住,100000,613,持分移轉,08570000
RPPPMLKKQHGGFGF28DB,龍門段,.04,都市：住,100000,613,持分移轉,08590001
RPOPMLKKQHGGFGF18DB,龍門段,.04,都市：住,100000,613,持分移轉,08570001
RPPPMLKKQHGGFGF28DB,龍門段,.33,都市：住,100000,613,持分移轉,08600000
RPOPMLKKQHGGFGF18DB,龍門段,.33,都市：住,100000,613,持分移轉,08580000
RPPPMLKKQHGGFGF28DB,龍門段,.04,都市：住,100000,613,持分移轉,08600001
RPOPMLKKQHGGFGF18DB,龍門段,.04,都市：住,100000,613,持分移轉,08580001
RPPPMLKKQHGGFGF28DB,龍門段,.32,都市：住,100000,613,持分移轉,08610000
RPOPMLKKQHGGFGF18DB,龍門段,.33,都市：住,100000,613,持分移轉,08590000
RPPPMLKKQHGGFGF28DB,龍門段,.04,都市：住,100000,613,持分移轉,08610001
RPOPMLKKQHGGFGF18DB,龍門段,.04,都市：住,100000,613,持分移轉,08590001
RPPPMLKKQHGGFGF28DB,龍門段,.32,都市：住,100000,613,持分移轉,08620000
RPOPMLKKQHGGFGF18DB,龍門段,.33,都市：住,100000,613,持分移轉,08600000
RPPPMLKKQHGGFGF28DB,龍門段,.04,都市：住,100000,613,持分移轉,08620001
RPOPMLKKQHGGFGF18DB,龍門段,.04,都市：住,100000,613,持分移轉,08600001
RPPPMLKKQHGGFGF28DB,龍門段,.32,都市：住,100000,613,持分移轉,08630000
RPOPMLKKQHGGFGF18DB,龍門段,.32,都市：住,100000,613,持分移轉,08610000
RPPPMLKKQHGGFGF28DB,龍門段,.04,都市：住,100000,613,持分移轉,08630001
RPOPMLKKQHGGFGF18DB,龍門段,.04,都市：住,100000,613,持分移轉,08610001
RPPPMLKKQHGGFGF28DB,龍門段,.32,都市：住,100000,613,持分移轉,08640000
RPOPMLKKQHGGFGF18DB,龍門段,.32,都市：住,100000,613,持分移轉,08620000
RPPPMLKKQHGGFGF28DB,龍門段,.04,都市：住,100000,613,持分移轉,08640001
RPOPMLKKQHGGFGF18DB,龍門段,.04,都市：住,100000,613,持分移轉,08620001
RPPPMLKKQHGGFGF28DB,龍門段,.44,都市：住,100000,613,持分移轉,08650000
RPOPMLKKQHGGFGF18DB,龍門段,.32,都市：住,100000,613,持分移轉,08630000
RPPPMLKKQHGGFGF28DB,龍門段,.05,都市：住,100000,613,持分移轉,08650001
RPOPMLKKQHGGFGF18DB,龍門段,.04,都市：住,100000,613,持分移轉,08630001
RPPPMLKKQHGGFGF28DB,龍門段,.37,都市：住,100000,613,持分移轉,08660000
RPOPMLKKQHGGFGF18DB,龍門段,.32,都市：住,100000,613,持分移轉,08640000
RPPPMLKKQHGGFGF28DB,龍門段,.04,都市：住,100000,613,持分移轉,08660001
RPOPMLKKQHGGFGF18DB,龍門段,.04,都市：住,100000,613,持分移轉,08640001
RPPPMLKKQHGGFGF28DB,龍門段,.32,都市：住,100000,613,持分移轉,08670000
RPOPMLKKQHGGFGF18DB,龍門段,.44,都市：住,100000,613,持分移轉,08650000
RPPPMLKKQHGGFGF28DB,龍門段,.04,都市：住,100000,613,持分移轉,08670001
RPOPMLKKQHGGFGF18DB,龍門段,.05,都市：住,100000,613,持分移轉,08650001
RPPPMLKKQHGGFGF28DB,龍門段,.32,都市：住,100000,613,持分移轉,08680000
RPOPMLKKQHGGFGF18DB,龍門段,.37,都市：住,100000,613,持分移轉,08660000
RPPPMLKKQHGGFGF28DB,龍門段,.04,都市：住,100000,613,持分移轉,08680001
RPOPMLKKQHGGFGF18DB,龍門段,.04,都市：住,100000,613,持分移轉,08660001
RPPPMLKKQHGGFGF28DB,龍門段,.32,都市：住,100000,613,持分移轉,08690000
RPOPMLKKQHGGFGF18DB,龍門段,.32,都市：住,100000,613,持分移轉,08670000
RPPPMLKKQHGGFGF28DB,龍門段,.04,都市：住,100000,613,持分移轉,08690001
RPOPMLKKQHGGFGF18DB,龍門段,.04,都市：住,100000,613,持分移轉,08670001
RPPPMLKKQHGGFGF28DB,龍門段,.32,都市：住,100000,613,持分移轉,08700000
RPOPMLKKQHGGFGF18DB,龍門段,.32,都市：住,100000,613,持分移轉,08680000
RPPPMLKKQHGGFGF28DB,龍門段,.04,都市：住,100000,613,持分移轉,08700001
RPOPMLKKQHGGFGF18DB,龍門段,.04,都市：住,100000,613,持分移轉,08680001
RPPPMLKKQHGGFGF28DB,龍門段,.32,都市：住,100000,613,持分移轉,08710000
RPOPMLKKQHGGFGF18DB,龍門段,.32,都市：住,100000,613,持分移轉,08690000
RPPPMLKKQHGGFGF28DB,龍門段,.04,都市：住,100000,613,持分移轉,08710001
RPOPMLKKQHGGFGF18DB,龍門段,.04,都市：住,100000,613,持分移轉,08690001
RPPPMLKKQHGGFGF28DB,龍門段,.32,都市：住,100000,613,持分移轉,08720000
RPOPMLKKQHGGFGF18DB,龍門段,.32,都市：住,100000,613,持分移轉,08700000
RPPPMLKKQHGGFGF28DB,龍門段,.04,都市：住,100000,613,持分移轉,08720001
RPOPMLKKQHGGFGF18DB,龍門段,.04,都市：住,100000,613,持分移轉,08700001
RPPPMLKKQHGGFGF28DB,龍門段,.31,都市：住,100000,613,持分移轉,08730000
RPOPMLKKQHGGFGF18DB,龍門段,.32,都市：住,100000,613,持分移轉,08710000
RPPPMLKKQHGGFGF28DB,龍門段,.04,都市：住,100000,613,持分移轉,08730001
RPOPMLKKQHGGFGF18DB,龍門段,.04,都市：住,100000,613,持分移轉,08710001
RPPPMLKKQHGGFGF28DB,龍門段,.44,都市：住,100000,613,持分移轉,08740000
RPOPMLKKQHGGFGF18DB,龍門段,.32,都市：住,100000,613,持分移轉,08720000
RPPPMLKKQHGGFGF28DB,龍門段,.05,都市：住,100000,613,持分移轉,08740001
RPOPMLKKQHGGFGF18DB,龍門段,.04,都市：住,100000,613,持分移轉,08720001
RPPPMLKKQHGGFGF28DB,龍門段,.44,都市：住,100000,613,持分移轉,08750000
RPOPMLKKQHGGFGF18DB,龍門段,.31,都市：住,100000,613,持分移轉,08730000
RPPPMLKKQHGGFGF28DB,龍門段,.39,都市：住,100000,613,持分移轉,08760000
RPOPMLKKQHGGFGF18DB,龍門段,.04,都市：住,100000,613,持分移轉,08730001
RPPPMLKKQHGGFGF28DB,龍門段,.41,都市：住,100000,613,持分移轉,08770000
RPOPMLKKQHGGFGF18DB,龍門段,.44,都市：住,100000,613,持分移轉,08740000
RPPPMLKKQHGGFGF28DB,龍門段,.15,都市：住,100000,613,持分移轉,08770001
RPOPMLKKQHGGFGF18DB,龍門段,.05,都市：住,100000,613,持分移轉,08740001
RPOPMLKKQHGGFGF18DB,龍門段,.44,都市：住,100000,613,持分移轉,08750000
RPOPMLKKQHGGFGF18DB,龍門段,.39,都市：住,100000,613,持分移轉,08760000
RPOPMLKKQHGGFGF18DB,龍門段,.41,都市：住,100000,613,持分移轉,08770000
RPOPMLKKQHGGFGF18DB,龍門段,.15,都市：住,100000,613,持分移轉,08770001
RPQPMLKKQHGGFGF38DB,龍門段,.48,都市：住,100000,589,持分移轉,07070000
RPQPMLKKQHGGFGF38DB,龍門段,.10,都市：住,100000,589,持分移轉,07070001
RPQPMLKKQHGGFGF38DB,龍門段,.31,都市：住,100000,589,持分移轉,08570000
RPQPMLKKQHGGFGF38DB,龍門段,.04,都市：住,100000,589,持分移轉,08570001
RPQPMLKKQHGGFGF38DB,龍門段,.32,都市：住,100000,589,持分移轉,08580000
RPQPMLKKQHGGFGF38DB,龍門段,.04,都市：住,100000,589,持分移轉,08580001
RPQPMLKKQHGGFGF38DB,龍門段,.31,都市：住,100000,589,持分移轉,08590000
RPQPMLKKQHGGFGF38DB,龍門段,.04,都市：住,100000,589,持分移轉,08590001
RPQPMLKKQHGGFGF38DB,龍門段,.31,都市：住,100000,589,持分移轉,08600000
RPQPMLKKQHGGFGF38DB,龍門段,.04,都市：住,100000,589,持分移轉,08600001
RPQPMLKKQHGGFGF38DB,龍門段,.31,都市：住,100000,589,持分移轉,08610000
RPQPMLKKQHGGFGF38DB,龍門段,.04,都市：住,100000,589,持分移轉,08610001
RPQPMLKKQHGGFGF38DB,龍門段,.31,都市：住,100000,589,持分移轉,08620000
RPQPMLKKQHGGFGF38DB,龍門段,.04,都市：住,100000,589,持分移轉,08620001
RPQPMLKKQHGGFGF38DB,龍門段,.31,都市：住,100000,589,持分移轉,08630000
RPQPMLKKQHGGFGF38DB,龍門段,.04,都市：住,100000,589,持分移轉,08630001
RPQPMLKKQHGGFGF38DB,龍門段,.31,都市：住,100000,589,持分移轉,08640000
RPQPMLKKQHGGFGF38DB,龍門段,.04,都市：住,100000,589,持分移轉,08640001
RPQPMLKKQHGGFGF38DB,龍門段,.42,都市：住,100000,589,持分移轉,08650000
RPQPMLKKQHGGFGF38DB,龍門段,.05,都市：住,100000,589,持分移轉,08650001
RPQPMLKKQHGGFGF38DB,龍門段,.35,都市：住,100000,589,持分移轉,08660000
RPQPMLKKQHGGFGF38DB,龍門段,.04,都市：住,100000,589,持分移轉,08660001
RPQPMLKKQHGGFGF38DB,龍門段,.30,都市：住,100000,589,持分移轉,08670000
RPQPMLKKQHGGFGF38DB,龍門段,.04,都市：住,100000,589,持分移轉,08670001
RPQPMLKKQHGGFGF38DB,龍門段,.30,都市：住,100000,589,持分移轉,08680000
RPQPMLKKQHGGFGF38DB,龍門段,.04,都市：住,100000,589,持分移轉,08680001
RPQPMLKKQHGGFGF38DB,龍門段,.31,都市：住,100000,589,持分移轉,08690000
RPQPMLKKQHGGFGF38DB,龍門段,.04,都市：住,100000,589,持分移轉,08690001
RPQPMLKKQHGGFGF38DB,龍門段,.31,都市：住,100000,589,持分移轉,08700000
RPQPMLKKQHGGFGF38DB,龍門段,.04,都市：住,100000,589,持分移轉,08700001
RPQPMLKKQHGGFGF38DB,龍門段,.30,都市：住,100000,589,持分移轉,08710000
RPQPMLKKQHGGFGF38DB,龍門段,.04,都市：住,100000,589,持分移轉,08710001
RPQPMLKKQHGGFGF38DB,龍門段,.30,都市：住,100000,589,持分移轉,08720000
RPQPMLKKQHGGFGF38DB,龍門段,.04,都市：住,100000,589,持分移轉,08720001
RPQPMLKKQHGGFGF38DB,龍門段,.30,都市：住,100000,589,持分移轉,08730000
RPQPMLKKQHGGFGF38DB,龍門段,.04,都市：住,100000,589,持分移轉,08730001
RPQPMLKKQHGGFGF38DB,龍門段,.43,都市：住,100000,589,持分移轉,08740000
RPQPMLKKQHGGFGF38DB,龍門段,.05,都市：住,100000,589,持分移轉,08740001
RPQPMLKKQHGGFGF38DB,龍門段,.42,都市：住,100000,589,持分移轉,08750000
RPQPMLKKQHGGFGF38DB,龍門段,.37,都市：住,100000,589,持分移轉,08760000
RPQPMLKKQHGGFGF38DB,龍門段,.39,都市：住,100000,589,持分移轉,08770000
RPQPMLKKQHGGFGF38DB,龍門段,.14,都市：住,100000,589,持分移轉,08770001
