編號,車位類別,車位價格,車位面積平方公尺,車位所在樓層
Serial number,berth category,berth price,berth area square meter,
RPXOMLLKJHNFFCD18CA,坡道平面,800000,,
RPQPMLRJKHNFFID78CA,坡道平面,0,,
RPSNMLPJKHNFFKD78CA,坡道平面,310000,,
RPRNMLLLKHNFFAD47CA,坡道平面,500000,45.61,
RPQNMLRKJHNFFCD08DA,坡道平面,0,,
RPSOMLRKJHNFFAD08CA,坡道平面,0,,
RPSOMLSKJHNFFAD18CA,坡道平面,1075000,,
RPSOMLSKJHNFFAD18CA,坡道平面,1075000,,
RPVNMLPLJHNFFCD48DA,升降平面,0,,
RPWNMLMLJHNFFID78CA,坡道平面,0,,
RPQPMLNLJHNFFAD67CA,坡道平面,0,,
RPWNMLMJKHNFFID68CA,坡道平面,0,,
RPQNMLKMJHNFFKD28CA,坡道平面,0,,
RPQNMLSJKHNFFKD88CA,坡道機械,0,,
RPQNMLQLJHNFFAD77CA,坡道平面,400000,39.31,
RPVNMLRLJHNFFKD76CA,坡道平面,0,,
RPOPMLNLJHNFFCD67CA,坡道機械,0,,
RPXNMLNJKHNFFKD09CA,坡道平面,860000,22.39,
RPPOMLNJKHNFFKD38CA,坡道平面,780000,22.39,
RPROMLNJKHNFFKD58CA,坡道平面,700000,20.49,
RPQOMLNJKHNFFKD48CA,坡道平面,780000,22.39,
RPSOMLOLJHNFFAD87CA,坡道機械,0,,
RPOPMLRJKHNFFID58CA,坡道平面,0,,
RPOOMLNJKHNFFKD28CA,坡道平面,780000,22.39,
RPPOMLOLJHNFFID38CA,坡道平面,0,,
RPROMLQJKHNFFAD87CA,坡道平面,950000,27.83,
RPWNMLNJKHNFFKD98CA,坡道平面,700000,22.39,
RPRPMLMKKHNFFKD68CA,坡道機械,0,,
RPWNMLPLJHNFFCD48CA,坡道平面,0,22.78,
RPXNMLMKKHNFFAD08CA,坡道平面,1050000,27.34,
RPXNMLMKKHNFFAD08CA,坡道平面,1000000,23.58,
RPXNMLMKKHNFFAD08CA,坡道平面,1000000,23.58,
RPROMLQLJHNFFKD98CA,坡道機械,0,,
RPVNMLNKKHNFFKD98CA,坡道平面,0,,
RPOPMLRJKHNFFAD77CA,升降機械,250000,19.96,
RPPNMLLMJHNFFCD47CA,坡道平面,0,,
RPPNMLLMJHNFFCD47CA,坡道平面,0,,
RPRNMLNKKHNFFAD57CA,坡道平面,0,,
RPPNMLNKKHNFFBD47CA,一樓平面,0,,
RPVNMLNKKHNFFAD97CA,坡道平面,1150000,33.40,
RPVNMLNKKHNFFAD97CA,坡道平面,1150000,33.40,
RPXNMLNKKHNFFAD18CA,坡道平面,1300000,33.40,
RPXNMLNKKHNFFAD18CA,坡道平面,1300000,33.40,
RPWOMLLMJHNFFAD08CA,坡道平面,0,,
RPWOMLKMJHNFFAD97CA,坡道平面,1100000,33.80,
RPRNMLLMJHNFFKD48CA,坡道平面,0,,
RPQOMLOKKHNFFCD87CA,坡道機械,0,,
RPWNMLLMJHNFFAD97CA,坡道平面,0,,
RPQNMLLKKHNFFAD27CA,坡道平面,0,27.82,
RPQNMLLKKHNFFAD27CA,坡道平面,0,27.82,
RPROMLQJKHNFFID68CA,坡道平面,0,,
RPPOMLLMJHNFFHD18DA,坡道平面,0,,
RPQNMLLJKHNFFID97CA,一樓平面,0,,
RPSNMLPJKHNFFAD77CA,坡道平面,0,24.22,
RPWNMLOKKHNFFID98CA,坡道平面,0,,
RPWOMLMKKHNFFKD09CA,坡道平面,0,30.26,
RPUOMLMJKHNFFAD77CA,坡道機械,0,,
RPXOMLLJKHNFFAD97CA,坡道平面,1200000,,
RPXOMLLJKHNFFAD97CA,坡道機械,800000,,
RPOPMLNKKHNFFAD47CA,坡道平面,0,,
RPVNMLTJKHNFFCD68CA,其他,0,,
RPSNMLTJKHNFFKD56CA,坡道平面,0,,
RPORMLNKKHNFFAD67CA,坡道平面,0,,
RPXNMLMJKHNFFAD97CA,坡道平面,0,,
RPRNMLSJKHNFFKD09DA,坡道平面,0,,
RPSPMLRJKHNFFAD18CA,坡道平面,0,,
RPRNMLSLKHNFFCD38CA,坡道平面,0,25.33,
RPOPMLMJKHNFFCD47CA,坡道平面,0,24.43,
RPSNMLSLKHNFFCD48CA,坡道平面,0,25.33,
RPUNMLLLKHNFFAD77CA,一樓平面,880000,,
RPQSMLLLKHNFFKD88CA,坡道平面,780000,22.39,
RPSPMLMJKHNFFAD67CA,坡道平面,1200000,44.77,
RPSPMLMJKHNFFAD67CA,坡道平面,1200000,44.77,
RPRNMLQJKHNFFKD78CA,坡道平面,0,,
RPQQMLLLKHNFFKD68CA,坡道平面,780000,20.49,
RPTPMLNKKHNFFHD68CA,一樓平面,880000,14.27,
RPPQMLLLKHNFFKD58CA,坡道平面,860000,22.39,
RPRRMLLLKHNFFKD88CA,坡道平面,780000,22.39,
RPQNMLKKKHNFFKD18CA,坡道機械,0,,
RPSQMLNKKHNFFAD97CA,坡道平面,0,,
RPPPMLNKKHNFFAD57CA,坡道機械,0,,
RPOQMLLLKHNFFKD48CA,坡道平面,700000,20.49,
RPTQMLLLKHNFFKD98CA,坡道平面,780000,22.39,
RPQNMLSLKHNFFCD28CA,坡道平面,0,25.33,
RPTSMLLLKHNFFKD56CA,坡道平面,780000,22.39,
RPTRMLLLKHNFFKD09CA,坡道平面,780000,22.39,
RPQOMLMKKHNFFAD47CA,坡道平面,0,36.20,
RPQPMLNKKHNFFHD38CA,一樓平面,800000,10.19,
RPRPMLNKKHNFFHD48CA,一樓平面,880000,14.27,
RPWOMLPJLHNFFID66DA,坡道平面,0,,
RPOPMLNKKHNFFHD18CA,一樓平面,800000,10.19,
RPVNMLMLKHNFFAD97CA,坡道平面,566000,,
RPTNMLRLKHNFFBD38CA,坡道平面,150000,27.02,
RPPOMLNKKHNFFKD48CA,坡道機械,0,,
RPXSMLLLKHNFFKD96CA,坡道平面,780000,22.39,
RPPPMLRJKHNFFID68CA,坡道平面,0,,
RPXOMLNKKHNFFHD98CA,一樓平面,880000,14.27,
RPWOMLNKKHNFFHD88CA,一樓平面,880000,14.27,
RPSNMLLJLHNFFAD47CA,坡道平面,950000,33.40,
RPTNMLKKKHNFFHD18CA,坡道機械,450000,,
RPRNMLLJLHNFFAD37CA,坡道平面,1050000,33.40,
RPUPMLNKKHNFFAD08CA,坡道平面,800000,,
RPWNMLQJKHNFFID09CA,坡道平面,0,,
RPTPMLRJKHNFFID09CA,坡道平面,0,,
RPROMLNKKHNFFBD77CA,坡道平面,0,,
RPROMLRLKHNFFKD56CA,坡道平面,0,,
RPVOMLQJKHNFFAD28CA,坡道平面,0,,
RPOPMLMKKHNFFKD38CA,坡道平面,0,,
RPOPMLMKKHNFFKD38CA,坡道平面,0,,
RPTOMLNKKHNFFHD58CA,一樓平面,800000,10.19,
RPXNMLNKKHNFFHD88CA,一樓平面,880000,14.27,
RPSNMLNKLHNFFID58CA,坡道平面,0,,
RPSNMLRLKHNFFBD28CA,坡道平面,150000,27.02,
RPPNMLSJKHNFFKD78CA,坡道平面,0,,
RPUPMLNKKHNFFKD09CA,坡道平面,0,,
RPRNMLOKKHNFFCD87CA,坡道平面,0,,
RPVNMLSJKHNFFHD09CA,一樓平面,0,,
RPSPMLTJKHNFFAD38CA,坡道機械,0,,
RPUOMLOLKHNFFKD56CA,坡道平面,860000,22.39,
RPUNMLPJLHNFFAD08CA,坡道平面,1050000,27.34,
RPUNMLPJLHNFFAD08CA,坡道平面,1000000,23.58,
RPUNMLNLKHNFFID78CA,坡道平面,0,,
RPOOMLRLKHNFFID68CA,坡道平面,0,,
RPTOMLOLKHNFFKD09CA,坡道平面,780000,22.39,
RPWNMLOLKHNFFKD66CA,坡道平面,780000,22.39,
RPOOMLOLKHNFFKD58CA,坡道平面,860000,22.39,
RPTNMLTJKHNFFAD28CA,坡道平面,0,,
RPSNMLMKKHNFFAD57CA,坡道機械,0,,
RPOPMLOLKHNFFKD68CA,坡道平面,780000,22.39,
RPSOMLOKKHNFFHD58CA,一樓平面,880000,14.27,
RPXOMLMKKHNFFAD18CA,坡道平面,0,,
RPROMLOLKHNFFKD88CA,坡道平面,780000,22.39,
RPVNMLOLKHNFFKD56CA,坡道平面,780000,20.49,
RPXOMLOLKHNFFKD86CA,坡道平面,700000,20.49,
RPSNMLOLKHNFFKD88CA,坡道平面,780000,22.39,
RPQOMLOLKHNFFKD78CA,坡道平面,700000,20.49,
RPUNMLOLKHNFFKD09CA,坡道平面,860000,22.39,
RPTNMLOLKHNFFKD98CA,坡道平面,700000,20.49,
RPPOMLOLKHNFFKD68CA,坡道平面,860000,22.39,
RPVOMLOLKHNFFKD66CA,坡道平面,860000,22.39,
RPOOMLPJLHNFFCD77CA,坡道平面,0,25.33,
RPWNMLOKKHNFFAD18CA,坡道機械,0,,
RPVNMLMKKHNFFCD08CA,坡道平面,0,,
RPSOMLOLKHNFFKD98CA,坡道平面,780000,22.39,
RPQOMLOKKHNFFHD38CA,一樓平面,880000,14.27,
RPROMLOKKHNFFHD48CA,一樓平面,880000,14.27,
RPTNMLPJLHNFFHD68CA,一樓平面,800000,10.19,
RPQPMLTJKHNFFAD18CA,坡道平面,0,,
RPWPMLNKKHNFFCD48CA,坡道平面,0,,
RPWPMLNKKHNFFCD48CA,坡道平面,0,,
RPWPMLNKKHNFFCD48CA,坡道平面,0,,
RPSOMLMLKHNFFKD78CA,坡道機械,0,,
RPPOMLOKKHNFFHD28CA,一樓平面,800000,10.19,
RPPNMLLKKHNFFDD47CA,坡道平面,0,,
RPVNMLQJLHNFFAD28CA,坡道平面,1150000,27.34,
RPVNMLQJLHNFFAD28CA,坡道平面,1150000,27.34,
RPVNMLQJLHNFFAD28CA,坡道平面,1150000,27.34,
RPVNMLQJLHNFFAD28CA,坡道平面,1150000,27.34,
RPSPMLOKKHNFFAD97CA,坡道機械,0,,
RPOOMLSJLHNFFKD88CA,坡道平面,0,28.27,
RPOOMLLLKHNFFHD97CA,一樓平面,880000,14.27,
RPQOMLNKKHNFFID38CA,坡道平面,0,,
RPSOMLRJLHNFFCD58EA,坡道平面,0,38.56,
RPPPMLRJLHNFFCD18CA,坡道平面,1100000,35.53,
RPPPMLRJLHNFFCD18CA,坡道平面,1100000,35.53,
RPWNMLRJLHNFFCD88EA,坡道平面,0,38.56,
RPVOMLOKKHNFFHD88CA,一樓平面,800000,10.19,
RPSOMLNKKHNFFAD77CA,坡道平面,0,,
RPWNMLSJLHNFFCD78CA,坡道平面,1000000,35.53,
RPTNMLKKKHNFFKD48CA,坡道平面,0,,
RPXOMLMKKHNFFKD56CA,坡道平面,0,,
RPPNMLLKKHNFFCD37CA,坡道平面,0,,
RPWNMLMKKHNFFCD28DA,坡道平面,0,,
RPTOMLOKKHNFFHD68CA,一樓平面,880000,14.27,
RPXNMLSJLHNFFCD88CA,坡道平面,1100000,35.53,
RPPOMLSJLHNFFCD18CA,坡道平面,1100000,35.53,
RPPOMLSJLHNFFCD18CA,坡道平面,1100000,35.53,
RPPOMLQJLHNFFCD97CA,坡道平面,1000000,35.53,
RPPOMLQJLHNFFCD97CA,坡道平面,1100000,35.53,
RPPOMLRJLHNFFCD28EA,坡道平面,0,38.56,
RPXNMLRJLHNFFCD98EA,坡道平面,0,38.56,
RPQPMLMKKHNFFHD28CA,坡道平面,0,19.78,
RPQPMLRJLHNFFCD28CA,坡道平面,1100000,35.53,
RPSNMLNKKHNFFAD67CA,坡道平面,0,21.55,
RPROMLMJJHNFFAD37CA,升降機械,350000,19.97,
RPVOMLTLKIMFFAD78CA,坡道平面,1000000,27.34,
RPVOMLTLKIMFFAD78CA,坡道平面,1000000,27.34,
RPUOMLLKJHNFFCD87CA,坡道平面,0,25.33,
RPPPMLKLKIMFFAD37CA,坡道平面,660000,31.89,
RPRNMLMLKIMFFAD57CA,坡道平面,760000,30.66,
RPWOMLKLKIMFFAD97CA,坡道平面,660000,30.66,
RPUNMLMLKIMFFAD87CA,坡道平面,660000,31.89,
RPSPMLKLKIMFFAD67CA,坡道平面,600000,27.59,
RPUOMLKLKIMFFAD77CA,坡道平面,660000,30.66,
RPOPMLKLKIMFFAD27CA,坡道平面,0,,
RPRNMLKLKIMFFCD57CA,坡道平面,0,,
RPSNMLLLKIMFFID38CA,坡道平面,0,,
RPXNMLMLKIMFFKD56CA,坡道機械,0,,
RPQNMLSLKIMFFID88CA,一樓平面,0,,
RPUQMLQKJHNFFKD76CA,坡道平面,0,28.65,
RPVNMLPKJHNFFCD28CA,坡道平面,0,,
RPSOMLLKJHNFFCD67CA,坡道平面,0,25.33,
RPSNMLMLKIMFFAD67CA,坡道平面,0,,
RPXNMLSLKIMFFCD09DA,坡道機械,0,,
RPQPMLQKJHNFFAD87CA,坡道平面,950000,27.34,
RPQPMLQKJHNFFAD87CA,坡道平面,950000,27.34,
RPTPMLQKJHNFFAD18CA,坡道平面,900000,23.58,
RPTPMLQKJHNFFAD18CA,坡道平面,900000,23.58,
RPPPMLQKJHNFFAD77CA,坡道平面,950000,27.34,
RPPPMLQKJHNFFAD77CA,坡道平面,950000,27.34,
RPXOMLQKJHNFFAD48CA,坡道平面,1000000,27.34,
RPXOMLQKJHNFFAD48CA,坡道平面,1000000,27.34,
RPTOMLLKJHNFFCD77CA,坡道平面,0,25.33,
RPUNMLQLKIMFFBD38CA,坡道平面,0,,
RPOOMLPKJHNFFAD47CA,坡道平面,0,34.17,
RPOOMLPKJHNFFAD47CA,坡道平面,0,34.17,
RPQOMLPLKIMFFKD88CA,坡道機械,0,,
RPQOMLPLKIMFFKD88CA,坡道機械,0,,
RPSNMLTLKIMFFKD76CA,坡道平面,0,,
RPWNMLMLJHNFFKD98CA,坡道平面,0,,
RPWOMLSLKIMFFCD98CA,坡道平面,0,,
RPRPMLQLKIMFFAD18CA,坡道平面,1100000,44.77,
RPRPMLQLKIMFFAD18CA,坡道平面,1100000,44.77,
RPPOMLTLKIMFFHD88CA,一樓平面,0,,
RPOOMLQKJHNFFAD57CA,坡道平面,0,,
RPPNMLNJJHNFFID08DA,坡道平面,0,,
RPOOMLRLKIMFFCD08CA,坡道平面,0,,
RPUPMLNLJHNFFAD08CA,坡道平面,950000,27.34,
RPUPMLNLJHNFFAD08CA,坡道平面,1000000,36.05,
RPPNMLNJJHNFFKD18CA,坡道機械,0,,
RPQQMLQKJHNFFAD97CA,升降機械,0,,
RPQQMLQKJHNFFAD97CA,升降機械,0,,
RPPNMLLLJHNFFKD18CA,坡道平面,860000,22.39,
RPQNMLPLJHNFFKD68CA,坡道平面,780000,20.49,
RPVNMLLLJHNFFKD78CA,坡道平面,860000,22.39,
RPXNMLNLJHNFFAD18CA,坡道平面,1050000,27.34,
RPXNMLNLJHNFFAD18CA,坡道平面,1050000,27.34,
RPSOMLNLJHNFFAD77CA,坡道平面,1050000,27.34,
RPSOMLNLJHNFFAD77CA,坡道平面,1050000,27.34,
RPSOMLNLJHNFFAD77CA,坡道平面,1050000,27.34,
RPTQMLMLJHNFFAD97CA,坡道平面,900000,23.58,
RPTQMLMLJHNFFAD97CA,坡道平面,950000,27.34,
RPQOMLNLJHNFFAD57CA,坡道平面,1050000,27.34,
RPQOMLNLJHNFFAD57CA,坡道平面,1050000,27.34,
RPQOMLNLJHNFFAD57CA,坡道平面,1050000,27.34,
RPPOMLNLJHNFFAD47CA,坡道平面,1050000,27.34,
RPPOMLNLJHNFFAD47CA,坡道平面,1050000,27.34,
RPWQMLMLJHNFFAD28CA,坡道平面,1050000,27.34,
RPWQMLMLJHNFFAD28CA,坡道平面,1050000,27.34,
RPRNMLNLJHNFFAD57CA,坡道平面,1000000,27.34,
RPRNMLNLJHNFFAD57CA,坡道平面,1000000,27.34,
RPWNMLNLJHNFFAD08CA,坡道平面,1100000,27.34,
RPWNMLNLJHNFFAD08CA,坡道平面,1150000,36.05,
RPQOMLLLJHNFFKD38CA,坡道平面,780000,22.39,
RPROMLTLKIMFFHD09CA,一樓平面,0,,
RPTNMLNLJHNFFCD97CA,坡道平面,0,35.54,
RPTNMLLLJHNFFKD58CA,坡道平面,860000,22.39,
RPROMLLLJHNFFKD48CA,坡道平面,780000,22.39,
RPUOMLLLJHNFFKD78CA,坡道平面,860000,22.39,
RPWOMLPJJHNFFAD18CA,坡道平面,0,,
RPQPMLLLJHNFFKD48CA,坡道平面,780000,22.39,
RPRRMLLLJHNFFKD78CA,坡道平面,700000,20.49,
RPWRMLLLJHNFFKD66CA,坡道平面,780000,22.39,
RPPQMLLLJHNFFKD48CA,坡道平面,860000,22.39,
RPWSMLLLJHNFFKD76CA,坡道平面,780000,22.39,
RPPTMLLLJHNFFKD78CA,坡道平面,780000,22.39,
RPXSMLLLJHNFFKD86CA,坡道平面,700000,20.49,
RPPSMLLLJHNFFKD68CA,坡道平面,780000,22.39,
RPQNMLLLJHNFFKD28CA,坡道平面,700000,20.49,
RPWNMLLLJHNFFKD88CA,坡道平面,780000,20.49,
RPXRMLLLJHNFFKD76CA,坡道平面,780000,20.49,
RPRQMLNLJHNFFAD87CA,坡道平面,1150000,27.34,
RPRQMLNLJHNFFAD87CA,坡道平面,1150000,27.34,
RPXQMLLLJHNFFKD66CA,坡道平面,860000,22.39,
RPURMLLLJHNFFKD09CA,坡道平面,780000,22.39,
RPSRMLLLJHNFFKD88CA,坡道平面,860000,22.39,
RPTOMLLLJHNFFKD68CA,坡道平面,780000,22.39,
RPSSMLLLJHNFFKD98CA,坡道平面,780000,22.39,
RPQTMLLLJHNFFKD88CA,坡道平面,780000,22.39,
RPQOMLSLKIMFFCD38CA,坡道平面,0,,
RPPNMLMLJHNFFHD97CA,坡道平面,750000,,
RPWNMLMJJHNFFAD77CA,坡道平面,0,,
RPWNMLMJJHNFFAD77CA,坡道平面,0,,
RPWOMLLLJHNFFKD98CA,坡道平面,780000,20.49,
RPRNMLLLJHNFFKD38CA,坡道平面,780000,22.39,
RPOTMLLLJHNFFKD68CA,坡道平面,860000,22.39,
RPWNMLSLKIMFFCD88CA,坡道平面,0,,
RPOOMLSLKIMFFKD98CA,坡道平面,0,,
RPSNMLLLJHNFFKD48CA,坡道平面,860000,22.39,
RPPQMLNLJHNFFAD67CA,坡道平面,950000,27.34,
RPPQMLNLJHNFFAD67CA,坡道平面,950000,27.34,
RPPQMLNLJHNFFAD67CA,坡道平面,950000,27.34,
RPRTMLLLJHNFFKD98CA,坡道平面,860000,22.39,
RPROMLSJJHNFFID78CA,坡道機械,0,,
RPQSMLOLJHNFFKD09CA,坡道平面,780000,22.39,
RPQPMLOLJHNFFKD78CA,坡道平面,780000,20.49,
RPTNMLNLJHNFFKD78CA,坡道平面,700000,20.49,
RPUTMLLLJHNFFKD66CA,坡道平面,780000,22.39,
RPXNMLOLJHNFFKD66CA,坡道平面,700000,20.49,
RPXUMLOLJHNFFKD37CA,坡道平面,780000,22.39,
RPOTMLOLJHNFFKD98CA,坡道平面,860000,22.39,
RPXTMLOLJHNFFKD27CA,坡道平面,780000,22.39,
RPTWMLOLJHNFFKD17CA,坡道平面,780000,22.39,
RPQSMLLLJHNFFKD78CA,坡道平面,860000,22.39,
RPWWMLOLJHNFFKD47CA,坡道平面,860000,22.39,
RPVNNLOLJHNFFKD56CA,坡道平面,700000,20.49,
RPXNNLOLJHNFFKD76CA,坡道平面,780000,22.39,
RPSTMLLLJHNFFKD09CA,坡道平面,860000,22.39,
RPOPNLOLJHNFFKD68CA,坡道平面,780000,22.39,
RPPNNLOLJHNFFKD58CA,坡道平面,780000,22.39,
RPUNMLOLJHNFFKD98CA,坡道平面,700000,20.49,
RPVPMLOLJHNFFKD66CA,坡道平面,860000,22.39,
RPVSMLOLJHNFFKD96CA,坡道平面,780000,22.39,
RPUTMLOLJHNFFKD96CA,坡道平面,860000,22.39,
RPRNMLRLJHNFFKD98CA,坡道平面,780000,22.39,
RPVOMLOJJHNFFAD08DA,坡道機械,300000,,
RPSOMLOLJHNFFKD88CA,坡道平面,860000,22.39,
RPVNMLMJJHNFFCD87CA,坡道平面,0,,
RPVNMLMJJHNFFCD87CA,坡道平面,0,,
RPVNMLMJJHNFFCD87CA,坡道平面,0,,
RPUSMLLLJHNFFKD56CA,坡道平面,780000,22.39,
RPTOMLOLJHNFFKD98CA,坡道平面,860000,22.39,
RPTRMLLLJHNFFKD98CA,坡道平面,700000,20.49,
RPVRMLLLJHNFFKD56CA,坡道平面,860000,22.39,
RPSWMLOLJHNFFKD07CA,坡道平面,780000,22.39,
RPRNMLOLJHNFFKD68CA,坡道平面,780000,22.39,
RPTPMLLLJHNFFKD78CA,坡道平面,780000,22.39,
RPUQMLLLJHNFFKD98CA,坡道平面,700000,20.49,
RPRTMLOLJHNFFKD66CA,坡道平面,780000,22.39,
RPXSMLOLJHNFFKD17CA,坡道平面,860000,22.39,
RPPWMLOLJHNFFKD76CA,坡道平面,780000,22.39,
RPOVMLOLJHNFFKD56CA,坡道平面,780000,22.39,
RPRUMLOLJHNFFKD76CA,坡道平面,700000,20.49,
RPVONLOLJHNFFKD66CA,坡道平面,780000,22.39,
RPTQMLOLJHNFFKD56CA,坡道平面,860000,22.39,
RPWONLOLJHNFFKD76CA,坡道平面,780000,22.39,
RPSOMLSLKIMFFAD48DA,升降平面,0,,
RPOPMLQKJHNFFAD67CA,升降機械,300000,17.57,
RPPNMLKMKIMFFCD47CA,升降平面,0,,
RPQOMLOLJHNFFKD68CA,坡道平面,780000,22.39,
RPPOMLOLJHNFFKD58CA,坡道平面,780000,22.39,
RPXRMLOLJHNFFKD07CA,坡道平面,860000,22.39,
RPXOMLLLJHNFFKD09CA,坡道平面,780000,22.39,
RPSQMLLLJHNFFKD78CA,坡道平面,780000,22.39,
RPUWMLOLJHNFFKD27CA,坡道平面,780000,22.39,
RPSNNLOLJHNFFKD88CA,坡道平面,860000,22.39,
RPOOMLMLJHNFFKD28CA,坡道平面,800000,27.67,
RPQNMLNLJHNFFKD48CA,坡道平面,780000,20.49,
RPUNMLNLJHNFFKD88CA,坡道平面,780000,22.39,
RPTPMLOLJHNFFKD09CA,坡道平面,780000,22.39,
RPVUMLOLJHNFFKD17CA,坡道平面,860000,22.39,
RPTSMLOLJHNFFKD76CA,坡道平面,860000,22.39,
RPTNNLOLJHNFFKD98CA,坡道平面,780000,22.39,
RPPOMLLLJHNFFKD28CA,坡道平面,780000,22.39,
RPPPMLLLJHNFFKD38CA,坡道平面,860000,22.39,
RPVOMLLLJHNFFKD88CA,坡道平面,860000,22.39,
RPXPMLTLKIMFFAD09CA,升降機械,500000,13.17,
RPQWMLOLJHNFFKD86CA,坡道平面,780000,22.39,
RPUOMLOLJHNFFKD09CA,坡道平面,780000,22.39,
RPSPMLLLJHNFFKD68CA,坡道平面,860000,22.39,
RPOQMLLLJHNFFKD38CA,坡道平面,860000,22.39,
RPOSMLOLJHNFFKD88CA,坡道平面,780000,22.39,
RPTTMLOLJHNFFKD86CA,坡道平面,780000,22.39,
RPXWMLOLJHNFFKD57CA,坡道平面,860000,22.39,
RPORMLLLJHNFFKD48CA,坡道平面,780000,22.39,
RPRQMLLLJHNFFKD68CA,坡道平面,780000,22.39,
RPVNMLOLJHNFFKD09CA,坡道平面,920000,26.95,
RPUPMLOLJHNFFKD56CA,坡道平面,780000,22.39,
RPWUMLOLJHNFFKD27CA,坡道平面,700000,20.49,
RPSVMLOLJHNFFKD96CA,坡道平面,860000,22.39,
RPUPMLLLJHNFFKD88CA,坡道平面,780000,22.39,
RPOPMLLLJHNFFKD28CA,坡道平面,780000,22.39,
RPTVMLOLJHNFFKD07CA,坡道平面,780000,20.49,
RPRSMLOLJHNFFKD56CA,坡道平面,700000,22.39,
RPRPMLLLJHNFFKD58CA,坡道平面,700000,20.49,
RPORMLOLJHNFFKD78CA,坡道平面,780000,22.39,
RPSNMLOLJHNFFKD78CA,坡道平面,860000,22.39,
RPXOMLOLJHNFFKD76CA,坡道平面,780000,22.39,
RPSUMLOLJHNFFKD86CA,坡道平面,780000,20.49,
RPSTMLOLJHNFFKD76CA,坡道平面,860000,22.39,
RPWVMLOLJHNFFKD37CA,坡道平面,700000,20.49,
RPONNLOLJHNFFKD48CA,坡道平面,780000,22.39,
RPPNMLTLKIMFFBD18CA,一樓平面,0,,
RPRSMLLLJHNFFKD88CA,坡道平面,860000,22.39,
RPOUMLLLJHNFFKD78CA,坡道平面,780000,22.39,
RPQRMLLLJHNFFKD68CA,坡道平面,780000,22.39,
RPPUMLLLJHNFFKD88CA,坡道平面,860000,22.39,
RPVNMLNLJHNFFKD98CA,坡道平面,780000,22.39,
RPUQMLOLJHNFFKD66CA,坡道平面,860000,22.39,
RPOWMLOLJHNFFKD66CA,坡道平面,780000,22.39,
RPPVMLOLJHNFFKD66CA,坡道平面,700000,20.49,
RPVWMLOLJHNFFKD37CA,坡道平面,860000,22.39,
RPQONLOLJHNFFKD78CA,坡道平面,780000,22.39,
RPTNMLPJJHNFFAD77CA,坡道平面,600000,27.59,
RPTSMLLLJHNFFKD09CA,坡道平面,700000,20.49,
RPSOMLOJJHNFFAD67CA,坡道平面,660000,30.66,
RPXTMLLLJHNFFKD96CA,坡道平面,860000,22.39,
RPWNMLNLJHNFFKD09CA,坡道平面,780000,22.39,
RPXNMLOJJHNFFAD08CA,坡道平面,860000,30.66,
RPROMLOLJHNFFKD78CA,坡道平面,780000,22.39,
RPUVMLOLJHNFFKD17CA,坡道平面,780000,20.49,
RPXONLOLJHNFFKD86CA,坡道平面,780000,22.39,
RPSNMLNLJHNFFKD68CA,坡道平面,780000,22.39,
RPWQMLLLJHNFFKD56CA,坡道平面,780000,22.39,
RPVTMLLLJHNFFKD76CA,坡道平面,780000,22.39,
RPOOMLNLJHNFFKD38CA,坡道平面,780000,22.39,
RPVOMLOLJHNFFKD56CA,坡道平面,860000,22.39,
RPUUMLOLJHNFFKD07CA,坡道平面,780000,22.39,
RPWOMLQKJHNFFAD38CA,升降機械,300000,17.57,
RPOOMLPKJHNFFKD48CA,坡道平面,0,,
RPQVMLOLJHNFFKD76CA,坡道平面,780000,22.39,
RPSNMLKKJHNFFAD27CA,坡道平面,660000,31.89,
RPXOMLSJJHNFFCD78CA,坡道平面,0,,
RPRNMLPJJHNFFAD57CA,坡道平面,860000,30.66,
RPUNMLOLJHNFFCD18CA,坡道平面,0,38.56,
RPQPMLSJJHNFFCD18CA,坡道平面,1200000,26.79,
RPROMLQKJHNFFKD88CA,坡道平面,0,22.00,
RPRNMLKKJHNFFCD37CA,坡道平面,0,,
RPVNMLNJJHNFFHD48CA,坡道平面,0,,
RPSOMLOJJHNFFKD68CA,坡道機械,0,,
RPSNMLPJJHNFFID48CA,升降機械,0,,
RPRNMLSJJHNFFCD08CA,坡道平面,0,,
RPPPMLRKJHNFFAD87CA,坡道機械,0,13.17,
RPXNMLPKJHNFFBD38CA,坡道機械,0,,
RPOOMLPJJHNFFCD57CA,坡道平面,0,,
RPRNMLPJJHNFFCD87DA,坡道平面,0,,
RPPNMLMKJHNFFKD18CA,坡道平面,0,,
RPUOMLQLJHNFFKD66CA,坡道平面,0,,
RPQQMLQKJHNFFKD98CA,坡道平面,0,,
RPSNMLOJJHNFFID38CA,坡道平面,0,,
RPUOMLMLJHNFFKD88CA,坡道平面,0,,
RPUNMLMLJHNFFKD78CA,坡道機械,0,,
RPVOMLQKJHNFFKD66CA,坡道平面,0,22.00,
RPTNMLSJJHNFFHD78CA,一樓平面,1000000,,
RPSNMLTKJHNFFAD18CA,坡道平面,0,,
RPRPMLOJJHNFFAD67CA,坡道機械,0,,
RPUOMLPKJHNFFKD09CA,坡道平面,0,34.57,
RPOPMLOJJHNFFCD57CA,坡道平面,0,,
RPQOMLQLJHNFFAD87CA,坡道平面,0,,
RPROMLTLJHNFFBD38CA,坡道平面,900000,32.90,
RPPNMLKKJHNFFAD96CA,坡道平面,0,,
RPOPMLOLJHNFFAD57CA,其他,700000,10.01,
RPUNMLQLJHNFFAD18CA,其他,700000,10.01,
RPTNMLTLJHNFFCD58CA,坡道平面,0,25.33,
RPQNMLKMJHNFFCD47CA,坡道平面,0,25.33,
RPSNMLNKKHNFFDD97CA,升降機械,0,,
RPSPMLOLJHNFFAD97CA,其他,700000,10.01,
RPPNMLQJJHNFFAD47CA,坡道平面,0,,
RPXOMLOLJHNFFAD38CA,一樓平面,1100000,16.71,
RPTPMLOLJHNFFAD08CA,其他,750000,10.01,
RPRNMLSKJHNFFCD18CA,坡道平面,0,,
RPUOMLLJKHNFFCD87CA,坡道平面,0,25.33,
RPQPMLLKJHNFFAD37CA,坡道平面,0,,
RPOOMLQKJHNFFKD58CA,坡道平面,800000,,
RPOPMLSJJHNFFCD97CA,升降平面,0,,
RPROMLSJJHNFFCD18CA,升降機械,0,,
RPPNMLTKJHNFFCD08CA,坡道平面,0,,
RPOOMLMLJHNFFCD47CA,坡道平面,0,,
RPVOMLLJKHNFFCD97CA,坡道平面,0,25.33,
RPXOMLRJKHNFFAD78EA,升降機械,0,,
RPXOMLRJKHNFFAD78EA,升降機械,0,,
RPXOMLRJKHNFFAD78EA,升降機械,0,,
RPXOMLRJKHNFFAD78EA,升降機械,0,,
RPXOMLRJKHNFFAD78EA,升降機械,0,,
RPXOMLRJKHNFFAD78EA,升降機械,0,,
RPXOMLRJKHNFFAD78EA,升降機械,0,,
RPXOMLRJKHNFFAD78EA,升降機械,0,,
RPXOMLRJKHNFFAD78EA,升降機械,0,,
RPXOMLRJKHNFFAD78EA,升降機械,0,,
RPXOMLRJKHNFFAD78EA,升降機械,0,,
RPXOMLRJKHNFFAD78EA,升降機械,0,,
RPXOMLRJKHNFFAD78EA,升降機械,0,,
RPXOMLRJKHNFFAD78EA,升降機械,0,,
RPXOMLRJKHNFFAD78EA,升降機械,0,,
RPXOMLRJKHNFFAD78EA,升降機械,0,,
RPXOMLRJKHNFFAD78EA,升降平面,0,,
RPXOMLRJKHNFFAD78EA,升降平面,0,,
RPXOMLRJKHNFFAD78EA,升降平面,0,,
RPXOMLRJKHNFFAD78EA,升降平面,0,,
RPXOMLRJKHNFFAD78EA,升降平面,0,,
RPXOMLRJKHNFFAD78EA,升降平面,0,,
RPSOMLKKJHNFFID18CA,坡道平面,0,,
RPQOMLMLJHNFFCD67CA,坡道平面,0,,
RPRNMLSKJHNFFAD97CA,坡道平面,860000,30.66,
RPROMLPKJHNFFKD78CA,坡道平面,0,,
RPTQMLQKJHNFFKD66CA,坡道平面,800000,,
RPSNMLMJKHNFFID28CA,坡道平面,0,,
RPWQMLPKJHNFFAD48CA,坡道平面,0,,
RPPNMLOJKHNFFID18CA,坡道平面,0,,
RPOPMLQKJHNFFKD68CA,坡道平面,0,22.00,
RPTPMLLKJHNFFKD68CA,坡道平面,0,,
RPOOMLMKJHNFFCD47DA,升降平面,0,,
RPTNMLLKJHNFFBD57CA,一樓平面,0,,
RPQNMLLKJHNFFID97CA,坡道平面,0,,
RPUOMLRJKHNFFKD76DA,升降機械,0,,
RPSOMLMLJHNFFKD68CA,坡道平面,1000000,27.67,
RPPOMLTLJHNFFKD09CA,坡道平面,0,22.00,
RPQPMLLKJHNFFKD38CA,坡道機械,0,9.85,
RPUPMLLKJHNFFAD77CA,坡道平面,0,,
RPSNMLNJKHNFFKD58CA,坡道機械,0,,
RPOOMLRKJHNFFAD67CA,坡道機械,0,,
RPUNMLNJKHNFFCD97CA,升降機械,0,,
RPTOMLKMJHNFFAD67CA,坡道平面,1400000,27.34,
RPTOMLKMJHNFFAD67CA,坡道平面,1400000,27.34,
RPROMLNLJHNFFKD68CA,坡道平面,0,,
RPUQMLMLJHNFFAD08CA,坡道平面,0,28.99,
RPUQMLMLJHNFFAD08CA,坡道平面,0,28.99,
RPOPMLLJKHNFFCD37CA,升降機械,0,,
RPOOMLSKJHNFFHD48CA,坡道平面,0,,
RPQNMLPKJHNFFID38CA,一樓平面,0,28.13,
RPPNMLKLJHNFFKD08CA,升降機械,0,,
RPQOMLPKJHNFFKD68CA,坡道平面,0,,
RPVNMLMJKHNFFBD87CA,坡道平面,900000,32.90,
RPUNMLMLJHNFFCD97CA,坡道平面,0,,
RPTOMLSKJHNFFCD48CA,坡道機械,0,,
RPXPMLMLJHNFFAD28CA,坡道平面,0,,
RPQPMLMLJHNFFCD77CA,坡道機械,700000,,
RPVNMLQKJHNFFAD18CA,坡道平面,800000,,
RPTOMLSKJHNFFAD28CA,坡道平面,0,,
RPXPMLOLJHNFFAD48CA,其他,650000,10.01,
RPQQMLOLJHNFFAD87CA,其他,700000,10.01,
RPWPMLOLJHNFFAD38CA,其他,650000,10.01,
RPOQMLOLJHNFFAD67CA,一樓平面,1300000,16.71,
RPSOMLMJKHNFFCD77CA,坡道平面,0,,
RPRPMLNLJHNFFKD78CA,坡道平面,0,,
RPUOMLQLJHNFFCD48CA,坡道機械,0,,
RPQOMLTJKHNFFBD18CA,升降機械,0,,
RPOOMLPKJHNFFID38DA,坡道平面,0,,
RPVPMLOLJHNFFAD28CA,其他,750000,10.01,
RPTQMLOLJHNFFAD18CA,其他,650000,10.01,
RPUNMLQKJHNFFHD78CA,坡道平面,0,,
SPQOMLTJKHNFFBD28CA,升降機械,0,,
RPUOMLTKJHNFFAD48CA,坡道平面,0,,
RPTNMLQKJHNFFHD68CA,一樓平面,0,,
RPPNMLTLJHNFFCD18CA,坡道平面,1250000,,
RPTNMLQLJHNFFAD08CA,其他,700000,10.01,
RPTPMLPKJHNFFAD08CA,坡道平面,0,,
RPPOMLTKJHNFFKD98CA,坡道平面,0,22.00,
RPUOMLSKJHNFFCD58CA,坡道機械,0,,
RPUQMLOLJHNFFAD28CA,其他,750000,10.01,
RPWPMLQKJHNFFKD86CA,坡道機械,0,,
RPSNMLSKJHNFFKD09CA,一樓平面,0,,
RPPPMLMJKHNFFAD37CA,坡道平面,1150000,33.40,
RPPPMLMJKHNFFAD37CA,坡道平面,1150000,33.40,
RPOUMLOLJHNFFKD09CA,坡道機械,0,,
RPVPMLMJKHNFFAD97CA,坡道平面,950000,33.40,
RPOQMLMJKHNFFAD37CA,坡道平面,1150000,33.40,
RPOQMLMJKHNFFAD37CA,坡道平面,1150000,33.40,
RPWNMLMLJHNFFHD78DA,坡道平面,0,,
RPTPMLMJKHNFFAD77CA,坡道平面,1250000,33.40,
RPPNMLMLJHNFFID08CA,坡道平面,0,,
RPOPMLMJKHNFFAD27CA,坡道平面,1050000,34.70,
RPWPMLMJKHNFFAD08CA,坡道平面,950000,33.40,
RPXOMLMJKHNFFAD08CA,坡道平面,950000,33.40,
RPRPMLMJKHNFFAD57CA,坡道平面,1150000,33.40,
RPRPMLMJKHNFFAD57CA,坡道平面,1150000,33.40,
RPRNMLPLJHNFFAD77CA,坡道平面,0,,
RPVNMLLJKHNFFAD77DA,一樓平面,0,,
RPSOMLLJKHNFFKD48CA,坡道平面,0,10.68,
RPPNMLNLJHNFFAD37CA,坡道平面,660000,31.89,
RPPNMLMLJHNFFKD28CA,坡道平面,0,,
RPUNMLSLJHNFFKD76CA,坡道平面,860000,22.39,
RPXNMLQKJHNFFCD58CA,坡道平面,0,,
RPUOMLLJKHNFFKD68CA,坡道平面,0,22.00,
RPUQMLNLJHNFFAD18CA,坡道平面,0,,
RPURMLSLJHNFFKD17CA,坡道平面,780000,22.39,
RPQPMLSLJHNFFKD56CA,坡道平面,860000,22.39,
RPTQMLSLJHNFFKD96CA,坡道平面,860000,22.39,
RPPPMLSLJHNFFKD09CA,坡道平面,860000,22.39,
RPVPMLLJKHNFFKD88CA,坡道平面,860000,22.39,
RPSOMLMJKHNFFAD57CA,坡道平面,1250000,33.40,
RPUQMLSLJHNFFKD07CA,坡道平面,780000,22.39,
RPWNMLSLJHNFFKD96CA,坡道平面,780000,22.39,
RPVOMLSLJHNFFKD96CA,坡道平面,780000,22.39,
RPSQMLSLJHNFFKD86CA,坡道平面,780000,22.39,
RPPRMLSLJHNFFKD66CA,坡道平面,780000,22.39,
RPOPMLSLJHNFFKD98CA,坡道平面,860000,22.39,
RPUOMLTLJHNFFKD96CA,坡道平面,780000,22.39,
RPROMLMJKHNFFAD47CA,坡道平面,1150000,33.40,
RPROMLMJKHNFFAD47CA,坡道平面,1150000,33.40,
RPQOMLTLJHNFFKD56CA,坡道平面,860000,22.39,
RPXOMLKMJHNFFAD08CA,坡道平面,0,15.10,
RPQQMLSLJHNFFKD66CA,坡道平面,780000,22.39,
RPROMLTLJHNFFKD66CA,坡道平面,700000,20.49,
RPUPMLSLJHNFFKD96CA,坡道平面,780000,20.49,
RPWOMLPJKHNFFKD66CA,坡道平面,700000,20.49,
RPQOMLSKJHNFFKD98CA,坡道機械,0,,
RPWQMLSLJHNFFKD27CA,坡道平面,780000,22.39,
RPXQMLSLJHNFFKD37CA,坡道平面,700000,20.49,
RPQQMLMJKHNFFAD57CA,坡道平面,1150000,33.40,
RPSQMLMJKHNFFAD77CA,坡道平面,1300000,33.40,
RPSQMLMJKHNFFAD77CA,坡道平面,1300000,33.40,
RPTOMLTLJHNFFKD86CA,坡道平面,780000,22.39,
RPVNMLSLJHNFFKD86CA,坡道平面,780000,22.39,
RPRQMLLJKHNFFKD58CA,坡道平面,860000,22.39,
RPTQMLLJKHNFFKD78CA,坡道平面,780000,20.49,
RPSOMLTLJHNFFKD76CA,坡道平面,780000,22.39,
RPOOMLMJKHNFFAD17CA,坡道平面,1150000,33.40,
RPVNMLMLJHNFFAD87CA,坡道平面,700000,26.54,
RPWRMLSLJHNFFKD37CA,坡道平面,860000,22.39,
RPXQMLLJKHNFFKD56CA,坡道平面,780000,22.39,
RPRQMLSLJHNFFKD76CA,坡道平面,780000,22.39,
RPWPMLLJKHNFFKD98CA,坡道平面,700000,20.49,
RPTNMLSLJHNFFKD66CA,坡道平面,860000,22.39,
RPTOMLMJKHNFFAD67CA,坡道平面,1050000,33.40,
RPTOMLMJKHNFFAD67CA,坡道平面,1050000,33.40,
RPQOMLSLJHNFFKD09CA,坡道平面,860000,22.39,
RPSOMLSLJHNFFKD66CA,坡道平面,860000,22.39,
RPXNMLSLJHNFFKD07CA,坡道平面,860000,22.39,
RPUOMLSLJHNFFKD86CA,坡道平面,780000,20.49,
RPVQMLSLJHNFFKD17CA,坡道平面,780000,22.39,
RPTRMLSLJHNFFKD07CA,坡道平面,780000,22.39,
RPSOMLMLJHNFFCD87CA,坡道平面,0,22.79,
RPUOMLSKJHNFFAD38CA,坡道平面,900000,,
RPUOMLSKJHNFFAD38CA,坡道平面,900000,,
RPVOMLMJKHNFFAD87CA,坡道平面,1300000,33.40,
RPVOMLMJKHNFFAD87CA,坡道平面,1300000,33.40,
RPVPMLLMJHNFFAD08CA,坡道平面,0,,
RPWNMLMJKHNFFAD87CA,坡道平面,1150000,33.40,
RPPNMLOJKHNFFAD37CA,坡道平面,0,,
RPOOMLNLJHNFFCD67DA,坡道平面,0,,
RPOQMLLJKHNFFKD28CA,坡道平面,700000,20.49,
RPSNMLPLJHNFFID68CA,其他,0,,
RPTNMLRJKHNFFAD08CA,坡道平面,0,,
RPVQMLLJKHNFFKD98CA,坡道平面,780000,22.39,
RPUPMLLJKHNFFKD78CA,坡道平面,860000,22.39,
RPRPMLSLJHNFFKD66CA,坡道平面,880000,24.67,
RPPPMLNLJHNFFKD58CA,坡道平面,0,,
RPROMLLJKHNFFKD38CA,坡道平面,0,22.00,
RPPPMLLJKHNFFKD28CA,坡道平面,700000,20.49,
RPSQMLLJKHNFFKD68CA,坡道平面,780000,20.49,
RPTOMLSLJHNFFKD76CA,坡道平面,780000,22.39,
RPSQMLNLJHNFFAD97CA,坡道平面,0,,
RPSQMLNLJHNFFAD97CA,坡道平面,0,,
RPWNMLNLJHNFFDD38CA,升降機械,0,,
RPQPMLRJKHNFFAD97CA,坡道平面,0,,
RPWQMLLJKHNFFKD09CA,坡道平面,780000,22.39,
RPRNMLMLJHNFFID28CA,坡道平面,0,,
RPROMLSLJHNFFKD56CA,坡道平面,860000,22.39,
RPUQMLLJKHNFFKD88CA,坡道平面,780000,22.39,
RPROMLMLJHNFFID38CA,坡道平面,0,,
RPQOMLLJKHNFFKD28CA,坡道平面,0,22.00,
RPXOMLSLJHNFFKD17CA,坡道平面,780000,22.39,
RPROMLSKJHNFFCD28CA,升降機械,0,,
RPQNMLTKJHNFFID88DA,一樓平面,0,,
RPRRMLSLJHNFFKD86CA,坡道平面,780000,22.39,
RPVPMLSLJHNFFKD07CA,坡道平面,860000,22.39,
RPRNMLMLJHNFFCD67CA,坡道機械,0,,
RPPNMLQJKHNFFAD57CA,坡道平面,0,,
RPOPMLLJKHNFFKD18CA,坡道平面,700000,20.49,
RPRPMLLJKHNFFKD48CA,坡道平面,780000,22.39,
RPSRMLSLJHNFFKD96CA,坡道平面,780000,22.39,
RPWOMLSLJHNFFKD07CA,坡道平面,780000,22.39,
RPROMLPJKHNFFCD97CA,坡道平面,0,25.54,
RPROMLPJKHNFFCD97CA,坡道平面,0,25.54,
RPPOMLNLJHNFFCD67CA,坡道平面,0,9.82,
RPOOMLTKJHNFFCD08CA,坡道平面,0,,
RPTNMLQLJHNFFID88CA,坡道平面,0,,
RPSNMLMKKHNFFCD97EA,坡道平面,0,,
RPSNMLKMJHNFFCD67CA,其他,0,,
RPPOMLMJKHNFFBD37CA,坡道平面,0,32.90,
RPPOMLMJKHNFFBD37CA,坡道平面,0,34.07,
RPOQMLNLJHNFFCD77CA,坡道機械,0,,
RPPOMLMJKHNFFKD28CA,坡道平面,0,,
RPSOMLPLJHNFFHD68CA,坡道機械,450000,,
RPSNMLQJKHNFFAD08EA,坡道機械,0,,
RPPOMLTLJHNFFCD28CA,坡道平面,0,,
RPUNMLTJKHNFFBD48CA,坡道平面,0,32.90,
RPUNMLTJKHNFFBD48CA,坡道平面,0,32.90,
RPUNMLTJKHNFFBD48CA,坡道平面,0,34.07,
RPUNMLTJKHNFFBD48CA,坡道平面,0,34.07,
RPUNMLTJKHNFFBD48CA,坡道平面,0,34.07,
RPUNMLTJKHNFFBD48CA,坡道平面,0,34.07,
RPUNMLTJKHNFFBD48CA,坡道平面,0,34.07,
RPUNMLTJKHNFFBD48CA,坡道平面,0,34.07,
RPUNMLTJKHNFFBD48CA,坡道平面,0,34.07,
RPUNMLTJKHNFFBD48CA,坡道平面,0,34.07,
RPUNMLTJKHNFFBD48CA,坡道平面,0,34.07,
RPUNMLTJKHNFFBD48CA,坡道平面,0,34.07,
RPUNMLTJKHNFFBD48CA,坡道平面,0,34.07,
RPSPMLNLJHNFFCD08CA,坡道平面,0,24.43,
RPTNMLSJKHNFFAD18CA,坡道平面,0,,
RPXNMLOLJHNFFCD48CA,坡道平面,0,,
RPQNMLLJKHNFFCD37CA,坡道平面,0,,
RPRNMLKMJHNFFAD37CA,坡道平面,1100000,,
RPRNMLKMJHNFFAD37CA,坡道平面,1100000,,
RPPOMLLMJHNFFCD57CA,坡道機械,0,,
RPXNMLMLJHNFFID98DA,坡道平面,0,,
RPOOMLTJKHNFFAD87CA,坡道平面,0,15.10,
RPRPMLNLJHNFFAD77CA,坡道平面,0,,
RPRPMLNLJHNFFAD77CA,坡道平面,0,,
RPQNMLOLJHNFFHD38DA,坡道平面,0,,
RPPNMLKMJHNFFKD18CA,坡道平面,0,,
RPPNMLSJKHNFFAD77CA,坡道平面,0,,
RPSNMLQJKHNFFKD88CA,升降平面,0,,
RPUNMLRLJHNFFAD28CA,坡道平面,550000,13.40,
RPUNMLRLJHNFFAD28CA,坡道機械,550000,13.40,
RPPNMLPLJHNFFBD67CA,一樓平面,0,,
RPSOMLPLJHNFFAD97CA,坡道平面,0,,
RPVQMLNLJHNFFAD28CA,坡道平面,0,,
RPOOMLRLJHNFFDD08CA,一樓平面,0,,
RPXNMLRLJHNFFAD58CA,坡道平面,800000,,
RPVOMLRJKHNFFKD76CA,坡道平面,0,,
RPVNMLTLJHNFFKD07DA,坡道機械,0,,
RPPOMLQLJHNFFAD77CA,坡道機械,0,,
RPQQMLOLJHNFFKD88CA,坡道平面,0,,
RPUNMLOKKHNFFKD98CA,坡道平面,0,,
RPUOMLLMJHNFFAD87CA,坡道平面,0,29.39,
RPUOMLLMJHNFFAD87CA,坡道平面,0,29.39,
RPRQMLQJKHNFFCD28CA,坡道平面,0,,
RPWNMLTLJHNFFBD78CA,升降機械,0,,
RPUNMLMKKHNFFAD87DA,坡道平面,0,32.55,
RPTNMLPJKHNFFAD87CA,坡道平面,900000,,
RPTNMLPJKHNFFAD87CA,坡道平面,900000,,
RPTOMLNKKHNFFKD88CA,坡道平面,0,,
RPOOMLQLJHNFFHD38CA,一樓平面,0,,
RPOOMLQLJHNFFHD38CA,一樓平面,0,,
RPVNMLPJKHNFFHD78CA,坡道平面,0,36.72,
RPPOMLQLJHNFFHD48CA,一樓平面,0,,
RPPOMLQLJHNFFHD48CA,一樓平面,0,,
RPSNMLMLKHNFFGD28CA,升降機械,0,,
RPUOMLQJKHNFFAD18CA,坡道平面,0,,
RPQOMLMJKHNFFKD38CA,坡道平面,0,,
RPVQMLLMJHNFFAD18CA,坡道平面,0,,
RPWOMLLJKHNFFKD88CA,坡道平面,0,19.97,
RPVOMLTJKHNFFID76CA,坡道平面,0,,
RPSNMLRLJHNFFCD28CA,坡道平面,0,,
RPTOMLQLJHNFFCD38CA,坡道平面,0,,
RPXNMLLJKHNFFHD58CA,坡道平面,700000,31.43,
RPTNMLMJKHNFFID38CA,坡道平面,0,,
RPSOMLLMJHNFFCD87CA,坡道機械,0,,
RPTNMLLMJHNFFHD38CA,升降機械,0,,
RPTNMLKKKHNFFID28CA,坡道平面,0,,
RPOPMLQJKHNFFCD87CA,一樓平面,1000000,,
RPXNMLLJKHNFFCD08CA,坡道平面,0,,
RPWOMLMLKHNFFKD56CA,坡道平面,0,,
RPSOMLMKKHNFFCD87CA,坡道平面,546000,,
RPSOMLMKKHNFFCD87CA,坡道平面,546000,,
RPUNMLLJKHNFFAD57CA,坡道平面,660000,30.66,
RPPOMLLJKHNFFAD17CA,坡道平面,0,,
RPSNMLLJKHNFFCD57CA,坡道平面,0,,
RPQPMLPJKHNFFAD77CA,坡道平面,0,,
RPRNMLRJKHNFFCD08CA,坡道平面,0,,
RPWOMLNKKHNFFAD18CA,其他,700000,10.01,
RPVOMLNKKHNFFAD08CA,其他,750000,10.01,
RPVOMLMJKHNFFCD08CA,坡道平面,0,24.43,
RPTOMLNJKHNFFKD78CA,坡道平面,780000,22.39,
RPUNMLLJKHNFFHD28CA,一樓平面,0,,
RPPNMLPJKHNFFCD67CA,坡道平面,0,,
RPXNMLMJKHNFFKD98CA,坡道機械,350000,,
RPQOMLSLLHNFFAD28CA,坡道平面,0,36.72,
RPPNMLMJKHNFFAD17CA,坡道平面,640000,30.25,
RPVPMLSJKHNFFAD58CA,坡道平面,0,21.09,
RPXPMLNKKHNFFAD38CA,坡道平面,760000,31.89,
RPTOMLRJKHNFFKD56CA,坡道平面,0,35.70,
RPRPMLMJKHNFFCD77CA,坡道平面,0,24.43,
RPPSMLLLKHNFFKD78CA,坡道平面,780000,22.39,
RPUQMLLLKHNFFKD09CA,坡道平面,780000,22.39,
RPSPMLLLKHNFFKD78CA,坡道平面,780000,22.39,
RPOOMLLLKHNFFKD28CA,坡道平面,780000,22.39,
RPWOMLLLKHNFFKD09CA,坡道平面,780000,22.39,
RPTOMLLLKHNFFKD78CA,坡道平面,860000,22.39,
RPVOMLLLKHNFFKD98CA,坡道平面,860000,22.39,
RPSRMLLLKHNFFKD98CA,坡道平面,860000,22.39,
RPRNMLMLKHNFFCD77CA,坡道平面,0,,
RPXRMLLLKHNFFKD86CA,坡道平面,780000,22.39,
RPRNMLLLKHNFFKD48CA,坡道平面,780000,22.39,
RPVNMLRJKHNFFAD28CA,坡道平面,660000,31.89,
RPUOMLNLKHNFFCD28CA,坡道平面,0,,
RPORMLLLKHNFFKD58CA,坡道平面,780000,22.39,
RPRPMLLLKHNFFKD68CA,坡道平面,780000,22.39,
RPUOMLQJKHNFFCD38CA,坡道平面,0,8.93,
RPXQMLLLKHNFFKD76CA,坡道平面,780000,22.39,
RPVQMLLLKHNFFKD56CA,坡道平面,860000,22.39,
RPWQMLLLKHNFFKD66CA,坡道平面,860000,22.39,
RPQOMLLLKHNFFKD48CA,坡道平面,860000,22.39,
RPUNMLOKKHNFFID78CA,坡道平面,0,,
RPROMLTJKHNFFKD56CA,坡道機械,0,,
RPPPMLLLKHNFFKD48CA,坡道平面,860000,22.39,
RPPRMLLLKHNFFKD68CA,坡道平面,780000,22.39,
RPQNMLOLKHNFFCD87CA,坡道平面,0,27.64,
RPQNMLLLKHNFFKD38CA,坡道平面,780000,22.39,
RPPOMLLLKHNFFKD38CA,坡道平面,780000,22.39,
RPRSMLLLKHNFFKD98CA,坡道平面,780000,22.39,
RPTOMLMLKHNFFCD08CA,坡道平面,1200000,,
RPQRMLLLKHNFFKD78CA,坡道平面,860000,22.39,
RPWNMLLLKHNFFKD98CA,坡道平面,780000,22.39,
RPUPMLLLKHNFFKD98CA,坡道平面,860000,22.39,
RPXNMLRJKHNFFAD48CA,坡道平面,660000,31.89,
RPTNMLRJKHNFFCD28CA,升降平面,0,,
RPRNMLOLKHNFFCD97CA,坡道平面,0,27.64,
RPRNMLMLKHNFFKD58CA,坡道平面,780000,22.39,
RPVSMLLLKHNFFKD76CA,坡道平面,700000,20.49,
RPQNMLMLKHNFFKD48CA,坡道平面,780000,22.39,
RPWSMLLLKHNFFKD86CA,坡道平面,780000,22.39,
RPRPMLRJKHNFFAD08CA,坡道平面,0,,
RPPNMLMLKHNFFKD38CA,坡道平面,780000,22.39,
RPSOMLSJKHNFFAD18CA,坡道平面,0,,
RPQOMLSJKHNFFAD08DA,坡道平面,0,,
RPUSMLLLKHNFFKD66CA,坡道平面,860000,22.39,
RPPPMLNKKHNFFCD77CA,坡道平面,0,27.64,
RPSNMLOLKHNFFCD08CA,坡道平面,0,24.87,
RPTNMLMLKHNFFKD78CA,坡道平面,780000,22.39,
RPTPMLNKKHNFFKD98CA,坡道平面,0,,
RPPNMLSJKHNFFHD48CA,一樓平面,0,,
RPPNMLSJKHNFFHD48CA,一樓平面,0,,
RPTPMLRJKHNFFAD28CA,坡道平面,0,,
RPXNMLQLKHNFFCD78CA,升降機械,0,,
RPPNMLSJKHNFFBD87CA,一樓平面,0,,
RPUNMLNKKHNFFKD88CA,坡道平面,0,22.00,
RPSNMLPJLHNFFAD87CA,坡道平面,1000000,36.05,
RPSNMLPJLHNFFAD87CA,坡道平面,1000000,27.34,
RPSNMLPJLHNFFAD87CA,坡道平面,1000000,27.34,
RPVNMLMLKHNFFKD98CA,坡道平面,0,,
RPRPMLMJLHNFFAD67CA,坡道平面,950000,27.34,
RPRPMLMJLHNFFAD67CA,坡道平面,950000,27.34,
RPSOMLMKKHNFFKD68CA,坡道平面,0,22.00,
RPWOMLMKKHNFFAD08CA,坡道平面,800000,26.54,
RPSPMLMKKHNFFAD77CA,坡道機械,0,,
RPQNMLPJLHNFFAD67CA,坡道平面,950000,27.34,
RPQNMLPJLHNFFAD67CA,坡道平面,950000,27.34,
RPPOMLSJLHNFFKD98CA,坡道平面,0,28.27,
RPXOMLNKKHNFFKD66CA,坡道平面,800000,,
RPTNMLPJLHNFFCD18CA,坡道平面,0,24.87,
RPQQMLNKKHNFFAD77CA,坡道平面,0,,
RPSNMLLLJIMFFCD67CA,坡道平面,0,,
RPSNMLLLJIMFFCD67CA,坡道平面,0,,
RPTOMLOJKIMFFCD08CA,坡道平面,950000,40.00,
RPPNMLNJKIMFFCD47CA,坡道平面,1050000,40.00,
RPSOMLNLJIMFFKD78CA,坡道平面,0,,
RPOPMLQKJIMFFCD87CA,坡道平面,0,,
RPQNMLNJKIMFFCD57CA,坡道平面,1350000,40.00,
RPQNMLNJKIMFFCD57CA,坡道平面,1350000,40.00,
RPSNMLNJKIMFFCD77CA,坡道平面,950000,40.00,
RPUNMLNJKIMFFCD97CA,坡道平面,1150000,40.00,
RPXNMLKMJIMFFKD98CA,坡道平面,0,,
RPPNMLLLJIMFFKD18CA,坡道平面,0,,
RPTOMLNLJIMFFCD08CA,坡道平面,0,41.10,
RPOQMLLLJIMFFBD47CA,一樓平面,0,,
RPSNMLMLJIMFFHD28CA,坡道機械,0,,
RPVNMLRKJIMFFAD28CA,坡道平面,930000,,
RPVNMLRKJIMFFAD28CA,坡道平面,930000,,
RPRNMLNJKIMFFAD47CA,坡道平面,0,,
RPUOMLOJKIMFFKD98CA,坡道平面,0,,
RPVOMLRKJIMFFAD38CA,坡道平面,300000,39.31,
RPWOMLMLJIMFFAD18DA,一樓平面,0,,
RPRQMLMLJIMFFAD77CA,坡道平面,0,27.73,
RPQQMLMLJIMFFAD67CA,坡道平面,0,32.55,
RPTOMLMKKIMFFAD77CA,坡道機械,0,,
RPUOMLNLJIMFFCD18CA,坡道機械,0,,
RPWNMLOLJIMFFCD38CA,坡道平面,0,,
RPVPMLMLJIMFFKD09CA,坡道平面,680000,30.25,
RPVNMLMLJIMFFID78DA,坡道平面,0,,
RPROMLRLJIMFFAD08CA,坡道平面,0,29.08,
RPQNMLPLJIMFFAD67CA,坡道平面,0,,
RPPNMLOLJIMFFAD47CA,坡道機械,800000,16.31,
RPUOMLSKKIMFFKD86CA,坡道平面,0,,
RPWNMLSLJIMFFAD58CA,坡道平面,0,,
RPVNMLSLJIMFFAD58DA,坡道平面,0,,
RPTOMLSJKIMFFCD48CA,坡道平面,0,38.56,
RPWQMLKMJIMFFAD18CA,坡道機械,0,,
RPXNMLSLJIMFFCD88CA,坡道平面,1000000,,
RPSNMLSLJIMFFAD18CA,坡道平面,960000,30.66,
RPUOMLSJKIMFFCD58CA,坡道平面,0,38.56,
RPVOMLLJKIMFFAD77CA,坡道平面,400000,,
RPVOMLSLJIMFFAD58CA,坡道平面,0,,
RPORMLTLJIMFFCD48CA,坡道平面,0,,
RPVNMLNJKIMFFCD08CA,坡道平面,670000,40.00,
RPVNMLNJKIMFFCD08CA,坡道平面,620000,37.98,
RPVNMLNJKIMFFCD08CA,坡道平面,670000,40.00,
RPVNMLNJKIMFFCD08CA,坡道平面,670000,40.00,
RPVNMLNJKIMFFCD08CA,坡道平面,620000,37.98,
RPVNMLNJKIMFFCD08CA,坡道平面,620000,37.98,
RPQNMLSLJIMFFDD28CA,其他,0,,
RPUNMLKLKIMFFCD87CA,坡道平面,0,25.33,
RPUOMLOJKIMFFCD18CA,坡道平面,1350000,40.00,
RPVOMLOJKIMFFCD28CA,坡道平面,1000000,38.00,
RPVOMLOJKIMFFCD28CA,坡道平面,1050000,40.00,
RPSNMLRLJIMFFDD38CA,坡道機械,0,,
RPWOMLOJKIMFFCD38CA,坡道平面,1050000,40.00,
RPWOMLOJKIMFFCD38CA,坡道平面,1150000,40.00,
RPWNMLTLJIMFFKD07CA,坡道機械,0,,
RPOPMLQLKIMFFCD08CA,坡道平面,0,,
RPOPMLQLKIMFFCD08CA,坡道平面,0,,
RPXOMLOJKIMFFCD48CA,坡道平面,1350000,40.00,
RPXNMLKLKIMFFCD18CA,坡道平面,0,25.33,
RPPPMLLJKIMFFAD27CA,坡道平面,0,,
RPSPMLSLJIMFFAD38CA,坡道平面,1200000,33.80,
RPSPMLSLJIMFFAD38CA,坡道平面,1200000,33.80,
RPSNMLNKKIMFFAD67CA,坡道平面,0,49.17,
RPOOMLNJKIMFFCD47CA,坡道平面,1350000,40.00,
RPROMLQJKIMFFAD87CA,坡道平面,1000000,24.87,
RPWNMLRJKIMFFKD76CA,坡道平面,0,,
RPSNMLNJKIMFFAD57CA,坡道平面,0,,
RPRNMLTKKIMFFKD56CA,坡道平面,0,,
RPQPMLTLJIMFFAD28CA,坡道平面,0,,
RPQNMLLLKIMFFCD57CA,坡道平面,0,,
RPUNMLRJKIMFFAD18CA,坡道平面,800000,26.54,
RPSNMLLJKIMFFBD47CA,一樓平面,0,,
RPSNMLPJKIMFFCD97CA,坡道平面,0,,
RPRNMLRJKIMFFAD87CA,坡道平面,760000,31.89,
RPQNMLRJKIMFFAD77CA,坡道平面,760000,31.89,
RPSNMLQLKIMFFAD08CA,坡道平面,0,,
RPQNMLNJKIMFFKD38CA,坡道平面,600000,,
RPQQMLLJKIMFFAD47CA,坡道機械,0,,
RPVNMLOJKIMFFKD98CA,坡道平面,0,,
RPPOMLSJKIMFFAD87CA,坡道平面,660000,30.66,
RPOOMLLJKIMFFCD27CA,坡道平面,0,,
RPSOMLPJKIMFFAD87CA,坡道平面,1300000,33.42,
RPPNMLOJKIMFFBD47CA,一樓平面,0,,
RPRNMLQJKIMFFID58CA,一樓平面,0,28.13,
RPRNMLLKKIMFFID18CA,坡道平面,0,,
RPUNMLPJKIMFFID78CA,一樓平面,0,,
RPTNMLOJKIMFFHD48CA,一樓平面,0,,
RPTNMLOJKIMFFHD48CA,一樓平面,0,,
RPQNMLPJJHNFFCD77DA,坡道平面,0,,
RPSNMLPKKIMFFBD97CA,坡道平面,160000,,
RPWOMLQLKIMFFCD78CA,升降機械,0,,
RPPOMLPJKIMFFKD58CA,一樓平面,0,,
RPQOMLTKKIMFFCD38CA,坡道平面,0,,
RPPNMLQJKIMFFCD77CA,坡道平面,0,,
RPQNMLMKKIMFFCD57CA,坡道平面,0,,
RPOQMLQJKIMFFCD97CA,坡道機械,0,,
RPQNMLQJKIMFFAD67CA,坡道平面,0,,
RPOOMLLKKIMFFAD17CA,坡道平面,960000,31.89,
RPXOMLKLKIMFFCD28CA,坡道平面,1100000,,
RPPOMLPLKIMFFAD77CA,升降機械,300000,17.57,
RPUOMLSLKIMFFCD78CA,坡道平面,0,35.54,
RPPNMLNLKIMFFKD48CA,坡道平面,0,,
RPVPMLLKKIMFFAD97CA,升降機械,0,,
RPQNMLMKKIMFFBD47CA,一樓平面,0,,
RPTOMLTKKIMFFAD48CA,坡道平面,0,,
RPXOMLMKKIMFFBD28CA,坡道機械,0,,
RPRNMLSJKIMFFAD97CA,坡道平面,960000,,
RPRNMLSJKIMFFAD97CA,坡道平面,960000,,
RPPNMLMKKIMFFBD37CA,一樓平面,0,,
RPPPMLMKKIMFFKD48CA,坡道平面,0,,
RPROMLTKKIMFFAD28CA,坡道平面,1000000,36.02,
RPROMLSJKIMFFCD28CA,坡道平面,1100000,,
RPROMLMKKIMFFDD87CA,升降機械,179000,,
RPPNMLKKKIMFFCD27CA,坡道平面,0,,
RPVQMLRLKIMFFAD78CA,坡道平面,0,,
RPPNMLMKKIMFFHD97CA,一樓平面,0,,
RPPNMLMKKIMFFHD97CA,一樓平面,0,,
RPWNMLLKKIMFFKD98DA,一樓平面,700000,12.10,
RPQNMLKLKIMFFAD27CA,坡道平面,0,,
RPVPMLOKKIMFFAD28CA,坡道平面,0,,
RPTNMLLKKIMFFKD68DA,坡道平面,0,,
RPPPMLLKKIMFFAD37CA,坡道平面,660000,30.66,
RPSNMLSJKIMFFDD38CA,坡道平面,0,,
RPXOMLTKKIMFFCD09CA,坡道平面,0,,
RPOOMLTLKIMFFAD08CA,坡道平面,950000,33.40,
RPOOMLQLKIMFFCD18EA,坡道平面,0,,
RPSOMLTLKIMFFKD86CA,坡道平面,0,30.25,
RPXNMLTLKIMFFAD88CA,坡道平面,1150000,33.40,
RPXNMLTLKIMFFAD88CA,坡道平面,1150000,33.40,
RPQNMLOLKIMFFID48CA,坡道平面,0,,
RPROMLTLKIMFFAD38CA,坡道平面,950000,33.40,
RPSNMLLKKIMFFCD67CA,坡道平面,0,,
RPWNMLQLKIMFFHD56CA,坡道平面,550000,,
RPOOMLPLKIMFFAD67CA,升降機械,300000,17.57,
RPRPMLPJJHNFFCD97CA,坡道平面,0,35.54,
RPRNMLOKKIMFFBD77CA,坡道平面,0,,
RPQOMLLKKIMFFKD48DA,坡道平面,0,,
RPTNMLSKKIMFFAD28CA,坡道機械,0,,
RPPOMLPLKIMFFKD88DA,一樓平面,0,,
RPXNMLQLKIMFFAD58CA,坡道機械,0,,
RPWNMLQLKIMFFKD86CA,坡道平面,0,,
RPSPMLOJJHNFFAD77CA,坡道平面,0,28.34,
RPSNMLRKKIMFFKD09CA,一樓平面,0,,
RPQOMLPKKIMFFAD77CA,坡道平面,1200000,44.77,
RPQOMLPKKIMFFAD77CA,坡道平面,1200000,44.77,
RPPPMLOKKIMFFAD77DA,坡道平面,0,,
RPPOMLPKKIMFFAD67CA,坡道平面,1100000,44.77,
RPPOMLPKKIMFFAD67CA,坡道平面,1100000,44.77,
RPQOMLTKKIMFFAD18CA,坡道平面,1100000,38.74,
RPSOMLOJJHNFFHD38CA,坡道平面,700000,31.43,
RPROMLPKKIMFFAD87CA,坡道平面,1200000,44.77,
RPROMLPKKIMFFAD87CA,坡道平面,1200000,44.77,
RPVNMLOKKIMFFBD18CA,一樓平面,0,,
RPWOMLOKKIMFFHD98CA,一樓平面,0,,
RPWOMLOKKIMFFHD98CA,一樓平面,0,,
RPUNMLSJJHNFFCD38CA,坡道平面,0,25.33,
RPVOMLSKKIMFFAD58CA,坡道平面,0,,
RPUNMLOKKIMFFAD97CA,坡道平面,0,,
RPROMLSLKIMFFID09CA,坡道平面,0,,
RPTNMLPKKIMFFAD97CA,坡道平面,0,,
RPUOMLPKKIMFFAD18CA,坡道平面,0,,
RPVNMLSJJHNFFCD48CA,坡道平面,0,25.33,
RPTOMLTLKIMFFCD78CA,坡道平面,1500000,,
RPTOMLTLKIMFFCD78CA,坡道平面,1500000,,
RPVOMLPKKIMFFAD28CA,坡道平面,0,27.73,
RPXOMLSKKIMFFAD78CA,坡道平面,0,,
RPUNMLSLKIMFFAD48CA,坡道平面,0,29.89,
RPUNMLSLKIMFFAD48CA,坡道平面,0,29.89,
RPUNMLSLKIMFFAD48CA,坡道平面,0,29.89,
RPUNMLSLKIMFFAD48CA,坡道平面,0,29.89,
RPPNMLRKKIMFFCD97CA,坡道平面,1000000,,
RPXNMLMJJHNFFAD87CA,坡道平面,1000000,36.02,
RPXNMLMJJHNFFAD87CA,坡道平面,1000000,36.02,
RPWNMLSJJHNFFCD58CA,坡道平面,0,50.65,
RPXNMLLKJHNFFCD08CA,坡道平面,0,25.33,
RPTOMLOJJHNFFHD48CA,坡道平面,700000,31.43,
RPSOMLMJJHNFFAD47CA,坡道平面,0,47.02,
RPXOMLPJJHNFFAD38DA,坡道平面,0,,
RPUPMLQKJHNFFKD66CA,坡道平面,0,28.27,
RPSOMLMKJHNFFKD58CA,坡道平面,0,28.27,
RPSOMLTJJHNFFCD38CA,坡道平面,0,,
RPQOMLLKJHNFFCD47CA,坡道平面,0,22.98,
RPUNMLTJJHNFFKD66CA,坡道機械,0,,
RPUNMLMLKIMFFKD88CA,升降機械,0,,
RPTPMLQKJHNFFKD56CA,坡道平面,0,39.88,
RPQNMLQKJHNFFCD87CA,坡道平面,0,41.10,
RPTNMLTJJHNFFKD56CA,坡道平面,0,,
RPTOMLMKJHNFFKD68CA,坡道平面,0,28.27,
RPSNMLTJJHNFFKD09CA,坡道平面,0,,
RPPOMLLKJHNFFCD37CA,坡道平面,0,25.33,
RPPNMLKLKIMFFHD87CA,一樓平面,0,,
RPPNMLKLKIMFFHD87CA,一樓平面,0,,
RPVNMLTJJHNFFKD76CA,坡道平面,0,,
RPRNMLTKKIMFFID98CA,坡道平面,0,,
RPXNMLTKKIMFFKD17CA,坡道機械,0,,
RPPNMLQLKIMFFAD77CA,坡道平面,660000,31.89,
RPWNMLRLKIMFFAD58CA,坡道平面,0,,
RPWNMLRLKIMFFAD58CA,坡道平面,0,,
RPWNMLRLKIMFFAD58CA,坡道平面,0,,
RPTOMLTKKIMFFKD86CA,坡道平面,600000,,
RPUNMLTLKIMFFCD78CA,坡道平面,0,,
RPTNMLQLKIMFFCD38CA,坡道平面,0,,
RPXNMLKLKIMFFBD08CA,一樓平面,0,,
RPQNMLMJJHNFFAD17CA,坡道平面,0,,
RPOOMLMLKIMFFKD38CA,坡道機械,0,,
RPPNMLPKJHNFFHD18CA,坡道平面,1000000,,
RPSNMLKKJHNFFCD47CA,坡道平面,1100000,,
RPXNMLLLKIMFFKD09CA,坡道平面,0,,
RPXOMLRLKIMFFAD78CA,坡道平面,0,36.37,
RPXOMLRLKIMFFAD78CA,坡道平面,0,36.37,
RPXNMLNJJHNFFAD97CA,坡道平面,1200000,30.14,
RPRNMLOJJHNFFAD47CA,坡道機械,0,,
RPQNMLLLKIMFFBD47CA,一樓平面,0,,
RPTNMLLLKIMFFAD67CA,坡道平面,0,,
RPVPMLRLKIMFFAD68CA,坡道平面,800000,19.64,
RPQNMLQJJHNFFCD77CA,坡道平面,0,,
RPQOMLMLKIMFFAD57CA,升降平面,0,,
RPWNMLSJJHNFFKD76CA,坡道平面,0,,
RPRNMLMKJHNFFCD57CA,坡道平面,0,,
RPQOMLMKJHNFFCD57CA,坡道平面,1100000,,
RPOPMLRLKIMFFAD97CA,坡道機械,0,16.66,
RPUNMLMJJHNFFAD57CA,坡道平面,0,,
RPPOMLKLKIMFFBD37CA,坡道機械,0,,
RPRNMLLLKIMFFID28CA,坡道平面,0,,
RPROMLMLKIMFFCD87CA,坡道機械,0,,
RPUOMLSLKIMFFKD96CA,坡道平面,0,,
RPXNMLMLKIMFFAD18CA,一樓平面,0,11.19,
RPUNMLRLKIMFFAD38CA,坡道平面,0,,
RPSNMLPLKIMFFAD97CA,坡道平面,0,,
RPPOMLPKJHNFFAD57CA,坡道機械,0,10.49,
RPWNMLOJJHNFFGD68DA,坡道機械,0,,
RPTOMLLLKIMFFHD48CA,升降機械,0,,
RPVNMLPLKIMFFCD48CA,坡道平面,1400000,29.78,
RPVNMLPLKIMFFCD48CA,坡道平面,1400000,29.78,
RPPOMLSLKIMFFAD08CA,坡道平面,0,,
RPXNMLSLKIMFFAD88DA,坡道平面,0,,
RPRNMLSLKIMFFKD56CA,坡道平面,0,,
RPXNMLMKJHNFFKD98CA,坡道平面,0,28.27,
RPSQMLRLKIMFFAD48CA,坡道平面,0,,
RPPPMLQLKIMFFAD97CA,坡道平面,0,,
RPQPMLQLKIMFFKD09CA,坡道平面,0,,
RPRPMLQLKIMFFKD56CA,坡道平面,0,,
RPRNMLQLKIMFFBD08CA,坡道機械,0,,
RPVNMLMJJHNFFDD97CA,升降機械,0,,
RPVNMLMJJHNFFAD67CA,坡道平面,800000,,
RPTOMLOJJHNFFKD78CA,坡道平面,0,,
RPPQMLQLKIMFFKD09CA,坡道平面,0,,
RPQPMLQLKIMFFCD28CA,坡道平面,0,,
RPOOMLMKJHNFFKD18CA,坡道平面,0,28.27,
RPVOMLSLKIMFFKD07CA,坡道機械,0,,
RPROMLSLKIMFFCD48CA,坡道機械,0,,
RPWNMLQKJHNFFKD66CA,坡道平面,0,35.70,
RPOOMLOLJHNFFCD67CA,坡道平面,0,35.54,
RPOOMLOLJHNFFCD67CA,坡道平面,0,35.54,
RPSNMLNJJHNFFAD47CA,坡道平面,0,,
RPPPMLMLJHNFFCD77DA,升降機械,0,,
RPVNMLSLKIMFFKD96CA,坡道機械,600000,,
RPOPMLKKJHNFFAD07CA,坡道平面,0,,
RPPNMLQJJHNFFKD48CA,坡道機械,0,,
RPPNMLOJJHNFFCD47CA,升降機械,0,,
RPOOMLNJJHNFFAD17CA,坡道平面,850000,,
RPTOMLKKJHNFFAD47CA,坡道平面,0,,
RPOQMLMLJHNFFCD67CA,坡道機械,700000,,
RPPOMLRKJHNFFAD77CA,坡道機械,0,,
RPTOMLQKJHNFFKD09CA,坡道平面,0,22.00,
RPXNMLPJJHNFFAD18CA,坡道平面,600000,27.59,
RPQQMLMLJHNFFCD87CA,坡道平面,0,,
RPWNMLLLJHNFFHD58CA,一樓平面,900000,21.75,
RPQOMLSLKIMFFKD56CA,坡道平面,0,,
RPWOMLRKJHNFFAD48CA,坡道平面,600000,49.17,
RPXOMLMKJHNFFAD08CA,坡道平面,0,,
RPPNMLRJJHNFFCD77CA,其他,0,,
RPUOMLSJJHNFFAD28CA,坡道平面,0,,
RPWQMLQKJHNFFKD96CA,升降機械,0,,
RPOOMLSJJHNFFKD68CA,坡道平面,0,,
RPPNMLRJJHNFFAD57CA,坡道平面,800000,,
RPSNMLPJJHNFFKD68CA,坡道平面,0,,
RPSPMLSJJHNFFCD38CA,坡道平面,0,,
RPPOMLTLJHNFFAD08CA,坡道平面,950000,33.40,
RPPOMLTLJHNFFAD08CA,坡道平面,950000,33.40,
RPVNMLTKJHNFFKD86CA,坡道平面,0,,
RPOOMLLKJHNFFHD77CA,一樓平面,0,,
RPQOMLTLJHNFFAD18CA,坡道平面,950000,33.40,
RPROMLOJJHNFFID38CA,一樓平面,0,,
RPSOMLTLJHNFFAD38CA,坡道平面,1150000,33.40,
RPSOMLTLJHNFFAD38CA,坡道平面,1150000,33.40,
RPTNMLQJJHNFFAD87CA,坡道平面,0,,
RPPNMLRJKHNFFKD78DA,坡道平面,0,,
RPXNMLMLJHNFFKD09CA,坡道平面,1000000,,
RPXOMLLJKHNFFCD18CA,坡道平面,0,,
RPVOMLQKJHNFFHD98CA,坡道機械,450000,,
RPQOMLPKJHNFFHD38CA,坡道機械,450000,,
RPXNMLMLJHNFFAD08CA,坡道平面,0,31.86,
RPXNMLMLJHNFFAD08CA,坡道平面,0,31.86,
RPSOMLSJJHNFFCD28CA,坡道平面,0,24.43,
RPQNMLMKJHNFFCD47CA,坡道平面,0,,
RPROMLQJJHNFFAD77CA,坡道平面,1200000,32.55,
RPUPMLPKJHNFFAD18CA,坡道平面,850000,30.14,
RPXNMLTLJHNFFKD17CA,坡道平面,0,,
RPQOMLLKJHNFFHD97CA,一樓平面,0,,
RPOOMLSKJHNFFAD77CA,坡道平面,860000,31.89,
RPWNMLSKJHNFFAD48CA,坡道平面,960000,31.89,
RPSOMLTJJHNFFKD56CA,坡道平面,0,,
RPROMLPKJHNFFHD48CA,坡道平面,850000,,
RPROMLPKJHNFFHD48CA,坡道機械,450000,,
RPVOMLLMJHNFFAD97CA,坡道平面,1300000,29.39,
RPPOMLSJKHNFFID68CA,一樓平面,0,,
RPTOMLPKJHNFFKD98CA,坡道平面,0,27.01,
RPOPMLLMJHNFFAD37CA,坡道平面,0,29.39,
RPOPMLLMJHNFFAD37CA,坡道平面,0,29.39,
RPWOMLQKJHNFFHD09CA,坡道機械,550000,,
RPTNMLRKJHNFFID98DA,坡道平面,0,,
RPQPMLPKJHNFFAD87DA,坡道平面,0,,
RPQNMLTKJHNFFKD98CA,坡道平面,0,24.30,
RPUNMLSKJHNFFCD48CA,一樓平面,0,,
RPPOMLOLJHNFFAD67DA,坡道平面,0,,
RPPNMLRKJHNFFHD38CA,一樓平面,0,,
RPPNMLRKJHNFFHD38CA,一樓平面,0,,
RPVOMLMLJHNFFCD18CA,坡道平面,0,24.43,
RPPPMLOLJHNFFKD68CA,坡道平面,0,24.30,
RPQNMLPJKHNFFAD57CA,坡道平面,800000,,
RPPNMLOJKHNFFCD57CA,坡道平面,0,25.33,
RPQNMLOJKHNFFCD67CA,坡道平面,0,25.33,
RPVPMLLJKHNFFID68CA,坡道平面,0,,
RPQPMLQLJHNFFHD68CA,坡道機械,450000,,
RPVNMLKMJHNFFCD97CA,坡道平面,0,,
RPVOMLQJKHNFFCD48CA,坡道平面,1000000,,
RPVNMLSJKHNFFKD76CA,坡道平面,0,28.27,
RPRNMLNKKHNFFCD77CA,升降機械,0,,
RPTPMLNKKHNFFCD18CA,坡道機械,0,,
RPUPMLSJKHNFFAD48CA,坡道平面,0,,
RPUPMLSJKHNFFAD48CA,坡道平面,0,,
RPUPMLSJKHNFFAD48CA,坡道平面,0,,
RPOOMLMJKHNFFCD37CA,坡道平面,0,24.43,
RPRPMLMLKHNFFAD77CA,坡道平面,0,,
RPXNMLTJKHNFFCD88CA,坡道平面,0,24.43,
RPWOMLMKKHNFFCD28CA,坡道機械,600000,,
RPQNMLOJKIMFFAD47CA,坡道平面,0,27.83,
RPXNMLRKJIMFFAD48CA,坡道平面,660000,31.89,
RPQOMLOLJIMFFCD87CA,坡道機械,0,,
RPOPMLLLJIMFFHD97CA,坡道平面,950000,,
RPPPMLSJKIMFFKD98CA,坡道平面,0,28.27,
RPQPMLSJKIMFFKD09CA,坡道平面,0,28.27,
RPVPMLMLJIMFFAD08CA,坡道平面,860000,31.89,
RPRNMLLLJIMFFAD37CA,坡道平面,0,34.69,
RPSNMLRLJIMFFCD28CA,坡道平面,0,,
RPOQMLMLJIMFFAD47CA,坡道平面,660000,31.89,
RPVNMLSJKIMFFCD58CA,坡道平面,0,25.33,
RPXNMLSJKIMFFCD78CA,坡道平面,0,25.33,
RPTNMLRJKIMFFCD28CA,坡道平面,0,,
RPQQMLQKJIMFFKD98CA,坡道平面,0,,
RPSOMLKLJIMFFCD67CA,升降機械,0,,
RPPNMLKLJIMFFKD08CA,坡道機械,0,,
RPQNMLLLJIMFFHD97CA,一樓平面,0,,
RPQNMLLLJIMFFHD97CA,一樓平面,0,,
RPSPMLRLJIMFFKD66CA,坡道平面,0,,
RPSPMLRLJIMFFKD66CA,坡道機械,0,,
RPTOMLKLJIMFFAD57CA,坡道機械,0,,
RPWPMLLJKIMFFAD97CA,坡道平面,1200000,38.74,
RPTPMLLJKIMFFAD67CA,坡道平面,1100000,38.74,
RPTPMLLJKIMFFAD67CA,坡道平面,1200000,32.97,
RPQRMLKMJIMFFAD67CA,坡道平面,1000000,33.80,
RPOPMLLJKIMFFAD17CA,坡道平面,1300000,38.74,
RPUNMLRKJIMFFCD38CA,坡道平面,0,,
RPQPMLLJKIMFFAD37CA,坡道平面,1100000,38.74,
RPVPMLLJKIMFFAD87CA,坡道平面,1200000,38.74,
RPTOMLRKJIMFFKD56CA,坡道平面,0,,
RPRPMLQKJIMFFAD97CA,坡道平面,0,,
RPXNMLKLJIMFFCD08CA,坡道平面,0,,
RPVNMLPKJIMFFKD09CA,坡道平面,0,,
RPOOMLPKJIMFFAD47CA,坡道平面,0,33.42,
RPQOMLRKJIMFFAD87CA,坡道機械,0,,
RPPNMLLLJIMFFAD17CA,升降平面,0,,
RPPPMLTLJIMFFCD38CA,坡道平面,0,38.56,
RPPNMLMLJIMFFDD57CA,一樓平面,0,,
RPWNMLRKJIMFFAD38CA,坡道平面,900000,,
RPWNMLRKJIMFFAD38CA,坡道平面,900000,,
RPSOMLSJLHNFFKD76DA,坡道平面,0,28.27,
RPQPMLKLJIMFFCD57CA,坡道平面,0,,
RPQPMLKLJIMFFCD57CA,坡道平面,0,,
RPVNMLLLJIMFFBD87CA,一樓平面,0,,
RPRNMLRJKIMFFCD08CA,坡道機械,0,,
RPPOMLLLJIMFFKD28CA,坡道機械,0,,
RPPOMLKLJIMFFCD37CA,坡道機械,0,,
RPXNMLNLJIMFFKD56CA,坡道平面,0,,
RPQOMLRKJIMFFKD88CA,坡道平面,0,,
RPUNMLLJKIMFFCD77CA,其他,0,,
RPPOMLSLJIMFFKD98CA,坡道平面,0,,
RPUOMLRKJIMFFAD28CA,坡道機械,0,,
RPVOMLRLJIMFFKD86CA,坡道平面,0,,
RPPOMLRJKIMFFAD77CA,坡道平面,0,,
RPQNMLQLJIMFFCD97CA,坡道平面,0,,
RPPOMLMLJIMFFKD38CA,坡道平面,0,,
RPUOMLLLJIMFFCD97CA,坡道平面,0,,
RPQOMLOLJIMFFKD68CA,坡道機械,0,,
RPUNMLMLJIMFFCD97CA,一樓平面,0,,
RPUNMLMKKIMFFKD78CA,坡道機械,0,,
RPUNMLMKKIMFFKD78CA,坡道機械,0,,
RPUNMLOKKIMFFHD68CA,一樓平面,0,,
RPPNMLOKKIMFFHD18CA,一樓平面,0,,
RPXNMLOKKIMFFHD98CA,一樓平面,0,,
RPTNMLOKKIMFFHD58CA,一樓平面,0,,
RPSNMLOKKIMFFHD48CA,一樓平面,0,,
RPQNMLOKKIMFFHD28CA,一樓平面,0,,
RPRNMLLLJIMFFCD57CA,坡道平面,0,,
RPWNMLOKKIMFFHD88CA,一樓平面,0,,
RPVOMLNKKIMFFHD78CA,一樓平面,0,,
RPVNMLOKKIMFFHD78CA,一樓平面,0,,
RPRNMLOKKIMFFHD38CA,一樓平面,0,,
RPOPMLOKKIMFFAD57CA,坡道平面,950000,33.40,
RPOPMLOKKIMFFAD57CA,坡道平面,950000,33.40,
RPQPMLOKKIMFFAD77CA,坡道平面,1050000,33.40,
RPTPMLTLJIMFFAD58CA,坡道平面,1000000,32.55,
RPRNMLQLJIMFFAD87CA,坡道平面,1200000,28.33,
RPQPMLOKKIMFFKD78CA,坡道平面,0,28.27,
RPSNMLOKKIMFFAD77CA,坡道平面,950000,33.40,
RPPNMLOKKIMFFAD47CA,坡道平面,1050000,33.40,
RPXOMLOKKIMFFKD76CA,坡道平面,0,28.27,
RPWOMLOKKIMFFAD28CA,坡道平面,1150000,33.40,
RPPOMLLJKHNFFKD28DA,坡道平面,0,,
RPOOMLOKKIMFFAD47CA,坡道平面,1050000,33.40,
RPWNMLLJKIMFFCD97CA,坡道平面,0,,
RPVOMLOKKIMFFAD18CA,坡道平面,950000,33.40,
RPXOMLOKKIMFFAD38CA,坡道平面,1050000,33.40,
RPXNMLMKKIMFFAD08CA,坡道平面,1100000,33.40,
RPXNMLMKKIMFFAD08CA,坡道平面,1100000,33.40,
RPQNMLOKKIMFFAD57CA,坡道平面,1050000,33.40,
RPOPMLOKKIMFFKD58CA,坡道平面,0,28.27,
RPWOMLLLKIMFFAD08CA,坡道平面,950000,27.34,
RPWOMLLLKIMFFAD08CA,坡道平面,950000,27.34,
RPXOMLOLJIMFFKD76CA,升降機械,0,,
RPSOMLLKKIMFFKD58CA,坡道平面,0,,
RPRPMLLLKIMFFAD67CA,坡道平面,1000000,23.58,
RPRPMLLLKIMFFAD67CA,坡道平面,1050000,27.34,
RPQPMLLLKIMFFAD57CA,坡道平面,1000000,36.05,
RPQPMLLLKIMFFAD57CA,坡道平面,950000,27.34,
RPUOMLLLKIMFFAD87CA,坡道平面,1100000,27.34,
RPUOMLLLKIMFFAD87CA,坡道平面,1100000,27.34,
RPROMLLLKIMFFAD57CA,坡道平面,1300000,23.58,
RPROMLLLKIMFFAD57CA,坡道平面,1300000,23.58,
RPOOMLOKKIMFFHD18CA,一樓平面,0,,
RPSNMLPLJIMFFAD87CA,坡道平面,0,,
RPTNMLOKKIMFFAD87CA,坡道平面,1050000,33.40,
RPXNMLOKKIMFFAD28CA,坡道平面,1050000,33.40,
RPSPMLLLKIMFFAD77CA,坡道平面,1050000,27.34,
RPSPMLLLKIMFFAD77CA,坡道平面,1050000,27.34,
RPSPMLLLKIMFFAD77CA,坡道平面,1050000,27.34,
RPQPMLOLJIMFFAD77CA,坡道平面,0,,
RPQNMLPLJIMFFKD68CA,坡道平面,0,,
RPOPMLLLKIMFFAD37CA,坡道平面,950000,27.34,
RPOPMLLLKIMFFAD37CA,坡道平面,950000,27.34,
RPXOMLLLKIMFFAD18CA,坡道平面,950000,27.34,
RPXOMLLLKIMFFAD18CA,坡道平面,950000,27.34,
RPPPMLPJKIMFFAD67CA,坡道平面,0,26.54,
RPPNMLPLJIMFFKD58CA,坡道平面,0,,
RPSOMLSJKIMFFCD38CA,坡道平面,0,38.56,
RPOOMLLJKIMFFBD17CA,其他,0,,
RPUNMLMKKIMFFHD48CA,坡道平面,700000,31.43,
RPWQMLTLJIMFFCD56CA,坡道平面,700000,,
RPSNMLMKKIMFFHD28CA,坡道平面,700000,31.43,
RPWNMLRJKHNFFKD86DA,坡道平面,0,,
RPWNMLMKKIMFFHD68CA,坡道平面,0,,
RPOOMLPJKIMFFAD47CA,坡道平面,0,,
RPOOMLRLJIMFFAD77CA,坡道平面,0,36.02,
RPUOMLSLJIMFFCD68CA,坡道平面,0,,
RPVNMLMKKIMFFHD58CA,坡道平面,700000,31.43,
RPSOMLRLJIMFFAD18CA,坡道機械,0,,
RPPPMLSLJIMFFCD28CA,坡道平面,0,12.98,
RPPPMLSLJIMFFCD28CA,坡道平面,0,12.98,
RPXNMLNJKIMFFCD28CA,坡道平面,1250000,40.00,
RPOOMLSLJIMFFAD87CA,坡道平面,0,,
RPRNMLOLJHNFFCD87CA,坡道平面,0,,
RPRNMLOLJHNFFCD87CA,坡道平面,0,,
RPTOMLSKKIMFFAD38CA,坡道平面,0,,
RPVNMLLJKIMFFCD87CA,坡道平面,800000,,
RPRQMLQJKIMFFCD28CA,坡道平面,0,,
RPUNMLOKKIMFFBD08CA,坡道機械,300000,,
RPVOMLPKKIMFFCD48CA,坡道平面,0,,
RPVOMLPKKIMFFCD48CA,坡道平面,0,,
RPWNMLKMJIMFFAD87CA,坡道平面,0,33.85,
RPWNMLKMJIMFFAD87CA,坡道平面,0,33.85,
RPWNMLKMJIMFFAD87CA,坡道平面,0,33.85,
RPVNMLRJKIMFFAD28CA,坡道平面,760000,30.66,
RPXNMLRJKIMFFAD48CA,坡道平面,760000,30.66,
RPPOMLTKKIMFFAD08CA,坡道平面,1000000,36.02,
RPOOMLSKKIMFFAD87CA,坡道平面,0,,
RPWNMLQLKIMFFBD58CA,坡道機械,0,,
RPWNMLLJKIMFFBD87CA,一樓平面,0,,
RPSOMLRJKIMFFAD08CA,坡道平面,0,,
RPROMLOJKIMFFKD68CA,一樓平面,0,,
RPPNMLQJKIMFFAD57CA,坡道平面,1300000,27.73,
RPQNMLKKKIMFFHD87CA,坡道平面,0,,
RPXPMLQJKIMFFCD78CA,坡道平面,1200000,,
RPPNMLTJKIMFFID68CA,一樓平面,800000,18.20,
RPVNMLLLKIMFFKD88CA,坡道機械,0,,
RPVNMLLLKIMFFKD88CA,坡道機械,0,,
RPPQMLQJKIMFFCD08CA,坡道平面,1000000,,
RPPOMLOKKIMFFHD28CA,一樓平面,0,,
RPWOMLPJKIMFFAD28CA,坡道平面,0,37.84,
RPWNMLLLKIMFFAD97CA,坡道平面,800000,,
RPUOMLRJKIMFFAD28CA,一樓平面,0,,
RPWNMLRJKIMFFCD58CA,坡道平面,1000000,,
RPROMLMKKIMFFKD58CA,坡道平面,0,,
RPROMLMKKIMFFKD58CA,坡道平面,0,,
RPRNMLMKKIMFFBD57CA,一樓平面,0,,
RPVNMLSJKIMFFKD76CA,坡道機械,0,,
RPXNMLLKKIMFFKD98CA,一樓平面,0,,
RPRNMLTLKIMFFAD28CA,坡道平面,1050000,33.40,
RPPOMLLLKIMFFAD37CA,坡道平面,1200000,30.14,
RPRNMLPKKIMFFCD97CA,坡道平面,0,,
RPPNMLMKKIMFFCD47CA,坡道平面,0,,
RPSOMLSKKIMFFAD38DA,升降機械,0,7.71,
RPOOMLQLKIMFFAD77CA,坡道平面,0,,
RPQNMLNKKIMFFCD77DA,升降機械,0,,
RPPNMLKMKIMFFKD28CA,坡道平面,0,,
RPXNMLTKKIMFFGD76CA,坡道平面,0,,
RPUQMLMKKIMFFCD28CA,坡道機械,0,,
RPPNMLSLKIMFFAD97CA,坡道平面,660000,30.66,
RPSPMLTLKIMFFAD58CA,坡道平面,1150000,27.34,
RPSPMLTLKIMFFAD58CA,坡道平面,1150000,27.34,
RPPPMLTLKIMFFAD28CA,坡道平面,950000,27.34,
RPPPMLTLKIMFFAD28CA,坡道平面,950000,27.34,
RPTNMLLLKIMFFCD87CA,坡道平面,0,,
RPTNMLLLKIMFFCD87CA,坡道平面,0,,
RPTNMLLLKIMFFCD87CA,坡道平面,0,,
RPUOMLOJJHNFFKD88CA,坡道平面,0,,
RPQOMLSLKIMFFHD88CA,坡道平面,0,,
RPOPMLSKKIMFFAD97CA,坡道平面,0,,
RPPOMLMKJHNFFCD47CA,坡道平面,1100000,,
RPTPMLQKJHNFFHD88CA,一樓平面,900000,21.75,
RPWOMLPKJHNFFAD28CA,坡道平面,1050000,27.34,
RPWOMLPKJHNFFAD28CA,坡道平面,1150000,27.34,
RPWOMLPKJHNFFAD28CA,坡道平面,1150000,27.34,
RPRNMLRKJHNFFHD58CA,一樓平面,1000000,21.75,
RPQPMLMLKIMFFCD87CA,坡道平面,0,24.43,
RPVNMLSLKIMFFAD58CA,其他,0,,
RPTOMLPJJHNFFID68CA,一樓平面,0,,
RPVNMLMKJHNFFKD78CA,坡道平面,0,28.27,
RPWNMLTKJHNFFKD07DA,升降機械,0,,
RPWNMLTKJHNFFKD07DA,升降機械,0,,
RPWNMLTKJHNFFKD07DA,升降機械,0,,
RPWNMLTKJHNFFKD07DA,升降機械,0,,
RPWNMLTKJHNFFKD07DA,升降機械,0,,
RPWNMLTKJHNFFKD07DA,升降機械,0,,
RPRNMLQLKIMFFAD97CA,升降機械,0,,
RPSNMLMJJHNFFKD38CA,坡道平面,0,,
RPQPMLOJJHNFFAD57CA,坡道平面,0,,
RPWOMLOJJHNFFCD28CA,坡道平面,0,24.43,
RPROMLKMJHNFFAD47CA,坡道平面,1050000,27.34,
RPROMLKMJHNFFAD47CA,坡道平面,1050000,27.34,
RPPPMLPJJHNFFCD77CA,坡道平面,0,24.43,
RPPOMLLLJHNFFHD97CA,一樓平面,900000,21.75,
RPRPMLLKJHNFFKD48CA,坡道機械,0,,
RPSPMLNKJHNFFHD48CA,坡道機械,450000,,
RPORMLQKJHNFFAD87CA,升降機械,400000,,
RPUOMLTJKHNFFCD68CA,升降機械,0,,
RPTNMLLLJIMFFGD18CA,一樓平面,0,,
RPVNMLLLJIMFFGD38CA,一樓平面,0,,
RPSNMLLLJIMFFGD08CA,一樓平面,0,,
RPOOMLLLJIMFFGD77CA,一樓平面,0,,
RPRNMLLLJIMFFGD97CA,一樓平面,0,,
RPXNMLLLJIMFFGD58CA,一樓平面,0,,
RPQNMLLLJIMFFGD87CA,一樓平面,0,,
RPPOMLLLJIMFFGD87CA,一樓平面,0,,
RPPOMLLLJIMFFGD87CA,一樓平面,0,,
RPVOMLSJKIMFFKD86CA,坡道平面,0,28.27,
RPQNMLSKJIMFFCD08CA,坡道平面,0,,
RPQOMLLLJIMFFGD97CA,一樓平面,0,,
RPQOMLLLJIMFFGD97CA,一樓平面,0,,
RPTOMLLLJIMFFGD28CA,一樓平面,0,,
RPSOMLLLJIMFFGD18CA,一樓平面,0,,
RPUOMLLLJIMFFGD38CA,一樓平面,0,,
RPQNMLRKJIMFFKD78CA,坡道機械,0,,
RPQNMLRKJIMFFKD78CA,坡道機械,0,,
RPWOMLMLJIMFFCD28CA,其他,0,,
RPTNMLTLJIMFFHD09CA,坡道平面,750000,,
RPUNMLNKKIMFFHD58CA,坡道平面,900000,,
RPQOMLOKKIMFFKD68CA,坡道平面,0,24.30,
RPXOMLTLJIMFFKD27CA,坡道平面,0,,
RPRNMLSLJIMFFBD18CA,一樓平面,0,,
RPPNMLKMJIMFFHD87CA,一樓平面,0,,
RPPNMLKMJIMFFHD87CA,一樓平面,0,,
RPSOMLOKKIMFFKD88CA,坡道平面,0,39.88,
RPROMLOKKIMFFKD78CA,坡道平面,0,28.27,
RPTOMLOKKIMFFKD98CA,坡道平面,0,28.27,
RPPNMLLJKIMFFGD67CA,一樓平面,0,,
RPOOMLLLKIMFFCD47CA,一樓平面,0,,
RPOOMLOKKIMFFKD48CA,坡道平面,0,28.27,
RPVNMLOKKIMFFKD09CA,坡道平面,0,28.27,
RPPOMLOKKIMFFKD58CA,坡道平面,0,28.27,
RPXNMLOKKIMFFKD66CA,坡道平面,0,28.27,
RPUNMLOKKIMFFKD98CA,坡道平面,0,28.27,
RPUNMLOJKIMFFBD97CA,一樓平面,0,,
RPROMLRLKIMFFAD18CA,坡道機械,0,,
RPQOMLPJKIMFFGD28CA,一樓平面,0,,
RPPNMLMKKIMFFGD87CA,一樓平面,0,,
RPUOMLOJJHNFFHD58CA,坡道平面,700000,31.43,
RPUOMLOJJHNFFHD58CA,坡道平面,700000,31.43,
RPXNMLPKJHNFFCD48CA,坡道平面,0,,
RPXNMLRKJHNFFHD56CA,一樓平面,1000000,21.75,
RPSNMLMJJHNFFGD97CA,坡道平面,0,,
RPVNMLTJJHNFFHD09CA,坡道機械,450000,,
RPVOMLOJJHNFFCD18CA,坡道平面,0,24.43,
RPXOMLOJJHNFFCD38CA,坡道平面,0,24.43,
RPPNMLOLJHNFFAD47CA,坡道平面,0,,
RPPNMLOLJHNFFAD47CA,坡道機械,0,,
RPWOMLNKJHNFFHD78CA,坡道平面,850000,,
RPXNMLMLJHNFFCD28CA,坡道平面,0,24.43,
RPPPMLNKKHNFFID38CA,坡道平面,0,,
RPSOMLSJKIMFFKD56CA,坡道平面,0,28.27,
RPTOMLSJKIMFFKD66CA,坡道平面,0,28.27,
RPWNMLLLJIMFFBD97CA,一樓平面,0,,
RPSNMLLLJIMFFBD57CA,一樓平面,0,,
RPOOMLLLJIMFFBD27CA,一樓平面,0,,
RPQOMLLLJIMFFHD08CA,一樓平面,0,,
RPQOMLLLJIMFFHD08CA,一樓平面,0,,
RPXNMLLLKIMFFAD08CA,坡道平面,1050000,27.34,
RPXNMLLLKIMFFAD08CA,坡道平面,1050000,27.34,
RPSNMLOKKIMFFKD78CA,坡道平面,0,28.27,
RPPNMLRLJIMFFBD87CA,一樓平面,0,,
RPOOMLPJKIMFFCD67CA,坡道平面,0,,
RPOOMLPJKIMFFCD67CA,坡道平面,0,,
RPUNMLLJKIMFFBD67CA,一樓平面,0,,
RPVNMLLJKIMFFBD77CA,一樓平面,0,,
RPXPMLMKKIMFFCD48CA,坡道平面,0,24.43,
RPSNMLMKKIMFFBD67CA,一樓平面,0,,
RPPNMLMKJHNFFCD37CA,坡道平面,1100000,,
RPPNMLQKJHNFFAD57CA,坡道平面,0,,
RPRNMLLLJHNFFHD08CA,一樓平面,1000000,21.75,
RPQOMLMKJHNFFAD37CA,坡道平面,1600000,27.34,
RPQOMLMKJHNFFAD37CA,坡道平面,1600000,27.34,
RPTNMLPKJHNFFAD87CA,坡道平面,1200000,29.39,
RPOPMLMJJHNFFCD37CA,坡道機械,0,,
RPTNMLPLJHNFFAD97CA,坡道平面,0,29.39,
RPTNMLPLJHNFFAD97CA,坡道平面,0,29.39,
RPTNMLPLJHNFFAD97CA,坡道平面,0,29.39,
RPQPMLNLJHNFFKD68CA,坡道平面,0,28.27,
RPROMLMLJHNFFCD77CA,坡道平面,0,24.43,
RPVNMLSLJIMFFHD56CA,坡道平面,0,,
RPPNMLOJKIMFFAD37CA,升降平面,0,,
RPPOMLPJJHNFFAD47CA,坡道平面,1200000,30.14,
RPSNMLRKJHNFFHD68CA,一樓平面,1000000,21.75,
RPVNMLRKJHNFFHD98CA,一樓平面,1000000,21.75,
RPOOMLOJJHNFFCD47CA,坡道平面,0,24.43,
RPWOMLSJJHNFFCD68CA,坡道平面,0,24.43,
RPPOMLSKJHNFFAD87CA,坡道平面,960000,30.66,
RPTNMLLLJHNFFHD28CA,一樓平面,1000000,21.75,
RPUOMLTLJIMFFCD78CA,坡道平面,0,24.43,
RPQPMLMKKIMFFCD77CA,坡道平面,0,24.43,
RPROMLOJJHNFFCD77CA,坡道平面,0,24.43,
RPVOMLNKJHNFFHD68CA,坡道機械,450000,,
RPOQMLNKKHNFFAD57CA,坡道平面,1200000,30.14,
RPUOMLKLJIMFFCD87CA,坡道平面,0,24.43,
RPVOMLTLJIMFFCD88CA,坡道平面,0,24.43,
RPXOMLTLJIMFFCD09CA,坡道平面,0,24.43,
RPPNMLQJKIMFFKD58CA,坡道平面,0,,
RPQQMLLKKIMFFCD77CA,坡道平面,0,24.43,
RPQOMLMKKIMFFCD67CA,坡道平面,0,24.43,
RPSNMLMLKIMFFCD87CA,坡道平面,0,24.43,
RPTOMLMKJHNFFHD38CA,坡道平面,850000,,
RPOPMLMLKIMFFCD67CA,坡道平面,0,24.43,
RPTNMLNKKHNFFCD97CA,坡道機械,0,,
RPWNMLTLJIMFFCD88CA,坡道平面,0,24.43,
RPSPMLMKKIMFFCD97CA,坡道平面,0,24.43,
RPQOMLRLKIMFFCD28CA,坡道平面,0,22.79,
RPVOMLLKJHNFFHD48CA,坡道機械,450000,,
RPTNMLMLKIMFFCD97CA,坡道平面,0,24.43,
RPUNMLMJKHNFFCD87CA,坡道平面,0,24.43,
RPWPMLKLKIMFFAD08CA,坡道平面,1400000,38.74,
RPWPMLKLKIMFFAD08CA,坡道平面,1300000,32.97,
RPOPMLMKKIMFFCD57CA,坡道平面,0,24.43,
RPWNMLOJJHNFFCD18CA,坡道平面,0,24.43,
RPXOMLNKJHNFFHD88CA,坡道機械,450000,,
RPPOMLMLKIMFFCD67CA,坡道平面,0,24.43,
RPXOMLMKKIMFFCD38CA,坡道平面,0,24.43,
RPSNMLLLJHNFFHD18CA,一樓平面,1000000,21.75,
RPVNMLSJJHNFFID09CA,一樓平面,0,,
RPUNMLLLJHNFFHD38CA,一樓平面,900000,21.75,
RPTNMLMKKHNFFCD87CA,坡道平面,0,,
RPOOMLLLJIMFFCD37CA,坡道平面,0,24.43,
RPSOMLLLJIMFFCD77CA,坡道平面,0,24.43,
RPROMLLLJIMFFCD67CA,坡道平面,0,24.43,
RPQOMLTJJHNFFHD68CA,坡道機械,450000,,
RPXNMLOJJHNFFCD28CA,坡道平面,0,24.43,
RPRNMLPKJHNFFAD67CA,坡道平面,0,29.39,
RPRNMLPKJHNFFAD67CA,坡道平面,0,29.39,
RPUNMLPLJHNFFAD08CA,坡道平面,0,29.39,
RPUNMLPLJHNFFAD08CA,坡道平面,0,29.39,
RPUNMLLLJIMFFCD87CA,坡道平面,0,24.43,
RPVNMLNLJHNFFCD18CA,一樓平面,0,,
RPVNMLNLJHNFFCD18CA,一樓平面,0,,
RPSNMLKKJHNFFID08CA,一樓平面,0,,
RPTNMLKKJHNFFID18CA,一樓平面,0,,
RPPOMLQLJHNFFID58CA,一樓平面,0,,
RPPNMLKKKHNFFHD77CA,坡道平面,850000,,
RPWNMLLLJIMFFCD08CA,坡道平面,0,24.43,
RPPQMLLKKIMFFCD67CA,坡道平面,0,24.43,
SPUNMLNLJHNFFCD18CA,一樓平面,0,,
SPUNMLNLJHNFFCD18CA,一樓平面,0,,
SPUNMLNLJHNFFCD18CA,一樓平面,0,,
RPPNMLSJJHNFFID48CA,一樓平面,0,,
RPUNMLNLJHNFFCD08CA,一樓平面,0,,
RPUNMLNLJHNFFCD08CA,一樓平面,0,,
RPUNMLNLJHNFFCD08CA,一樓平面,0,,
RPVNMLOJJHNFFCD08CA,坡道平面,0,24.43,
RPPPMLNLJHNFFCD77CA,坡道平面,0,24.43,
RPSNMLSJJHNFFID78CA,一樓平面,0,,
RPWOMLMLKIMFFCD38CA,坡道平面,0,24.43,
RPVNMLLLJHNFFHD48CA,一樓平面,900000,21.75,
RPOOMLLLJHNFFHD87CA,一樓平面,900000,21.75,
RPXNMLLLJHNFFHD68CA,一樓平面,900000,21.75,
RPVNMLLLJIMFFCD97CA,坡道平面,0,24.43,
RPPNMLPKJHNFFID28CA,一樓平面,0,,
RPPPMLMKKIMFFCD67CA,坡道平面,0,24.43,
RPQOMLSJJHNFFID68CA,一樓平面,0,,
RPUOMLPJJHNFFID78CA,一樓平面,0,,
RPTOMLTLJIMFFCD68CA,坡道平面,0,24.43,
RPUNMLMLKIMFFCD08CA,坡道平面,0,24.43,
RPROMLLKJHNFFAD47DA,坡道平面,0,,
RPROMLLKJHNFFAD47DA,坡道平面,0,,
RPROMLLKJHNFFAD47DA,坡道平面,0,,
RPROMLLKJHNFFAD47DA,坡道平面,0,,
RPROMLLKJHNFFAD47DA,坡道平面,0,,
RPROMLLKJHNFFAD47DA,坡道平面,0,,
RPROMLLKJHNFFAD47DA,坡道平面,0,,
RPROMLLKJHNFFAD47DA,坡道平面,0,,
RPROMLLKJHNFFAD47DA,坡道平面,0,,
RPROMLLKJHNFFAD47DA,坡道平面,0,,
RPROMLLKJHNFFAD47DA,坡道平面,0,,
RPROMLLKJHNFFAD47DA,坡道平面,0,,
RPWOMLTLJIMFFCD98CA,坡道平面,0,24.43,
RPTNMLLJKHNFFID28CA,一樓平面,0,,
RPQNMLTJJHNFFHD58CA,坡道機械,550000,,
RPVOMLMKJHNFFHD58CA,坡道平面,850000,,
RPPOMLOJJHNFFCD57CA,坡道平面,0,24.43,
RPROMLTJJHNFFHD78CA,坡道機械,550000,,
RPVNMLMLJHNFFCD08CA,坡道平面,0,24.43,
RPQNMLMLKIMFFCD67CA,坡道平面,0,24.43,
RPVNMLPLKIMFFKD66CA,坡道平面,0,35.70,
RPRQMLPKJHNFFAD97CA,坡道平面,0,24.80,
RPRQMLPKJHNFFAD97CA,坡道平面,0,24.80,
RPQOMLNJKHNFFCD67CA,坡道機械,0,,
RPROMLMKKIMFFCD77CA,坡道平面,0,24.43,
RPVNMLNKJHNFFHD58CA,坡道機械,450000,,
RPVNMLQLJHNFFCD48CA,坡道平面,0,24.43,
RPPOMLTJJHNFFHD58CA,坡道機械,550000,,
RPOOMLMKJHNFFHD87CA,坡道機械,550000,,
RPPPMLLKJHNFFHD97CA,坡道機械,550000,,
RPSOMLNKJHNFFHD38CA,坡道機械,450000,,
RPROMLTJJHNFFCD28CA,坡道平面,0,24.43,
RPQOMLMJLHNFFCD67CA,塔式車位,0,,
RPPOMLPKJHNFFHD28CA,坡道機械,450000,,
RPWPMLNKJHNFFHD88CA,坡道機械,550000,,
RPTOMLQLJHNFFHD88CA,坡道機械,450000,,
RPPOMLLLJIMFFCD47CA,坡道平面,0,24.43,
RPTOMLOLJHNFFCD18CA,坡道平面,0,,
RPSOMLMLKIMFFCD97CA,坡道平面,0,24.43,
RPWNMLTLJHNFFCD88CA,坡道平面,0,,
RPXNMLTLJHNFFCD98CA,升降機械,0,,
RPROMLNJKHNFFCD77CA,坡道平面,0,,
RPVOMLOLJHNFFCD38CA,坡道機械,0,,
RPQPMLOLJHNFFCD97CA,升降機械,0,,
RPVOMLQLJHNFFHD09CA,坡道機械,550000,,
RPSNMLTJKHNFFCD38CA,坡道機械,0,,
RPUNMLTJKHNFFCD58CA,升降機械,0,,
RPVNMLNKKHNFFCD18CA,坡道平面,0,,
RPWOMLMJKHNFFCD18CA,坡道平面,0,24.43,
RPRNMLLJLHNFFCD57CA,塔式車位,0,,
RPPOMLRLKHNFFCD18CA,坡道平面,0,,
RPQOMLRLKHNFFCD28CA,坡道平面,0,,
RPXNMLRLKHNFFCD88CA,坡道機械,0,,
RPRNMLTJJHNFFHD68CA,坡道機械,450000,,
RPXOMLLKJHNFFHD68CA,坡道機械,450000,,
RPOPMLOLJHNFFCD77CA,坡道平面,0,,
RPOOMLTLJHNFFCD18CA,坡道平面,0,,
RPTOMLNKKHNFFCD08CA,坡道平面,0,,
RPXOMLMLKIMFFCD48CA,坡道平面,0,24.43,
RPTNMLNJKHNFFCD87CA,升降機械,0,,
RPTOMLPLJHNFFHD78CA,坡道機械,550000,,
RPPPMLQLJHNFFHD58CA,坡道機械,550000,,
RPRNMLTJKHNFFCD28CA,升降機械,0,,
RPQNMLLLJIMFFCD47CA,坡道平面,0,24.43,
RPQNMLLJLHNFFCD47CA,塔式車位,0,,
RPTOMLMLKIMFFCD08CA,坡道平面,0,24.43,
RPTOMLLKJHNFFHD28CA,坡道機械,550000,,
RPPOMLQLKIMFFCD08CA,坡道平面,0,24.43,
RPUOMLLKJHNFFHD38CA,坡道機械,550000,,
RPSOMLMKJHNFFHD28CA,坡道機械,550000,,
RPWNMLNKJHNFFHD68CA,坡道機械,550000,,
UPUNMLKKKHNFFHD58CA,坡道機械,550000,,
SPUNMLKKKHNFFHD38CA,坡道機械,450000,,
TPUNMLKKKHNFFHD48CA,坡道機械,450000,,
RPUNMLKKKHNFFHD28CA,坡道機械,550000,,
RPOPMLNKKIMFFCD67CA,坡道平面,0,22.79,
RPVPMLMKKIMFFCD28CA,坡道平面,0,22.79,
RPRNMLMLKIMFFCD77CA,坡道平面,0,24.43,
RPQOMLMLKIMFFCD77CA,坡道平面,0,22.79,
RPXNMLTJJHNFFHD66CA,坡道機械,550000,,
RPUNMLTJJHNFFHD98CA,坡道機械,550000,,
RPUOMLMLKIMFFCD18CA,坡道平面,0,24.43,
RPSOMLLKJHNFFHD18CA,坡道機械,550000,,
RPOOMLTJJHNFFHD48CA,坡道機械,450000,,
RPROMLLKJHNFFHD08CA,坡道機械,550000,,
RPPOMLRLKIMFFCD18CA,坡道平面,0,24.43,
RPOPMLLKJHNFFHD87CA,坡道機械,550000,,
RPWOMLLKJHNFFHD58CA,坡道機械,450000,,
RPUPMLNKJHNFFHD68CA,坡道機械,550000,,
RPRPMLNKJHNFFHD38CA,坡道平面,850000,,
RPQOMLMKJHNFFHD08CA,坡道平面,850000,,
RPQNMLOLJHNFFCD77CA,坡道平面,0,,
RPQNMLOLJHNFFCD77CA,坡道平面,0,,
RPQPMLNKJHNFFHD28CA,坡道機械,550000,,
RPUOMLPKJHNFFHD78CA,坡道機械,550000,,
RPUOMLPLJHNFFHD88CA,坡道機械,450000,,
RPUOMLQLJHNFFHD98CA,坡道機械,450000,,
RPOPMLQLJHNFFHD48CA,坡道機械,450000,,
RPQOMLLLJIMFFCD57CA,坡道平面,0,24.43,
RPPOMLTLJIMFFCD28CA,坡道平面,0,24.43,
RPUNMLTLJIMFFCD68CA,坡道平面,0,,
RPUNMLTLJIMFFCD68CA,坡道平面,0,,
RPXNMLTLJIMFFCD98CA,坡道平面,0,22.79,
RPRPMLMKKIMFFCD87CA,坡道平面,0,22.79,
RPVOMLSJJHNFFCD58CA,坡道平面,0,24.43,
RPQNMLOKKIMFFCD77CA,坡道平面,0,22.79,
RPVNMLMLKIMFFCD18CA,坡道平面,0,22.79,
RPSPMLNKKIMFFCD08CA,坡道平面,0,22.79,
RPVOMLMLKIMFFCD28CA,坡道平面,0,22.79,
RPQOMLMLKHNFFAD57CA,坡道平面,1050000,24.80,
RPQOMLMLKHNFFAD57CA,坡道平面,1050000,24.80,
RPVNMLMJKHNFFCD97CA,坡道平面,0,22.79,
RPQOMLOJJHNFFCD67CA,坡道平面,0,22.79,
RPTOMLSJJHNFFCD38CA,坡道平面,0,22.79,
RPPPMLMLKIMFFCD77CA,坡道平面,0,22.79,
RPTOMLMJKHNFFCD87CA,坡道平面,0,22.79,
RPXNMLKKJHNFFCD97CA,坡道平面,0,,
RPPPMLMJKHNFFCD57CA,坡道平面,0,24.43,
RPQNMLPKJHNFFAD57CA,坡道平面,0,29.39,
RPQNMLPKJHNFFAD57CA,坡道平面,0,29.39,
RPPOMLTLJHNFFHD78CA,坡道平面,850000,,
RPQNMLMJJHNFFHD87CA,坡道平面,850000,,
RPOQMLPKJHNFFAD67CA,坡道平面,0,24.80,
RPVQMLOKKIMFFKD76CA,坡道平面,0,35.70,
RPVQMLOKKIMFFKD76CA,坡道機械,0,17.85,
RPXPMLPKJHNFFAD48CA,坡道平面,0,24.80,
RPXPMLPKJHNFFAD48CA,坡道平面,0,24.80,
RPWPMLPKJHNFFAD38CA,坡道平面,0,24.80,
RPWPMLPKJHNFFAD38CA,坡道平面,0,24.80,
RPPQMLPKJHNFFAD77CA,坡道平面,0,24.80,
RPPQMLPKJHNFFAD77CA,坡道平面,0,24.80,
RPUNMLQKJHNFFKD09CA,坡道平面,0,35.70,
RPUNMLQKJHNFFKD09CA,坡道機械,0,17.85,
RPORMLOKKIMFFKD78CA,坡道平面,0,35.70,
RPUQMLOKKIMFFKD66CA,坡道平面,0,35.70,
RPUQMLOKKIMFFKD66CA,坡道平面,0,35.70,
RPWNMLPKJHNFFKD56CA,坡道平面,0,35.70,
RPOOMLMLKHNFFAD37CA,坡道平面,1000000,24.80,
RPUNMLTKJHNFFAD38CA,坡道平面,1200000,33.80,
RPUNMLTKJHNFFAD38CA,坡道平面,1200000,33.80,
RPPRMLOKKIMFFKD88CA,坡道平面,0,35.70,
RPPRMLOKKIMFFKD88CA,坡道機械,0,17.85,
RPQNMLSKJHNFFAD87CA,坡道平面,800000,26.54,
RPSNMLMLJHNFFHD28CA,坡道平面,750000,,
RPTNMLMLJHNFFHD38CA,坡道平面,850000,,
RPWNMLNKKIMFFHD78CA,坡道平面,850000,,
RPSNMLMJJHNFFHD08CA,坡道平面,850000,,
RPSPMLLLKHNFFAD77CA,坡道平面,1400000,38.74,
RPRNMLQKJHNFFKD78CA,坡道平面,0,35.70,
RPQOMLTLJHNFFHD88CA,坡道平面,800000,,
SPQOMLRJKHNFFKD98CA,坡道平面,0,35.70,
SPQOMLRJKHNFFKD98CA,坡道機械,0,17.85,
RPXNMLNKKIMFFAD18CA,坡道平面,1100000,38.74,
RPQOMLNKKIMFFAD57CA,坡道平面,1200000,38.74,
RPQOMLRJKHNFFKD88CA,坡道平面,0,35.70,
RPOOMLRJKHNFFKD68CA,坡道平面,0,35.70,
RPTPMLOKKIMFFKD09CA,坡道平面,0,35.70,
RPROMLNKKIMFFAD67CA,坡道平面,1300000,38.74,
RPROMLNKKIMFFAD67CA,坡道平面,1300000,38.74,
RPRNMLOLKIMFFAD77CA,坡道平面,1100000,38.74,
RPRNMLOLKIMFFAD77CA,坡道平面,1200000,38.74,
RPVNMLOLKIMFFAD18CA,坡道平面,1100000,38.74,
RPVNMLOLKIMFFAD18CA,坡道平面,1100000,38.74,
RPXNMLOLKIMFFAD38CA,坡道平面,1200000,38.74,
RPWNMLOLKIMFFAD28CA,坡道平面,1100000,38.74,
RPWNMLOLKIMFFAD28CA,坡道平面,1300000,38.74,
RPUOMLNKKIMFFAD97CA,坡道平面,1200000,38.74,
RPSOMLNKKIMFFAD77CA,坡道平面,1300000,38.74,
RPSOMLNKKIMFFAD77CA,坡道平面,1000000,32.97,
RPTNMLOLKIMFFAD97CA,坡道平面,1100000,38.74,
RPTNMLOLKIMFFAD97CA,坡道平面,1300000,38.74,
RPTOMLNKKIMFFAD87CA,坡道平面,1100000,38.74,
RPVOMLNKKIMFFAD08CA,坡道平面,1100000,38.74,
RPVOMLNKKIMFFAD08CA,坡道平面,1100000,38.74,
RPTNMLRJJHNFFAD97CA,坡道平面,1300000,38.74,
RPTNMLRJJHNFFAD97CA,坡道平面,1200000,32.97,
RPSNMLRJJHNFFAD87CA,坡道平面,1400000,38.74,
RPSNMLRJJHNFFAD87CA,坡道平面,1400000,38.74,
RPUNMLRJJHNFFAD08CA,坡道平面,1200000,38.74,
RPUNMLRJJHNFFAD08CA,坡道平面,1300000,32.97,
RPPOMLQKJHNFFKD68CA,坡道平面,0,35.70,
RPVNMLRJJHNFFAD18CA,坡道平面,1200000,38.74,
RPTNMLMJJHNFFHD18CA,坡道平面,750000,,
RPQNMLLLJHNFFAD27CA,坡道平面,1200000,38.74,
RPQNMLLLJHNFFAD27CA,坡道平面,1000000,32.97,
RPSQMLLMJHNFFAD87CA,坡道平面,1100000,38.74,
RPSQMLLMJHNFFAD87CA,坡道平面,1000000,32.97,
RPPNMLLLJHNFFAD17CA,坡道平面,1200000,38.74,
RPPNMLLLJHNFFAD17CA,坡道平面,1100000,32.97,
RPRQMLLMJHNFFAD77CA,坡道平面,1200000,38.74,
RPOOMLPJKHNFFAD47CA,坡道平面,1100000,38.74,
RPQPMLLLKHNFFAD57CA,坡道平面,1200000,38.74,
RPPOMLNKKIMFFAD47CA,坡道平面,1400000,38.74,
RPTPMLLLKHNFFAD87CA,坡道平面,1200000,32.97,
RPOOMLOLKIMFFAD57CA,坡道平面,1300000,38.74,
RPOOMLOLKIMFFAD57CA,坡道平面,1300000,38.74,
RPPOMLOLKIMFFAD67CA,坡道平面,1300000,38.74,
RPPOMLOLKIMFFAD67CA,坡道平面,1000000,32.97,
RPUNMLOLKIMFFAD08CA,坡道平面,1100000,38.74,
RPUNMLOLKIMFFAD08CA,坡道平面,1300000,38.74,
RPXNMLPLKIMFFKD86CA,坡道平面,0,35.70,
RPVNMLTLKIMFFAD68CA,坡道平面,450000,,
RPVNMLTLKIMFFAD68CA,坡道平面,450000,,
RPWNMLRJJHNFFAD28CA,坡道平面,1300000,38.74,
RPWNMLRJJHNFFAD28CA,坡道平面,1200000,32.97,
RPRNMLLLJHNFFAD37CA,坡道平面,1300000,38.74,
RPRNMLLLJHNFFAD37CA,坡道平面,1300000,38.74,
RPPNMLMLJHNFFAD27CA,坡道平面,1400000,38.74,
RPOQMLOKKIMFFKD68CA,坡道平面,0,35.70,
RPUPMLLLKHNFFAD97CA,坡道平面,1300000,38.74,
RPUPMLLLKHNFFAD97CA,坡道平面,1200000,32.97,
RPQQMLLMJHNFFAD67CA,坡道平面,1200000,38.74,
RPQQMLLMJHNFFAD67CA,坡道平面,1400000,38.74,
RPVPMLOKKIMFFKD66CA,坡道平面,0,35.70,
RPVPMLOKKIMFFKD66CA,坡道機械,0,17.85,
RPWPMLOKKIMFFKD76CA,坡道平面,0,35.70,
RPPQMLOKKIMFFKD78CA,坡道平面,0,35.70,
RPPQMLOKKIMFFKD78CA,坡道機械,0,17.85,
RPSQMLOKKIMFFKD09CA,坡道平面,0,35.70,
RPSQMLOKKIMFFKD09CA,坡道機械,0,17.85,
RPXQMLOKKIMFFKD96CA,坡道平面,0,35.70,
RPTNMLTLKIMFFAD48CA,坡道平面,900000,,
RPTNMLTLKIMFFAD48CA,坡道平面,900000,,
RPTOMLMLKHNFFAD87CA,坡道平面,1000000,,
RPTOMLMLKHNFFAD87CA,坡道平面,1000000,,
RPQNMLLKKIMFFAD27CA,坡道平面,1100000,,
RPQNMLLKKIMFFAD27CA,坡道平面,1100000,,
RPPPMLSLKIMFFAD18CA,坡道平面,1100000,,
RPPPMLSLKIMFFAD18CA,坡道平面,1100000,,
RPPNMLTLKIMFFAD08CA,坡道平面,1000000,,
RPPNMLTLKIMFFAD08CA,坡道平面,1000000,,
RPQNMLTLKIMFFAD18CA,坡道平面,740000,,
RPQNMLTLKIMFFAD18CA,坡道平面,730000,,
RPQNMLTLKIMFFAD18CA,坡道平面,730000,,
RPQPMLSLKIMFFAD28CA,坡道平面,1000000,,
RPQPMLSLKIMFFAD28CA,坡道平面,1000000,,
RPTNMLTKJHNFFAD28CA,坡道平面,1000000,33.80,
RPTNMLTKJHNFFAD28CA,坡道平面,1000000,33.80,
RPPOMLMLKHNFFAD47CA,坡道平面,1100000,,
RPPOMLMLKHNFFAD47CA,坡道平面,1100000,,
RPUOMLMLKHNFFAD97CA,坡道平面,1100000,,
RPUOMLMLKHNFFAD97CA,坡道平面,1100000,,
RPSNMLTLKIMFFAD38CA,坡道平面,1000000,,
RPSNMLTLKIMFFAD38CA,坡道平面,1000000,,
RPSOMLQJKIMFFAD97CA,坡道平面,900000,,
RPSOMLQJKIMFFAD97CA,坡道平面,900000,,
RPRNMLRLJHNFFAD97CA,坡道平面,1000000,,
RPRNMLRLJHNFFAD97CA,坡道平面,1000000,,
RPSNMLRLJHNFFAD08CA,坡道平面,1000000,,
RPSNMLRLJHNFFAD08CA,坡道平面,1000000,,
RPVPMLMLKHNFFAD18CA,坡道平面,0,,
RPVPMLMLKHNFFAD18CA,坡道平面,0,,
RPVPMLMLKHNFFAD18CA,坡道平面,0,,
RPTPMLMLKHNFFAD97CA,坡道平面,0,,
RPTPMLMLKHNFFAD97CA,坡道平面,0,,
RPVNMLKLKIMFFCD97CA,坡道平面,0,25.33,
